e00c 1 0 N.S1N01 HP1WP 1 32 14 Pa 1 1 0 1.000e+00 35.8968 141.0535 -169 0 0 N.s1n01
e00e 1 0 N.S1N01 HP2WP 1 32 14 Pa 1 1 0 1.000e+00 35.8968 141.0535 -169 0 0 N.s1n01
e01c 1 0 N.S1N02 HP1WP 1 32 14 Pa 1 1 0 1.000e+00 35.8424 141.3772 -1466 0 0 N.s1n02
e01e 1 0 N.S1N02 HP2WP 1 32 14 Pa 1 1 0 1.000e+00 35.8424 141.3772 -1466 0 0 N.s1n02
e02c 1 0 N.S1N03 HP1WP 1 32 14 Pa 1 1 0 1.000e+00 35.7203 141.6451 -2591 0 0 N.s1n03
e02e 1 0 N.S1N03 HP2WP 1 32 14 Pa 1 1 0 1.000e+00 35.7203 141.6451 -2591 0 0 N.s1n03
e03c 1 0 N.S1N04 HP1WP 1 32 14 Pa 1 1 0 1.000e+00 35.6036 141.9041 -2612 0 0 N.s1n04
e03e 1 0 N.S1N04 HP2WP 1 32 14 Pa 1 1 0 1.000e+00 35.6036 141.9041 -2612 0 0 N.s1n04
e04c 1 0 N.S1N05 HP1WP 1 32 14 Pa 1 1 0 1.000e+00 35.4047 142.0531 -5836 0 0 N.s1n05
e04e 1 0 N.S1N05 HP2WP 1 32 14 Pa 1 1 0 1.000e+00 35.4047 142.0531 -5836 0 0 N.s1n05
e05c 1 0 N.S1N06 HP1WP 1 32 14 Pa 1 1 0 1.000e+00 35.2277 141.8692 -5567 0 0 N.s1n06
e05e 1 0 N.S1N06 HP2WP 1 32 14 Pa 1 1 0 1.000e+00 35.2277 141.8692 -5567 0 0 N.s1n06
e06c 1 0 N.S1N07 HP1WP 1 32 14 Pa 1 1 0 1.000e+00 35.2773 141.5902 -3285 0 0 N.s1n07
e06e 1 0 N.S1N07 HP2WP 1 32 14 Pa 1 1 0 1.000e+00 35.2773 141.5902 -3285 0 0 N.s1n07
e07c 1 0 N.S1N08 HP1WP 1 32 14 Pa 1 1 0 1.000e+00 35.4536 141.3898 -1387 0 0 N.s1n08
e07e 1 0 N.S1N08 HP2WP 1 32 14 Pa 1 1 0 1.000e+00 35.4536 141.3898 -1387 0 0 N.s1n08
e08c 1 0 N.S1N09 HP1WP 1 32 14 Pa 1 1 0 1.000e+00 35.2270 141.3068 -1583 0 0 N.s1n09
e08e 1 0 N.S1N09 HP2WP 1 32 14 Pa 1 1 0 1.000e+00 35.2270 141.3068 -1583 0 0 N.s1n09
e09c 1 0 N.S1N10 HP1WP 1 32 14 Pa 1 1 0 1.000e+00 35.0925 141.2021 -2554 0 0 N.s1n10
e09e 1 0 N.S1N10 HP2WP 1 32 14 Pa 1 1 0 1.000e+00 35.0925 141.2021 -2554 0 0 N.s1n10
e0ac 1 0 N.S1N11 HP1WP 1 32 14 Pa 1 1 0 1.000e+00 35.1203 140.9682 -1670 0 0 N.s1n11
e0ae 1 0 N.S1N11 HP2WP 1 32 14 Pa 1 1 0 1.000e+00 35.1203 140.9682 -1670 0 0 N.s1n11
e0bc 1 0 N.S1N12 HP1WP 1 32 14 Pa 1 1 0 1.000e+00 35.0228 140.8091 -1239 0 0 N.s1n12
e0be 1 0 N.S1N12 HP2WP 1 32 14 Pa 1 1 0 1.000e+00 35.0228 140.8091 -1239 0 0 N.s1n12
e0cc 1 0 N.S1N13 HP1WP 1 32 14 Pa 1 1 0 1.000e+00 34.8788 140.9627 -2210 0 0 N.s1n13
e0ce 1 0 N.S1N13 HP2WP 1 32 14 Pa 1 1 0 1.000e+00 34.8788 140.9627 -2210 0 0 N.s1n13
e0de 1 0 N.S1N14 HP2WP 1 32 14 Pa 1 1 0 1.000e+00 34.6407 141.0907 -4861 0 0 N.s1n14
e0ec 1 0 N.S1N15 HP1WP 1 32 14 Pa 1 1 0 1.000e+00 34.5256 141.3512 -6569 0 0 N.s1n15
e0ee 1 0 N.S1N15 HP2WP 1 32 14 Pa 1 1 0 1.000e+00 34.5256 141.3512 -6569 0 0 N.s1n15
e0fc 1 0 N.S1N16 HP1WP 1 32 14 Pa 1 1 0 1.000e+00 34.3686 141.5402 -6978 0 0 N.s1n16
e0fe 1 0 N.S1N16 HP2WP 1 32 14 Pa 1 1 0 1.000e+00 34.3686 141.5402 -6978 0 0 N.s1n16
e10c 1 0 N.S1N17 HP1WP 1 32 14 Pa 1 1 0 1.000e+00 34.1956 141.3341 -6805 0 0 N.s1n17
e11c 1 0 N.S1N18 HP1WP 1 32 14 Pa 1 1 0 1.000e+00 34.2620 141.0316 -5111 0 0 N.s1n18
e11e 1 0 N.S1N18 HP2WP 1 32 14 Pa 1 1 0 1.000e+00 34.2620 141.0316 -5111 0 0 N.s1n18
e12c 1 0 N.S1N19 HP1WP 1 32 14 Pa 1 1 0 1.000e+00 34.2269 140.7311 -3274 0 0 N.s1n19
e12e 1 0 N.S1N19 HP2WP 1 32 14 Pa 1 1 0 1.000e+00 34.2269 140.7311 -3274 0 0 N.s1n19
e13c 1 0 N.S1N20 HP1WP 1 32 14 Pa 1 1 0 1.000e+00 34.2592 140.4159 -2513 0 0 N.s1n20
e13e 1 0 N.S1N20 HP2WP 1 32 14 Pa 1 1 0 1.000e+00 34.2592 140.4159 -2513 0 0 N.s1n20
e14c 1 0 N.S1N21 HP1WP 1 32 14 Pa 1 1 0 1.000e+00 34.4231 140.2030 -2869 0 0 N.s1n21
e14e 1 0 N.S1N21 HP2WP 1 32 14 Pa 1 1 0 1.000e+00 34.4231 140.2030 -2869 0 0 N.s1n21
e15c 1 0 N.S1N22 HP1WP 1 32 14 Pa 1 1 0 1.000e+00 34.6443 140.0906 -2512 0 0 N.s1n22
e15e 1 0 N.S1N22 HP2WP 1 32 14 Pa 1 1 0 1.000e+00 34.6443 140.0906 -2512 0 0 N.s1n22
e20c 1 0 N.S2N01 HP1WP 1 32 14 Pa 1 1 0 1.000e+00 37.8428 141.3845 -102 0 0 N.s2n01
e20e 1 0 N.S2N01 HP2WP 1 32 14 Pa 1 1 0 1.000e+00 37.8428 141.3845 -102 0 0 N.s2n01
e21c 1 0 N.S2N02 HP1WP 1 32 14 Pa 1 1 0 1.000e+00 37.6922 141.6387 -239 0 0 N.s2n02
e21e 1 0 N.S2N02 HP2WP 1 32 14 Pa 1 1 0 1.000e+00 37.6922 141.6387 -239 0 0 N.s2n02
e22c 1 0 N.S2N03 HP1WP 1 32 14 Pa 1 1 0 1.000e+00 37.7073 141.9650 -462 0 0 N.s2n03
e22e 1 0 N.S2N03 HP2WP 1 32 14 Pa 1 1 0 1.000e+00 37.7073 141.9650 -462 0 0 N.s2n03
e23c 1 0 N.S2N04 HP1WP 1 32 14 Pa 1 1 0 1.000e+00 37.6739 142.2975 -786 0 0 N.s2n04
e23e 1 0 N.S2N04 HP2WP 1 32 14 Pa 1 1 0 1.000e+00 37.6739 142.2975 -786 0 0 N.s2n04
e24c 1 0 N.S2N05 HP1WP 1 32 14 Pa 1 1 0 1.000e+00 37.6016 142.6236 -1781 0 0 N.s2n05
e24e 1 0 N.S2N05 HP2WP 1 32 14 Pa 1 1 0 1.000e+00 37.6016 142.6236 -1781 0 0 N.s2n05
e25c 1 0 N.S2N06 HP1WP 1 32 14 Pa 1 1 0 1.000e+00 37.5259 142.9350 -2945 0 0 N.s2n06
e25e 1 0 N.S2N06 HP2WP 1 32 14 Pa 1 1 0 1.000e+00 37.5259 142.9350 -2945 0 0 N.s2n06
e26e 1 0 N.S2N07 HP2WP 1 32 14 Pa 1 1 0 1.000e+00 37.4290 143.2266 -4767 0 0 N.s2n07
e27c 1 0 N.S2N08 HP1WP 1 32 14 Pa 1 1 0 1.000e+00 37.2220 143.0700 -4353 0 0 N.s2n08
e27e 1 0 N.S2N08 HP2WP 1 32 14 Pa 1 1 0 1.000e+00 37.2220 143.0700 -4353 0 0 N.s2n08
e29c 1 0 N.S2N10 HP1WP 1 32 14 Pa 1 1 0 1.000e+00 37.0948 142.4979 -2417 0 0 N.s2n10
e29e 1 0 N.S2N10 HP2WP 1 32 14 Pa 1 1 0 1.000e+00 37.0948 142.4979 -2417 0 0 N.s2n10
e2ac 1 0 N.S2N11 HP1WP 1 32 14 Pa 1 1 0 1.000e+00 37.1931 142.1998 -1447 0 0 N.s2n11
e2ae 1 0 N.S2N11 HP2WP 1 32 14 Pa 1 1 0 1.000e+00 37.1931 142.1998 -1447 0 0 N.s2n11
e2bc 1 0 N.S2N12 HP1WP 1 32 14 Pa 1 1 0 1.000e+00 37.2772 141.8790 -591 0 0 N.s2n12
e2be 1 0 N.S2N12 HP2WP 1 32 14 Pa 1 1 0 1.000e+00 37.2772 141.8790 -591 0 0 N.s2n12
e2cc 1 0 N.S2N13A HP1WP 1 32 14 Pa 1 1 0 1.000e+00 37.3003 141.5709 -212 0 0 N.s2n13a
e2ce 1 0 N.S2N13A HP2WP 1 32 14 Pa 1 1 0 1.000e+00 37.3003 141.5709 -212 0 0 N.s2n13a
e2dc 1 0 N.S2N14 HP1WP 1 32 14 Pa 1 1 0 1.000e+00 37.0952 141.3703 -162 0 0 N.s2n14
e2de 1 0 N.S2N14 HP2WP 1 32 14 Pa 1 1 0 1.000e+00 37.0952 141.3703 -162 0 0 N.s2n14
e2ec 1 0 N.S2N15 HP1WP 1 32 14 Pa 1 1 0 1.000e+00 36.8344 141.3307 -264 0 0 N.s2n15
e2ee 1 0 N.S2N15 HP2WP 1 32 14 Pa 1 1 0 1.000e+00 36.8344 141.3307 -264 0 0 N.s2n15
e2fc 1 0 N.S2N16 HP1WP 1 32 14 Pa 1 1 0 1.000e+00 36.6620 141.5207 -874 0 0 N.s2n16
e2fe 1 0 N.S2N16 HP2WP 1 32 14 Pa 1 1 0 1.000e+00 36.6620 141.5207 -874 0 0 N.s2n16
e30c 1 0 N.S2N17 HP1WP 1 32 14 Pa 1 1 0 1.000e+00 36.6337 141.8389 -2247 0 0 N.s2n17
e30e 1 0 N.S2N17 HP2WP 1 32 14 Pa 1 1 0 1.000e+00 36.6337 141.8389 -2247 0 0 N.s2n17
e31c 1 0 N.S2N18 HP1WP 1 32 14 Pa 1 1 0 1.000e+00 36.6824 142.1445 -2460 0 0 N.s2n18
e31e 1 0 N.S2N18 HP2WP 1 32 14 Pa 1 1 0 1.000e+00 36.6824 142.1445 -2460 0 0 N.s2n18
e33e 1 0 N.S2N20 HP2WP 1 32 14 Pa 1 1 0 1.000e+00 36.3885 142.6164 -5770 0 0 N.s2n20
e35c 1 0 N.S2N22 HP1WP 1 32 14 Pa 1 1 0 1.000e+00 35.9463 142.4014 -4492 0 0 N.s2n22
e36c 1 0 N.S2N23 HP1WP 1 32 14 Pa 1 1 0 1.000e+00 35.9677 142.1138 -3881 0 0 N.s2n23
e36e 1 0 N.S2N23 HP2WP 1 32 14 Pa 1 1 0 1.000e+00 35.9677 142.1138 -3881 0 0 N.s2n23
e37c 1 0 N.S2N24 HP1WP 1 32 14 Pa 1 1 0 1.000e+00 35.9976 141.7944 -2310 0 0 N.s2n24
e37e 1 0 N.S2N24 HP2WP 1 32 14 Pa 1 1 0 1.000e+00 35.9976 141.7944 -2310 0 0 N.s2n24
e38c 1 0 N.S2N25 HP1WP 1 32 14 Pa 1 1 0 1.000e+00 36.0729 141.5095 -1887 0 0 N.s2n25
e38e 1 0 N.S2N25 HP2WP 1 32 14 Pa 1 1 0 1.000e+00 36.0729 141.5095 -1887 0 0 N.s2n25
e39c 1 0 N.S2N26 HP1WP 1 32 14 Pa 1 1 0 1.000e+00 36.1442 141.2021 -730 0 0 N.s2n26
e39e 1 0 N.S2N26 HP2WP 1 32 14 Pa 1 1 0 1.000e+00 36.1442 141.2021 -730 0 0 N.s2n26
e40c 1 0 N.S3N01 HP1WP 1 32 14 Pa 1 1 0 1.000e+00 39.4497 142.4578 -940 0 0 N.s3n01
e40e 1 0 N.S3N01 HP2WP 1 32 14 Pa 1 1 0 1.000e+00 39.4497 142.4578 -940 0 0 N.s3n01
e41c 1 0 N.S3N02 HP1WP 1 32 14 Pa 1 1 0 1.000e+00 39.3746 142.7918 -1622 0 0 N.s3n02
e41e 1 0 N.S3N02 HP2WP 1 32 14 Pa 1 1 0 1.000e+00 39.3746 142.7918 -1622 0 0 N.s3n02
e42c 1 0 N.S3N03 HP1WP 1 32 14 Pa 1 1 0 1.000e+00 39.3231 143.1206 -1890 0 0 N.s3n03
e42e 1 0 N.S3N03 HP2WP 1 32 14 Pa 1 1 0 1.000e+00 39.3231 143.1206 -1890 0 0 N.s3n03
e43c 1 0 N.S3N04 HP1WP 1 32 14 Pa 1 1 0 1.000e+00 39.2958 143.4544 -2490 0 0 N.s3n04
e43e 1 0 N.S3N04 HP2WP 1 32 14 Pa 1 1 0 1.000e+00 39.2958 143.4544 -2490 0 0 N.s3n04
e44c 1 0 N.S3N05 HP1WP 1 32 14 Pa 1 1 0 1.000e+00 39.1906 143.7499 -4308 0 0 N.s3n05
e44e 1 0 N.S3N05 HP2WP 1 32 14 Pa 1 1 0 1.000e+00 39.1906 143.7499 -4308 0 0 N.s3n05
e45e 1 0 N.S3N06 HP2WP 1 32 14 Pa 1 1 0 1.000e+00 39.0459 143.9305 -5440 0 0 N.s3n06
e46c 1 0 N.S3N07 HP1WP 1 32 14 Pa 1 1 0 1.000e+00 38.8308 143.7846 -5231 0 0 N.s3n07
e46e 1 0 N.S3N07 HP2WP 1 32 14 Pa 1 1 0 1.000e+00 38.8308 143.7846 -5231 0 0 N.s3n07
e47c 1 0 N.S3N08 HP1WP 1 32 14 Pa 1 1 0 1.000e+00 38.7826 143.4769 -2465 0 0 N.s3n08
e47e 1 0 N.S3N08 HP2WP 1 32 14 Pa 1 1 0 1.000e+00 38.7826 143.4769 -2465 0 0 N.s3n08
e48c 1 0 N.S3N09 HP1WP 1 32 14 Pa 1 1 0 1.000e+00 38.7739 143.1437 -1779 0 0 N.s3n09
e48e 1 0 N.S3N09 HP2WP 1 32 14 Pa 1 1 0 1.000e+00 38.7739 143.1437 -1779 0 0 N.s3n09
e49c 1 0 N.S3N10 HP1WP 1 32 14 Pa 1 1 0 1.000e+00 38.8668 142.8212 -1310 0 0 N.s3n10
e49e 1 0 N.S3N10 HP2WP 1 32 14 Pa 1 1 0 1.000e+00 38.8668 142.8212 -1310 0 0 N.s3n10
e4ac 1 0 N.S3N11 HP1WP 1 32 14 Pa 1 1 0 1.000e+00 38.9349 142.4873 -1168 0 0 N.s3n11
e4ae 1 0 N.S3N11 HP2WP 1 32 14 Pa 1 1 0 1.000e+00 38.9349 142.4873 -1168 0 0 N.s3n11
e4bc 1 0 N.S3N12 HP1WP 1 32 14 Pa 1 1 0 1.000e+00 38.8412 142.1816 -558 0 0 N.s3n12
e4be 1 0 N.S3N12 HP2WP 1 32 14 Pa 1 1 0 1.000e+00 38.8412 142.1816 -558 0 0 N.s3n12
e4cc 1 0 N.S3N13 HP1WP 1 32 14 Pa 1 1 0 1.000e+00 38.5901 142.1816 -573 0 0 N.s3n13
e4ce 1 0 N.S3N13 HP2WP 1 32 14 Pa 1 1 0 1.000e+00 38.5901 142.1816 -573 0 0 N.s3n13
e4dc 1 0 N.S3N14 HP1WP 1 32 14 Pa 1 1 0 1.000e+00 38.4993 142.5002 -1092 0 0 N.s3n14
e4de 1 0 N.S3N14 HP2WP 1 32 14 Pa 1 1 0 1.000e+00 38.4993 142.5002 -1092 0 0 N.s3n14
e4ec 1 0 N.S3N15 HP1WP 1 32 14 Pa 1 1 0 1.000e+00 38.4487 142.8376 -1472 0 0 N.s3n15
e4ee 1 0 N.S3N15 HP2WP 1 32 14 Pa 1 1 0 1.000e+00 38.4487 142.8376 -1472 0 0 N.s3n15
e4fc 1 0 N.S3N16 HP1WP 1 32 14 Pa 1 1 0 1.000e+00 38.4262 143.1703 -2420 0 0 N.s3n16
e4fe 1 0 N.S3N16 HP2WP 1 32 14 Pa 1 1 0 1.000e+00 38.4262 143.1703 -2420 0 0 N.s3n16
e50c 1 0 N.S3N17 HP1WP 1 32 14 Pa 1 1 0 1.000e+00 38.3978 143.5139 -3020 0 0 N.s3n17
e50e 1 0 N.S3N17 HP2WP 1 32 14 Pa 1 1 0 1.000e+00 38.3978 143.5139 -3020 0 0 N.s3n17
e51c 1 0 N.S3N18 HP1WP 1 32 14 Pa 1 1 0 1.000e+00 38.3063 143.7810 -5528 0 0 N.s3n18
e51e 1 0 N.S3N18 HP2WP 1 32 14 Pa 1 1 0 1.000e+00 38.3063 143.7810 -5528 0 0 N.s3n18
e52c 1 0 N.S3N19 HP1WP 1 32 14 Pa 1 1 0 1.000e+00 38.0594 143.7441 -5591 0 0 N.s3n19
e52e 1 0 N.S3N19 HP2WP 1 32 14 Pa 1 1 0 1.000e+00 38.0594 143.7441 -5591 0 0 N.s3n19
e53c 1 0 N.S3N20 HP1WP 1 32 14 Pa 1 1 0 1.000e+00 37.9311 143.5675 -5225 0 0 N.s3n20
e53e 1 0 N.S3N20 HP2WP 1 32 14 Pa 1 1 0 1.000e+00 37.9311 143.5675 -5225 0 0 N.s3n20
e54c 1 0 N.S3N21 HP1WP 1 32 14 Pa 1 1 0 1.000e+00 37.9713 143.2454 -2779 0 0 N.s3n21
e54e 1 0 N.S3N21 HP2WP 1 32 14 Pa 1 1 0 1.000e+00 37.9713 143.2454 -2779 0 0 N.s3n21
e55c 1 0 N.S3N22 HP1WP 1 32 14 Pa 1 1 0 1.000e+00 37.9838 142.9072 -1645 0 0 N.s3n22
e55e 1 0 N.S3N22 HP2WP 1 32 14 Pa 1 1 0 1.000e+00 37.9838 142.9072 -1645 0 0 N.s3n22
e56c 1 0 N.S3N23 HP1WP 1 32 14 Pa 1 1 0 1.000e+00 38.0270 142.5735 -1220 0 0 N.s3n23
e56e 1 0 N.S3N23 HP2WP 1 32 14 Pa 1 1 0 1.000e+00 38.0270 142.5735 -1220 0 0 N.s3n23
e57c 1 0 N.S3N24 HP1WP 1 32 14 Pa 1 1 0 1.000e+00 38.0569 142.2340 -849 0 0 N.s3n24
e57e 1 0 N.S3N24 HP2WP 1 32 14 Pa 1 1 0 1.000e+00 38.0569 142.2340 -849 0 0 N.s3n24
e58c 1 0 N.S3N25 HP1WP 1 32 14 Pa 1 1 0 1.000e+00 38.0972 141.8957 -230 0 0 N.s3n25
e58e 1 0 N.S3N25 HP2WP 1 32 14 Pa 1 1 0 1.000e+00 38.0972 141.8957 -230 0 0 N.s3n25
e59c 1 0 N.S3N26 HP1WP 1 32 14 Pa 1 1 0 1.000e+00 38.1060 141.5572 -128 0 0 N.s3n26
e59e 1 0 N.S3N26 HP2WP 1 32 14 Pa 1 1 0 1.000e+00 38.1060 141.5572 -128 0 0 N.s3n26
e60c 1 0 N.S4N01 HP1WP 1 32 14 Pa 1 1 0 1.000e+00 40.7881 141.7895 -139 0 0 N.s4n01
e60e 1 0 N.S4N01 HP2WP 1 32 14 Pa 1 1 0 1.000e+00 40.7881 141.7895 -139 0 0 N.s4n01
e61c 1 0 N.S4N02 HP1WP 1 32 14 Pa 1 1 0 1.000e+00 40.9069 142.1057 -858 0 0 N.s4n02
e61e 1 0 N.S4N02 HP2WP 1 32 14 Pa 1 1 0 1.000e+00 40.9069 142.1057 -858 0 0 N.s4n02
e62c 1 0 N.S4N03 HP1WP 1 32 14 Pa 1 1 0 1.000e+00 41.0156 142.4314 -1425 0 0 N.s4n03
e62e 1 0 N.S4N03 HP2WP 1 32 14 Pa 1 1 0 1.000e+00 41.0156 142.4314 -1425 0 0 N.s4n03
e63c 1 0 N.S4N04 HP1WP 1 32 14 Pa 1 1 0 1.000e+00 41.0762 142.7706 -1798 0 0 N.s4n04
e63e 1 0 N.S4N04 HP2WP 1 32 14 Pa 1 1 0 1.000e+00 41.0762 142.7706 -1798 0 0 N.s4n04
e64c 1 0 N.S4N05 HP1WP 1 32 14 Pa 1 1 0 1.000e+00 41.0443 143.1138 -1940 0 0 N.s4n05
e64e 1 0 N.S4N05 HP2WP 1 32 14 Pa 1 1 0 1.000e+00 41.0443 143.1138 -1940 0 0 N.s4n05
e65c 1 0 N.S4N06 HP1WP 1 32 14 Pa 1 1 0 1.000e+00 40.9718 143.4481 -1970 0 0 N.s4n06
e65e 1 0 N.S4N06 HP2WP 1 32 14 Pa 1 1 0 1.000e+00 40.9718 143.4481 -1970 0 0 N.s4n06
e66c 1 0 N.S4N07 HP1WP 1 32 14 Pa 1 1 0 1.000e+00 40.8820 143.7746 -2613 0 0 N.s4n07
e66e 1 0 N.S4N07 HP2WP 1 32 14 Pa 1 1 0 1.000e+00 40.8820 143.7746 -2613 0 0 N.s4n07
e67c 1 0 N.S4N08 HP1WP 1 32 14 Pa 1 1 0 1.000e+00 40.7805 144.0905 -5060 0 0 N.s4n08
e67e 1 0 N.S4N08 HP2WP 1 32 14 Pa 1 1 0 1.000e+00 40.7805 144.0905 -5060 0 0 N.s4n08
e68e 1 0 N.S4N09 HP2WP 1 32 14 Pa 1 1 0 1.000e+00 40.5521 144.1332 -5095 0 0 N.s4n09
e69c 1 0 N.S4N10 HP1WP 1 32 14 Pa 1 1 0 1.000e+00 40.4327 143.8887 -3897 0 0 N.s4n10
e69e 1 0 N.S4N10 HP2WP 1 32 14 Pa 1 1 0 1.000e+00 40.4327 143.8887 -3897 0 0 N.s4n10
e6ac 1 0 N.S4N11 HP1WP 1 32 14 Pa 1 1 0 1.000e+00 40.4353 143.5430 -2273 0 0 N.s4n11
e6ae 1 0 N.S4N11 HP2WP 1 32 14 Pa 1 1 0 1.000e+00 40.4353 143.5430 -2273 0 0 N.s4n11
e6bc 1 0 N.S4N12 HP1WP 1 32 14 Pa 1 1 0 1.000e+00 40.4515 143.2015 -1711 0 0 N.s4n12
e6be 1 0 N.S4N12 HP2WP 1 32 14 Pa 1 1 0 1.000e+00 40.4515 143.2015 -1711 0 0 N.s4n12
e6cc 1 0 N.S4N13 HP1WP 1 32 14 Pa 1 1 0 1.000e+00 40.5196 142.9617 -1537 0 0 N.s4n13
e6ce 1 0 N.S4N13 HP2WP 1 32 14 Pa 1 1 0 1.000e+00 40.5196 142.9617 -1537 0 0 N.s4n13
e6dc 1 0 N.S4N14 HP1WP 1 32 14 Pa 1 1 0 1.000e+00 40.5927 142.6340 -1393 0 0 N.s4n14
e6de 1 0 N.S4N14 HP2WP 1 32 14 Pa 1 1 0 1.000e+00 40.5927 142.6340 -1393 0 0 N.s4n14
e6ec 1 0 N.S4N15 HP1WP 1 32 14 Pa 1 1 0 1.000e+00 40.5933 142.2844 -816 0 0 N.s4n15
e6ee 1 0 N.S4N15 HP2WP 1 32 14 Pa 1 1 0 1.000e+00 40.5933 142.2844 -816 0 0 N.s4n15
e6fc 1 0 N.S4N16 HP1WP 1 32 14 Pa 1 1 0 1.000e+00 40.3295 142.2673 -559 0 0 N.s4n16
e6fe 1 0 N.S4N16 HP2WP 1 32 14 Pa 1 1 0 1.000e+00 40.3295 142.2673 -559 0 0 N.s4n16
e70c 1 0 N.S4N17 HP1WP 1 32 14 Pa 1 1 0 1.000e+00 40.1165 142.3926 -681 0 0 N.s4n17
e70e 1 0 N.S4N17 HP2WP 1 32 14 Pa 1 1 0 1.000e+00 40.1165 142.3926 -681 0 0 N.s4n17
e71c 1 0 N.S4N18 HP1WP 1 32 14 Pa 1 1 0 1.000e+00 40.1088 142.6222 -969 0 0 N.s4n18
e71e 1 0 N.S4N18 HP2WP 1 32 14 Pa 1 1 0 1.000e+00 40.1088 142.6222 -969 0 0 N.s4n18
e72c 1 0 N.S4N19 HP1WP 1 32 14 Pa 1 1 0 1.000e+00 40.0904 142.9695 -1256 0 0 N.s4n19
e72e 1 0 N.S4N19 HP2WP 1 32 14 Pa 1 1 0 1.000e+00 40.0904 142.9695 -1256 0 0 N.s4n19
e73c 1 0 N.S4N20 HP1WP 1 32 14 Pa 1 1 0 1.000e+00 40.0743 143.3210 -1329 0 0 N.s4n20
e73e 1 0 N.S4N20 HP2WP 1 32 14 Pa 1 1 0 1.000e+00 40.0743 143.3210 -1329 0 0 N.s4n20
e74c 1 0 N.S4N21 HP1WP 1 32 14 Pa 1 1 0 1.000e+00 40.0863 143.6572 -2456 0 0 N.s4n21
e74e 1 0 N.S4N21 HP2WP 1 32 14 Pa 1 1 0 1.000e+00 40.0863 143.6572 -2456 0 0 N.s4n21
e75c 1 0 N.S4N22 HP1WP 1 32 14 Pa 1 1 0 1.000e+00 40.0260 143.9547 -4107 0 0 N.s4n22
e75e 1 0 N.S4N22 HP2WP 1 32 14 Pa 1 1 0 1.000e+00 40.0260 143.9547 -4107 0 0 N.s4n22
e76e 1 0 N.S4N23 HP2WP 1 32 14 Pa 1 1 0 1.000e+00 39.7718 143.9259 -4358 0 0 N.s4n23
e77c 1 0 N.S4N24 HP1WP 1 32 14 Pa 1 1 0 1.000e+00 39.6388 143.7154 -2936 0 0 N.s4n24
e77e 1 0 N.S4N24 HP2WP 1 32 14 Pa 1 1 0 1.000e+00 39.6388 143.7154 -2936 0 0 N.s4n24
e78c 1 0 N.S4N25 HP1WP 1 32 14 Pa 1 1 0 1.000e+00 39.6976 143.3749 -2228 0 0 N.s4n25
e78e 1 0 N.S4N25 HP2WP 1 32 14 Pa 1 1 0 1.000e+00 39.6976 143.3749 -2228 0 0 N.s4n25
e79c 1 0 N.S4N26 HP1WP 1 32 14 Pa 1 1 0 1.000e+00 39.7245 143.0384 -1569 0 0 N.s4n26
e79e 1 0 N.S4N26 HP2WP 1 32 14 Pa 1 1 0 1.000e+00 39.7245 143.0384 -1569 0 0 N.s4n26
e7ac 1 0 N.S4N27 HP1WP 1 32 14 Pa 1 1 0 1.000e+00 39.7445 142.6903 -914 0 0 N.s4n27
e7ae 1 0 N.S4N27 HP2WP 1 32 14 Pa 1 1 0 1.000e+00 39.7445 142.6903 -914 0 0 N.s4n27
e7bc 1 0 N.S4N28 HP1WP 1 32 14 Pa 1 1 0 1.000e+00 39.7385 142.3408 -569 0 0 N.s4n28
e7be 1 0 N.S4N28 HP2WP 1 32 14 Pa 1 1 0 1.000e+00 39.7385 142.3408 -569 0 0 N.s4n28
e80c 1 0 N.S5N01 HP1WP 1 32 14 Pa 1 1 0 1.000e+00 42.7688 145.7115 -2052 0 0 N.s5n01
e80e 1 0 N.S5N01 HP2WP 1 32 14 Pa 1 1 0 1.000e+00 42.7688 145.7115 -2052 0 0 N.s5n01
e81c 1 0 N.S5N02 HP1WP 1 32 14 Pa 1 1 0 1.000e+00 42.6403 145.4063 -2042 0 0 N.s5n02
e81e 1 0 N.S5N02 HP2WP 1 32 14 Pa 1 1 0 1.000e+00 42.6403 145.4063 -2042 0 0 N.s5n02
e82c 1 0 N.S5N03 HP1WP 1 32 14 Pa 1 1 0 1.000e+00 42.4802 145.1433 -1985 0 0 N.s5n03
e82e 1 0 N.S5N03 HP2WP 1 32 14 Pa 1 1 0 1.000e+00 42.4802 145.1433 -1985 0 0 N.s5n03
e83c 1 0 N.S5N04 HP1WP 1 32 14 Pa 1 1 0 1.000e+00 42.2286 145.2040 -3149 0 0 N.s5n04
e83e 1 0 N.S5N04 HP2WP 1 32 14 Pa 1 1 0 1.000e+00 42.2286 145.2040 -3149 0 0 N.s5n04
e84e 1 0 N.S5N05 HP2WP 1 32 14 Pa 1 1 0 1.000e+00 42.0615 145.4370 -3813 0 0 N.s5n05
e85e 1 0 N.S5N06 HP2WP 1 32 14 Pa 1 1 0 1.000e+00 41.8840 145.6544 -5619 0 0 N.s5n06
e86c 1 0 N.S5N07 HP1WP 1 32 14 Pa 1 1 0 1.000e+00 41.6637 145.5291 -5953 0 0 N.s5n07
e86e 1 0 N.S5N07 HP2WP 1 32 14 Pa 1 1 0 1.000e+00 41.6637 145.5291 -5953 0 0 N.s5n07
e87c 1 0 N.S5N08 HP1WP 1 32 14 Pa 1 1 0 1.000e+00 41.5301 145.2483 -5980 0 0 N.s5n08
e87e 1 0 N.S5N08 HP2WP 1 32 14 Pa 1 1 0 1.000e+00 41.5301 145.2483 -5980 0 0 N.s5n08
e89c 1 0 N.S5N10 HP1WP 1 32 14 Pa 1 1 0 1.000e+00 41.6541 144.6716 -4103 0 0 N.s5n10
e89e 1 0 N.S5N10 HP2WP 1 32 14 Pa 1 1 0 1.000e+00 41.6541 144.6716 -4103 0 0 N.s5n10
e8ac 1 0 N.S5N11 HP1WP 1 32 14 Pa 1 1 0 1.000e+00 41.9072 144.6955 -2093 0 0 N.s5n11
e8ae 1 0 N.S5N11 HP2WP 1 32 14 Pa 1 1 0 1.000e+00 41.9072 144.6955 -2093 0 0 N.s5n11
e8bc 1 0 N.S5N12 HP1WP 1 32 14 Pa 1 1 0 1.000e+00 42.0784 144.6375 -1772 0 0 N.s5n12
e8be 1 0 N.S5N12 HP2WP 1 32 14 Pa 1 1 0 1.000e+00 42.0784 144.6375 -1772 0 0 N.s5n12
e8cc 1 0 N.S5N13 HP1WP 1 32 14 Pa 1 1 0 1.000e+00 41.9792 144.3445 -1607 0 0 N.s5n13
e8ce 1 0 N.S5N13 HP2WP 1 32 14 Pa 1 1 0 1.000e+00 41.9792 144.3445 -1607 0 0 N.s5n13
e8dc 1 0 N.S5N14 HP1WP 1 32 14 Pa 1 1 0 1.000e+00 41.7475 144.1779 -1592 0 0 N.s5n14
e8de 1 0 N.S5N14 HP2WP 1 32 14 Pa 1 1 0 1.000e+00 41.7475 144.1779 -1592 0 0 N.s5n14
e8ec 1 0 N.S5N15 HP1WP 1 32 14 Pa 1 1 0 1.000e+00 41.4961 144.0879 -1950 0 0 N.s5n15
e8ee 1 0 N.S5N15 HP2WP 1 32 14 Pa 1 1 0 1.000e+00 41.4961 144.0879 -1950 0 0 N.s5n15
e8fc 1 0 N.S5N16 HP1WP 1 32 14 Pa 1 1 0 1.000e+00 41.3742 143.8006 -2380 0 0 N.s5n16
e8fe 1 0 N.S5N16 HP2WP 1 32 14 Pa 1 1 0 1.000e+00 41.3742 143.8006 -2380 0 0 N.s5n16
e90c 1 0 N.S5N17 HP1WP 1 32 14 Pa 1 1 0 1.000e+00 41.3643 143.4530 -2023 0 0 N.s5n17
e90e 1 0 N.S5N17 HP2WP 1 32 14 Pa 1 1 0 1.000e+00 41.3643 143.4530 -2023 0 0 N.s5n17
e91c 1 0 N.S5N18 HP1WP 1 32 14 Pa 1 1 0 1.000e+00 41.4351 143.1264 -1509 0 0 N.s5n18
e91e 1 0 N.S5N18 HP2WP 1 32 14 Pa 1 1 0 1.000e+00 41.4351 143.1264 -1509 0 0 N.s5n18
e92c 1 0 N.S5N19 HP1WP 1 32 14 Pa 1 1 0 1.000e+00 41.5607 142.8177 -986 0 0 N.s5n19
e92e 1 0 N.S5N19 HP2WP 1 32 14 Pa 1 1 0 1.000e+00 41.5607 142.8177 -986 0 0 N.s5n19
e93c 1 0 N.S5N20 HP1WP 1 32 14 Pa 1 1 0 1.000e+00 41.6095 142.4787 -1165 0 0 N.s5n20
e93e 1 0 N.S5N20 HP2WP 1 32 14 Pa 1 1 0 1.000e+00 41.6095 142.4787 -1165 0 0 N.s5n20
e94c 1 0 N.S5N21 HP1WP 1 32 14 Pa 1 1 0 1.000e+00 41.4248 142.2193 -1189 0 0 N.s5n21
e94e 1 0 N.S5N21 HP2WP 1 32 14 Pa 1 1 0 1.000e+00 41.4248 142.2193 -1189 0 0 N.s5n21
e95c 1 0 N.S5N22 HP1WP 1 32 14 Pa 1 1 0 1.000e+00 41.1989 142.0271 -1029 0 0 N.s5n22
e95e 1 0 N.S5N22 HP2WP 1 32 14 Pa 1 1 0 1.000e+00 41.1989 142.0271 -1029 0 0 N.s5n22
e96c 1 0 N.S5N23 HP1WP 1 32 14 Pa 1 1 0 1.000e+00 40.9540 141.8762 -529 0 0 N.s5n23
e96e 1 0 N.S5N23 HP2WP 1 32 14 Pa 1 1 0 1.000e+00 40.9540 141.8762 -529 0 0 N.s5n23
ea0c 1 0 N.S6N01 HP1WP 1 32 14 Pa 1 1 0 1.000e+00 42.8064 146.0211 -2427 0 0 N.s6n01
ea0e 1 0 N.S6N01 HP2WP 1 32 14 Pa 1 1 0 1.000e+00 42.8064 146.0211 -2427 0 0 N.s6n01
ea1c 1 0 N.S6N02 HP1WP 1 32 14 Pa 1 1 0 1.000e+00 42.5807 146.0780 -2830 0 0 N.s6n02
ea1e 1 0 N.S6N02 HP2WP 1 32 14 Pa 1 1 0 1.000e+00 42.5807 146.0780 -2830 0 0 N.s6n02
ea2c 1 0 N.S6N03 HP1WP 1 32 14 Pa 1 1 0 1.000e+00 42.0943 146.2316 -5710 0 0 N.s6n03
ea3c 1 0 N.S6N04 HP1WP 1 32 14 Pa 1 1 0 1.000e+00 41.6653 146.1747 -6950 0 0 N.s6n04
ea4c 1 0 N.S6N05 HP1WP 1 32 14 Pa 1 1 0 1.000e+00 41.3717 145.6053 -6680 0 0 N.s6n05
ea4e 1 0 N.S6N05 HP2WP 1 32 14 Pa 1 1 0 1.000e+00 41.3717 145.6053 -6680 0 0 N.s6n05
ea5e 1 0 N.S6N06 HP2WP 1 32 14 Pa 1 1 0 1.000e+00 40.8999 145.3929 -6012 0 0 N.s6n06
ea7e 1 0 N.S6N08 HP2WP 1 32 14 Pa 1 1 0 1.000e+00 40.0319 144.8089 -5900 0 0 N.s6n08
ea8c 1 0 N.S6N09 HP1WP 1 32 14 Pa 1 1 0 1.000e+00 39.5172 144.7191 -6054 0 0 N.s6n09
ea9c 1 0 N.S6N10 HP1WP 1 32 14 Pa 1 1 0 1.000e+00 39.0072 144.5915 -6160 0 0 N.s6n10
eabe 1 0 N.S6N12 HP2WP 1 32 14 Pa 1 1 0 1.000e+00 37.9879 144.3357 -6111 0 0 N.s6n12
eafc 1 0 N.S6N16 HP1WP 1 32 14 Pa 1 1 0 1.000e+00 36.1262 143.2823 -6513 0 0 N.s6n16
eb1c 1 0 N.S6N18 HP1WP 1 32 14 Pa 1 1 0 1.000e+00 35.2114 142.6799 -6319 0 0 N.s6n18
eb2e 1 0 N.S6N19 HP2WP 1 32 14 Pa 1 1 0 1.000e+00 34.7118 142.5208 -6284 0 0 N.s6n19
eb3e 1 0 N.S6N20 HP2WP 1 32 14 Pa 1 1 0 1.000e+00 34.2604 142.2389 -7830 0 0 N.s6n20
eb5c 1 0 N.S6N22 HP1WP 1 32 14 Pa 1 1 0 1.000e+00 33.8601 141.1281 -3941 0 0 N.s6n22
eb5e 1 0 N.S6N22 HP2WP 1 32 14 Pa 1 1 0 1.000e+00 33.8601 141.1281 -3941 0 0 N.s6n22
eb6c 1 0 N.S6N23 HP1WP 1 32 14 Pa 1 1 0 1.000e+00 33.9448 140.5189 -1723 0 0 N.s6n23
eb6e 1 0 N.S6N23 HP2WP 1 32 14 Pa 1 1 0 1.000e+00 33.9448 140.5189 -1723 0 0 N.s6n23
eb7c 1 0 N.S6N24 HP1WP 1 32 14 Pa 1 1 0 1.000e+00 34.1773 139.9814 -1276 0 0 N.s6n24
eb7e 1 0 N.S6N24 HP2WP 1 32 14 Pa 1 1 0 1.000e+00 34.1773 139.9814 -1276 0 0 N.s6n24
eb8c 1 0 N.S6N25 HP1WP 1 32 14 Pa 1 1 0 1.000e+00 34.6696 139.8167 -2411 0 0 N.s6n25
eb8e 1 0 N.S6N25 HP2WP 1 32 14 Pa 1 1 0 1.000e+00 34.6696 139.8167 -2411 0 0 N.s6n25
