2.096386834532214925e+04
2.115848765862059281e+03
2.136687623402166992e+03
1.478244905284641845e+03
1.421656779957806748e+03
1.037931875991868728e+05
8.301263209897636261e+04
1.305782462740252959e+04
1.260755963697971129e+04
1.157100375939788501e+04
1.144968680794370084e+04
1.418200832040370733e+04
1.260822652080775333e+04
7.381922784749242055e+03
7.879121270801712853e+03
1.024965794551213330e+05
1.023951448849016451e+05
5.004756537535067764e+03
5.008238812197357220e+03
4.084273252366937413e+03
4.082036256575876905e+03
2.332793964326896821e+04
3.007804142559817774e+04
7.163681913653062657e+04
7.097133979290514253e+04
6.671430431324304664e+03
3.162824661596023361e+04
3.302153866796640068e+04
4.738262162438883388e+04
4.745078865519518149e+04
2.938974732793734074e+04
8.783807830320514768e+03
6.026802800822340032e+03
9.608064945658932629e+03
9.632338033935478961e+03
7.971630949811964456e+03
8.080201977673577858e+03
1.714066603140029838e+04
1.716329851747617795e+04
5.971389453050269367e+03
5.950325705371093136e+03
1.029661342383989904e+04
1.053454697649595255e+04
1.919580620864880621e+04
1.961677894048867529e+04
1.896306304371738224e+04
1.883234664081988376e+04
1.741223202234566998e+04
1.848754564565021064e+04
5.665496271289921424e+03
5.693712672764581839e+03
2.992867040147290027e+04
1.031101081368844279e+04
6.119148960435592926e+03
1.198720651361275304e+04
1.205104476798588621e+04
5.123044344918361458e+04
5.170445984632273758e+04
1.389522047324186860e+04
1.683165303824909643e+04
1.882568033299195304e+04
1.925756121631189308e+04
2.036027190388183226e+04
1.967316873307398782e+04
2.007536520215759447e+04
1.891441355157489306e+04
8.767697075059106282e+03
9.019309507939064133e+03
9.152549808659880000e+03
9.714338268765402972e+03
2.180457786796157961e+04
2.032712630944177363e+04
2.201578139426352573e+05
2.198564698342989432e+05
3.840508979601531755e+05
4.483691621866963396e+04
1.019206750370110058e+04
1.021625215037295311e+04
1.560011487137194126e+04
1.541191694760908103e+04
2.690369907652105758e+04
2.684519651632299065e+04
5.407499976883957061e+03
5.352430662792372459e+03
2.328842201610061693e+03
2.323345002361896150e+03
1.578354890384288774e+04
1.580766396403972067e+04
1.359094816412747605e+04
1.359731973588912842e+04
3.967336073488103284e+04
6.120282346428144956e+04
4.372865422123118151e+03
4.142333641801442354e+03
1.019943135669827461e+04
1.796209876378592890e+04
1.789375399406172801e+04
1.711991028013873802e+04
1.670759061025856136e+04
1.220115863350690233e+04
1.232885525910658180e+04
8.440004739335161503e+03
8.424047958078112060e+03
7.290231820731080006e+03
7.884606775229821324e+03
1.168914368121121151e+04
7.092074167688885609e+03
1.380277247512252507e+04
1.273327357752121861e+04
1.027267209639244720e+04
1.066281838915021581e+04
9.346158569166263987e+03
9.339235943052301081e+03
1.442813972762947742e+04
1.425905578921689994e+04
1.117062934663933811e+04
1.053694376942384588e+04
1.016774901342475096e+04
1.004081749659857087e+04
1.322956940191176545e+05
1.322426317947430944e+05
1.421107962119697731e+04
1.480594583267141388e+04
1.186277539195613281e+04
1.209981685811814350e+04
4.297574087784875155e+04
4.329061902999308950e+04
5.872796267537296444e+03
5.839501006079201034e+03
3.614328568351250397e+03
3.974291005953137301e+03
1.784153356637259640e+04
1.776347893854129143e+04
1.452085837683158388e+04
1.866529956898629462e+04
9.607822646156620976e+03
9.629427397306653802e+03
1.058847524433995204e+04
1.064338517577936727e+04
1.034212202596739735e+04
1.028557786417467105e+04
1.294808526385272125e+04
1.279493024599977980e+04
6.244310370249063453e+03
6.320202211954931045e+03
1.301473073098325767e+04
1.297161208177302797e+04
1.270949692159371079e+04
1.276056111618921022e+04
7.547943825970090074e+03
7.634623238903148376e+03
1.128140842271034853e+04
3.993783970121568564e+04
4.069377072722556477e+04
1.493955019403194819e+04
1.488916384489068696e+04
7.450063623889395785e+03
7.465104419899295863e+03
1.773867007416283013e+04
1.811105121189821875e+04
1.179369322985806684e+04
1.185902862801165429e+04
1.092906510182824422e+04
1.125283857522180915e+04
1.165610981417042058e+04
1.157698648180950477e+04
1.328205646727945532e+04
1.329744155843521730e+04
8.373049145920498631e+03
8.581327170082726298e+03
6.063936015493567538e+03
5.942458077260621394e+03
9.006639328850689708e+03
9.186852344519313192e+03
8.098670014267774604e+03
8.035553496804062888e+03
1.297592909968299682e+04
1.315504161909037794e+04
1.123592737605579168e+04
4.177520336276054877e+04
4.183530375173580251e+04
1.102559277318004388e+04
1.101783790042311375e+04
4.919175540677522804e+03
5.734371805176221642e+03
8.101056721193846897e+03
8.299993253009306500e+03
1.218945380236538767e+04
1.217958685670413070e+04
1.391184301234024133e+04
1.387571749496219672e+04
3.978830984095705389e+03
4.912435648433473034e+03
8.183680345663557091e+03
8.144611961290727777e+03
6.209949114123239269e+03
6.447248095117792218e+03
3.276482406484124658e+04
1.063920899315357929e+04
8.569038219076865062e+03
8.799109954989766265e+03
3.208810371461673185e+03
3.242946808074409546e+03
1.849969513262313194e+04
1.848366370609463411e+04
3.883494817815520037e+03
4.349719531188188739e+03
3.192481150703947642e+05
1.533778460143445991e+05
1.839846732747051419e+03
1.845823122620366348e+03
5.090511958536194470e+03
5.063700623062149134e+03
7.204879735290520330e+03
7.192682114482747238e+03
4.462789513297708618e+04
4.511479118869996455e+04
1.224876483568853655e+04
1.217621944611709114e+04
1.965977741481321937e+04
1.949122305038860213e+04
1.077670710374927148e+04
8.644765352512467871e+03
1.217924069882847834e+04
7.561941814110976338e+03
7.657097883663235734e+03
7.902935150942338623e+03
1.203122603893717860e+04
6.777263164434445571e+03
7.970906598373863744e+03
8.744738303688682208e+03
1.035164875756514448e+04
1.033759043491277043e+04
9.660616129419489880e+03
7.802316579068039573e+03
3.732196436416496726e+04
5.083488817731381278e+04
1.675448501148274590e+04
2.221095225333663984e+04
4.726216245581659678e+03
1.541728380746751463e+04
5.655292742201768306e+03
1.005137522929076658e+04
2.954935100201017922e+05
2.148244902239965813e+04
9.091111263206496005e+03
5.650111503324514160e+03
4.905286356574914680e+04
1.596524074356537858e+04
2.688194635810435648e+04
7.144915954719132060e+03
7.173458022460297798e+03
4.850238954938199458e+04
4.930115130501517706e+04
1.342597780424204393e+04
1.353774634124897420e+04
3.850703701922545861e+03
3.787462343047122431e+03
3.926147984984773757e+03
3.782446298363005099e+03
3.774742375315168374e+03
1.315334968743703757e+04
1.290795041824998589e+04
1.194030753372793151e+04
1.203833410401954279e+04
7.503590607169343457e+03
7.630775583123906472e+03
3.596573369194628413e+03
3.739731006369308489e+03
5.985296316808383381e+03
6.014125372820224584e+03
2.063622911289754120e+04
1.961834814656932213e+04
1.165753867675334004e+04
1.159108899111727078e+04
1.138246897645673380e+04
1.138699538947829751e+04
5.969378192073274477e+03
5.879654071456925521e+03
6.706382011189043988e+04
6.708055670609777735e+04
1.518727203944144821e+04
1.255171255247665431e+04
1.241679378905843078e+04
9.249612316200069472e+03
9.291055483635860583e+03
1.268734676754757857e+04
3.681075929670563255e+03
3.929439654709052775e+03
8.916704323908021252e+03
8.815058025900907523e+03
8.474626599443778105e+03
7.678729321964669907e+03
1.203118252542118134e+05
1.206217832400101761e+05
5.758608512479381716e+03
5.763322652775914321e+03
2.265573437344285139e+03
3.517222910194916949e+03
3.723125837250199766e+03
3.702562896157201067e+03
3.757473486267068893e+03
3.763642650411964951e+03
3.712859544879122041e+03
3.691198856740178599e+03
4.815316396665954926e+03
2.944203797293930620e+03
3.144422062255638302e+05
3.146681563806544291e+05
4.282431085259866450e+03
1.595076023266602715e+04
8.128315938741554419e+03
4.629116978431199641e+03
4.625582774094525121e+03
3.640407532131533117e+03
3.617419798696302678e+03
4.177839633111831063e+03
4.140798956723207084e+03
4.052293794877168239e+03
4.060308116387227983e+03
3.770106629791788691e+03
2.770166420993511565e+03
3.545595718634599052e+03
3.603857377866110710e+03
2.745563512286685182e+03
2.773007933634521578e+03
2.129781509920677127e+04
2.053871738936002657e+04
9.701029982429700613e+04
9.703782487257223693e+04
1.004306273603824520e+05
1.307982752179859563e+04
1.761949102556597791e+04
1.763378212409351545e+04
5.593626372935539621e+03
5.619605680116710573e+03
2.044007279830480547e+04
1.918580141667269345e+04
3.526519105293490611e+03
3.592934316126583326e+03
3.373180250149700896e+03
3.345775545370609507e+03
1.069077321806051623e+04
1.053647075637758280e+04
1.332547515100305827e+04
1.332833432954020645e+04
2.289984384226232942e+04
2.300433906896696863e+04
6.233630082062938527e+03
5.737292741354583995e+03
2.743833814209599495e+03
3.135206532271837204e+03
3.126994723372586577e+03
6.861216510211582317e+03
6.580526422711180203e+03
5.842086955874587147e+03
5.931981793633557572e+03
2.381927580763109745e+03
2.276555072911700790e+03
3.921065926505189509e+03
3.926053616546773355e+03
4.097839430724439808e+03
4.000332611171226290e+03
3.872833587955981329e+03
3.942344860612779939e+03
3.417089551065350861e+03
3.375955272215554487e+03
3.767789537646709050e+03
3.752074359604297570e+03
4.924835022617508912e+03
4.949300556644342578e+03
7.323439902122499007e+03
7.312120896155915943e+03
1.554756984226152235e+04
1.629102427719018488e+04
1.597757728818734358e+04
2.125048780616576914e+04
4.469433968636297323e+03
4.484067796097646351e+03
5.944231152975125951e+03
6.049704455591198894e+03
1.116334206588689995e+05
1.119526940095681639e+05
3.643321698670047226e+03
3.610204703337471528e+03
3.556609340368998346e+03
3.569284382057557650e+03
3.592969523945339461e+03
3.599504410332066982e+03
3.451540525620407607e+03
3.303948244146690740e+03
3.546085447363049752e+03
3.546104059386864719e+03
3.903066102437928294e+03
3.881172245597971596e+03
3.949341843902601340e+03
3.942975906596437653e+03
3.601448042107507717e+03
3.602384210491712565e+03
7.260094489743229133e+03
6.942015845559559239e+03
5.030772107738533123e+03
5.020368910747495647e+03
4.466107925252143104e+03
4.467599803026228983e+03
6.089999671592766390e+03
6.007549916563323677e+03
6.112774819997870509e+03
6.768818106582565815e+04
1.173551213709908770e+05
5.706509616219007512e+03
5.789377168573490053e+03
1.055680103061528825e+04
1.031913639797439646e+04
5.185695324640660147e+03
5.228594839916361707e+03
3.637904066904458432e+03
3.642155680362935982e+03
3.550340265383023961e+03
3.516788307532883209e+03
3.119127762692640772e+03
3.107026713757060861e+03
4.079245886190240526e+03
4.014597738254730757e+03
3.115820116758989116e+03
3.161544717381046212e+03
3.779007541670167029e+03
3.328931660458051738e+03
3.534884580859748439e+03
3.496103688393695393e+03
2.311683369322018734e+03
2.305290437233451939e+03
6.229731294365752547e+03
6.344342991989004986e+03
6.688411470595989158e+03
8.742676715972059174e+04
8.753391041190836404e+04
6.287381967082960728e+03
6.086602336279248448e+03
5.680811561740100842e+03
5.651658517638870762e+03
3.753886119743112431e+03
3.747566543772104978e+03
3.439152075730295564e+03
3.411141744343087339e+03
4.388454853362399263e+03
4.532669853408694507e+03
6.261537191457062363e+03
6.075422289849488152e+03
1.868279893377863118e+04
1.862667077069866355e+04
2.550543471497790506e+03
2.495609745132439457e+03
1.653171691023046878e+04
3.834481451252568149e+03
4.083267319194274933e+03
3.575013286688596509e+03
1.141925882008110057e+04
1.143451616816382921e+04
1.394609737525161472e+04
1.210498145393044433e+04
3.545706699658052457e+03
3.516631342634595967e+03
5.963703384173293598e+05
6.007739145335789071e+05
5.003119426917570308e+03
4.889096849112318523e+03
1.499733629682284663e+04
1.501621470278045854e+04
7.869009848767505900e+03
7.782545855952279453e+03
2.078904634657395582e+04
2.079793835936629694e+04
5.317693108858388769e+03
5.302232360053641059e+03
8.513420934031160868e+03
8.485167764988504132e+03
3.835076922305470362e+03
3.831243270793437659e+03
3.823651657774280011e+03
3.843902834359890676e+03
3.494493096287357275e+03
3.578300294832729833e+03
3.760449042335236754e+03
3.781732936102177973e+03
3.581269328045574184e+03
3.525530456541256626e+03
6.450590360579410117e+03
6.419698123743825818e+03
2.035840858220504515e+03
1.999513940936646804e+03
2.058353205841990712e+04
1.399478988766891052e+04
6.219545964135967552e+03
6.177968598172055863e+03
6.583851760178079530e+03
1.517130554698572996e+04
8.839996380089756713e+03
2.433384342844344064e+04
3.405102054270914323e+03
3.789600506649744602e+03
2.798817578907206916e+04
5.419380038343869273e+03
2.544123267453839435e+04
9.163414210871404066e+03
9.085930222052114914e+03
1.040516256480406992e+04
1.038993666968187063e+04
9.152220277069383883e+03
9.222049229970527449e+03
4.333425896447290143e+03
4.365015005701584414e+03
5.252011043400422750e+03
6.813489854692674271e+03
1.780385126875643255e+04
1.206358752610515876e+04
1.190379502511698956e+04
1.009984395919065719e+04
1.011905292011065649e+04
1.715039917902787420e+04
1.723205013920282363e+04
5.897919633226617407e+03
1.192532565593074287e+04
1.957855725021637045e+04
4.381516668917282368e+04
9.263108333599473553e+03
9.262551700260572034e+03
4.480739224726206157e+04
4.483515477836560603e+04
1.204699464596876169e+04
1.203268748035948920e+04
5.396709738349840336e+03
5.357434087322027153e+03
9.360642712976497933e+03
9.432818030684149562e+03
6.918454023840875016e+04
6.920435223307851993e+04
4.656948357025231417e+03
2.939325745813144749e+04
2.925254888039673097e+04
6.323287448788011534e+04
6.257303802757222729e+04
6.723894871278104256e+04
1.578521586802030470e+04
1.204671772724836410e+04
1.426465786480699353e+04
1.287188626425824259e+04
8.795314207008183075e+03
3.439504034014206354e+03
2.401510191525324262e+04
2.181401237736881740e+04
1.662933985460637632e+04
2.044557732126926203e+04
1.061783443080555844e+04
1.063585332730759364e+04
5.327056034997192000e+03
5.200531126721577493e+03
1.190361894551400655e+04
1.154143041394783177e+04
4.218854820920008933e+03
4.058369500181076546e+03
1.939121846609954664e+05
1.986695768556424009e+05
2.597066850121497991e+05
2.595065446573554073e+05
5.705336449325315698e+03
3.458757788570920093e+04
3.390232747172382369e+04
1.712075512353354134e+04
1.641749700776582904e+04
4.488786472979083555e+03
4.224948283707150949e+03
2.890546834078285428e+03
3.089301377334364133e+03
1.064999530516328377e+04
1.142256363519153274e+04
2.883200391925611711e+03
2.883529521263827974e+03
5.796957132841332168e+03
6.677663962794174950e+03
2.067546410603641198e+04
2.166294384427010300e+04
1.592047788227476485e+04
1.615363092310827778e+04
6.433383930716400209e+04
6.427663015435703710e+04
8.861767805579199921e+04
3.918364066801348235e+04
1.156335383874418949e+04
1.178289268388709388e+04
1.936423590023629004e+04
1.923715238802250678e+04
5.707459932404256688e+04
5.608138543224480964e+04
4.254408066934811359e+03
4.491421378583844671e+03
3.312116906149298302e+04
3.014502758333453676e+04
6.084319938990716764e+04
6.154389340950082988e+04
8.426953898058302002e+03
8.411416052009317355e+03
7.433999472693013377e+04
7.492608154708212533e+04
3.501686542225046287e+04
3.469689553836193227e+04
1.484794745811393298e+07
3.743162299446819088e+04
3.583966249841089302e+04
7.991286134284017317e+04
7.703103914656740380e+04
9.464871912498341408e+04
9.516143084254251153e+04
9.361668227404772551e+03
9.094285238544038293e+03
1.834268115625411883e+04
2.004140354366430256e+04
1.033071381851225306e+04
1.001617851278620219e+04
1.579966936362910019e+04
1.626682464404162602e+04
1.133362219239727347e+04
9.054291358245547599e+03
2.082569336180670871e+04
3.049660754903731868e+04
1.699490182378232930e+04
1.689574999815042247e+04
4.853327930399923389e+03
4.833294942376266590e+03
1.466770766002649725e+04
1.454387898739535012e+04
2.302094072795462489e+04
2.324338150958246479e+04
2.270392107103969101e+04
2.287122069326427663e+04
2.840885777358885662e+03
2.791537927379816210e+03
1.082965528537266073e+05
1.083023158385821444e+05
1.960464026703882337e+04
1.771398182227812867e+04
5.928595111828771223e+03
5.425969406474754578e+03
3.178989776642888046e+03
3.188709300014662858e+03
3.741188982128542648e+03
3.733629065667879331e+03
2.075036462330240465e+04
2.284407739437073542e+04
1.983631981996660761e+04
2.018391914371438543e+04
2.144406827073631575e+04
2.036809426529639677e+04
7.071784250102656370e+04
7.408388413143577054e+04
3.863293185871349124e+04
4.890599897763054469e+04
5.279642654574265907e+04
5.157281268265286053e+04
1.590695119499648281e+05
1.555225217902539007e+05
2.131942513296266043e+04
2.158099311894612401e+04
3.991788050485646818e+04
1.729162756943371278e+04
1.728151289673447536e+04
4.481838479909778835e+04
4.493968793839138380e+04
5.433099299663130296e+03
5.352377415691086753e+03
4.781999581764933828e+04
4.669099921826475475e+04
2.064721656785727464e+04
2.032776859372420222e+04
2.178801872589611958e+04
2.162915883708841648e+04
2.071363454345953141e+04
2.113001732133695987e+04
2.421003296156368378e+04
2.385306890108692096e+04
1.935717500050046146e+04
3.209697605694343292e+04
4.326685493538905575e+04
4.101490538816346088e+04
2.164393014218997996e+04
2.629210436614003629e+04
1.335129476867318590e+04
1.262553286004198708e+04
2.408247562025133811e+04
1.241691362617941377e+04
1.757959453457331620e+04
2.232195833702768869e+04
2.226780492100647098e+04
6.774844352455634180e+03
6.490252383382328844e+03
6.900783491749325185e+04
6.841518802137431339e+04
3.752528747391550860e+04
3.223884265912782575e+04
1.003716374281101344e+04
1.078309714321446700e+04
6.608647970651788455e+03
6.648497574640454332e+03
4.243240735852727666e+05
3.379787706469150144e+05
2.385468809269993289e+04
2.383044372226417545e+04
3.484466467050587380e+04
3.426249167821861920e+04
1.530659413455521099e+04
3.657769724846002646e+04
2.322019137905628886e+05
2.011622421827714716e+05
4.754060159484732139e+03
4.459739902729754249e+03
3.492443958032827504e+04
3.505075633991369250e+04
4.675307322519023728e+04
3.055885757026921419e+04
1.944992586104121801e+04
1.943410445582713146e+04
1.879879740834503536e+04
1.694865469587483312e+04
2.909307106511789243e+04
2.923336504749325104e+04
1.649692334952187230e+04
1.648356369235730381e+04
3.339759224854390777e+04
3.258946185502301159e+04
6.271041763534986967e+04
6.244974017560041102e+04
2.878809754047669048e+04
2.910709164447729563e+04
2.171274059164342179e+04
2.220797550430925548e+04
1.267339386273463788e+04
1.338930558318839758e+04
1.286923649638936513e+04
8.434218398879649612e+03
1.793353060610207831e+04
1.725560314796327293e+04
1.191731781903965202e+04
1.793260984909893159e+04
1.377055293007510227e+04
1.409583541334106303e+04
3.473488160336810324e+03
3.441875070364989369e+03
1.512404020095159649e+04
3.269400140698596078e+04
3.787043511764817231e+04
3.816289800316532637e+04
6.807331953122309642e+04
1.090001247705707829e+04
3.232711074570073746e+06
3.332914640371096903e+04
4.906613854788248864e+04
1.194936985786279911e+04
9.322004934562091876e+03
5.138846563189058543e+03
4.830668690771495676e+03
4.183674939571667892e+03
4.158276566078788164e+03
3.273352409991933655e+03
3.208404587953333703e+03
4.127677506782718410e+04
4.198209599341128342e+04
4.727186901318796117e+03
2.232061361163711263e+04
3.080199993506915234e+03
2.932326550710203719e+03
2.821429247739521088e+03
5.442566306440372500e+03
5.488603465363479700e+03
6.680855035098426924e+03
6.728490172393803732e+03
5.821393647572718692e+03
5.824083790606038747e+03
6.480564172971362495e+03
1.740881431918900125e+04
1.607450254284716539e+04
1.615592473366968807e+04
3.915895172243506295e+03
3.979660161370566129e+03
6.047186823639567592e+04
5.841128219787680428e+04
3.678463853295285662e+04
3.665925782118344796e+04
3.884528800253642203e+03
3.372672530798090975e+03
6.625876847633074249e+03
5.711673660145509530e+03
6.682864248209744983e+04
8.626943319623700518e+04
2.870381716775662426e+04
8.838863275331279510e+03
9.716349931944609125e+03
7.879443635181357422e+03
7.640154972250235915e+03
9.778202697837676169e+03
8.987355562121707408e+03
9.052187359969964746e+03
7.025627374121118009e+03
7.060667390551689095e+03
6.285069444325973745e+04
6.265694177024601959e+04
1.480755158694373677e+04
1.484252916453257239e+04
8.270983496537761312e+03
1.472756924954012902e+04
1.035964207875928514e+04
1.059988452767293165e+04
2.336366730631130849e+03
2.156925705720992028e+03
2.217421475498061682e+03
2.238464429022717468e+03
2.431497686612101006e+03
2.442649995394346206e+03
7.134174093754651039e+03
7.144870327724639537e+03
4.660281742555915116e+04
4.565187084884911746e+04
7.908380365156951484e+03
2.358952581125784127e+04
2.344264831455695457e+04
2.643236319363064467e+04
2.616283409724565718e+04
2.511970342181611159e+03
2.647712597696358898e+03
2.185189808689396159e+03
1.977750616230468950e+03
2.349643270796654178e+03
2.348050148527496731e+03
2.841528989822204949e+03
2.899770163306050563e+03
4.551665189795928200e+03
4.170479588728375347e+03
2.120730062973597796e+03
2.112522425916468364e+03
7.191014671101707791e+03
6.861516741945617468e+03
1.020079545133613574e+05
1.019565950000293087e+05
4.900289362884603906e+04
7.684842223494247264e+03
4.292363451526442987e+03
4.292603871777595486e+03
2.795488508293317864e+03
2.807751413497996964e+03
6.055560818949802779e+05
6.033445887185862521e+05
3.431151555964848285e+03
3.523167325007428644e+03
1.789902231966874751e+03
1.839890485871373812e+03
5.499033340506310924e+04
5.402262755549752183e+04
1.143772354972789071e+04
1.135571679815941934e+04
9.166055221304309089e+04
9.348537528405178455e+04
4.467684859074104679e+03
7.721707583170966245e+03
2.533727688604282321e+03
2.970621483797624478e+03
2.775339979173722895e+03
1.149218064598707861e+04
1.133374960019851460e+04
2.448950795749069130e+03
2.438426541850297326e+03
1.233768616880815216e+03
1.229917070375072171e+03
2.140118454665535410e+03
2.142203305010988061e+03
1.983220928187275831e+03
1.978857940833550629e+03
2.191805078012184822e+03
2.190383984601786779e+03
2.021608023331921686e+03
2.031457850904123461e+03
2.095502087806165946e+03
2.090909371541483324e+03
4.663740129981515565e+03
4.655616822720701748e+03
3.831065648093229811e+03
3.845999479979163880e+03
1.533834619507592106e+04
1.529757575565488150e+04
6.840819833908798500e+03
6.792270901546845380e+03
1.825289018210540917e+03
1.826165381338722000e+03
3.274383606115813564e+03
3.508144808869782082e+03
1.140983143784341810e+05
1.141401109514091950e+05
2.081484085934841005e+03
2.084036468011056513e+03
3.020407422848778424e+03
3.018027004518017748e+03
2.383705938239866100e+03
2.372198347524928067e+03
2.344124570068749563e+03
2.326387757877005242e+03
2.276846722992129799e+03
2.293636305084134165e+03
3.704400221358378076e+03
3.780445211876506164e+03
3.215485810884569673e+03
3.214242056846372634e+03
8.120064531763278865e+03
8.055100247669174678e+03
6.831806788837049680e+03
6.826451494004772940e+03
2.552829206978014918e+04
2.549860168715139662e+04
1.864669579308891844e+04
1.902259120099046777e+04
5.033669039577393960e+03
5.060458477252826924e+03
2.069914007875689549e+03
2.617397180406519692e+04
2.638098224100080915e+04
8.666178858066570683e+03
8.701370007073599481e+03
2.199426979919997393e+04
2.191271703828623868e+04
6.229613792202530931e+03
2.260119023414475123e+03
3.051865331235963822e+03
2.958988002679294368e+03
3.280488378275405466e+03
3.296865784347309273e+03
2.791551181690925205e+03
2.876528289448932355e+03
2.377016617527105154e+03
2.300635347029163768e+03
2.324060455323828137e+03
2.372619017035815432e+03
2.900923473654553163e+03
2.801860096435937521e+03
2.244680823636180321e+03
2.224603784946883479e+03
3.332118845419532590e+03
3.367426316937016509e+03
2.241435254474239628e+03
2.243882349857050940e+03
1.766207960575424295e+04
1.859133045265991677e+04
7.368822158255687100e+03
2.851887795829281913e+03
2.866417973708649697e+03
1.153367244202816801e+04
1.082032753663215044e+04
2.096060352184545081e+03
2.096289817749444865e+03
1.524233495892279734e+03
1.553834611533672842e+03
7.090527483904142173e+03
7.323594472661631698e+03
3.154019023404900054e+03
3.395961130519605831e+03
2.179608258380390544e+04
2.191797800893138992e+04
1.034138017868021416e+04
1.038971414428712706e+04
1.032499026633923677e+04
2.704582777435366097e+03
5.860847720253445004e+03
6.108669249517442950e+03
4.042000771895027719e+04
4.067164437295350217e+04
5.048006085574778990e+04
5.056402262478727789e+04
4.827330525248919002e+03
6.963749564710092272e+03
4.886879871656351315e+04
4.496607788099825120e+04
5.393645891231644782e+03
5.851388894954769967e+03
1.784196457792694900e+03
1.778717796616427904e+03
7.373094872575558838e+03
6.170693315989703478e+03
6.979019163177587325e+04
6.963418378928555467e+04
2.620144270837008662e+03
2.457824241071765300e+03
4.157439596674857057e+03
4.071320915869934197e+03
2.837885304236237062e+03
2.806732441826260128e+03
2.526535176877614958e+03
2.527982001518207198e+03
2.576906866768762484e+03
2.485585242955871763e+03
2.400794660107357231e+03
2.384256278171455506e+03
2.802415922021568804e+03
2.826981605882854183e+03
1.343271469212385273e+04
1.383017628231831259e+04
1.937643930137836151e+03
1.909880624541753832e+03
2.166354800119315769e+04
1.928481101800066972e+04
1.035619698538030025e+04
1.102681821741884050e+04
9.475689315295219785e+03
5.734208478944587841e+04
9.919845160081884387e+03
2.492237548870492446e+03
1.948862232175481495e+03
1.969917764781058168e+03
3.623940661765862751e+04
6.430375416723350099e+03
3.604104327013856164e+03
1.045627620140172075e+04
1.040320642878915532e+04
1.064902690765686857e+05
1.046562825252263574e+05
7.054858138899746700e+04
7.112236306535378390e+04
3.459758951140960562e+03
3.514908818162997704e+03