8.094549903406992541e+00
2.170860135953445624e+00
2.171583702104058045e+00
7.524315143119376437e+00
7.517351820067760038e+00
5.160469577293823384e+00
5.186592819475539073e+00
6.337918455248926719e+00
6.339544180794737471e+00
4.052455475093493575e+00
4.050774758008580889e+00
3.183247534470820650e+00
3.186983426939930197e+00
5.714276150470388949e+00
5.713455993574314995e+00
1.422667083544109268e+01
1.422664727490491821e+01
4.750775798034556630e+00
4.747302059328463386e+00
2.684807154530377105e+00
2.678422020363075085e+00
4.439356614169305715e+00
4.449179077844507724e+00
1.250641298093752596e+01
1.250631893637873837e+01
7.873205563680749641e+00
8.808781553649074780e+00
8.808350225850343662e+00
9.158245372337884049e+00
9.159261369173879785e+00
7.565539927966121958e+00
7.232934530559045783e+00
7.229055446845559452e+00
3.538869893120847987e+00
3.538061248359793520e+00
3.723356423688441552e+00
3.727363024040626360e+00
8.508456026270353689e+00
8.507706689665766930e+00
3.940762931625390930e+00
3.940859403824671148e+00
2.255322351362337940e+00
2.261171014620884989e+00
4.187419493434026307e+00
4.200828211091445219e+00
2.781954581779775282e+00
2.787112472022335030e+00
1.904441851776817574e+00
1.903889075270708942e+00
2.897666211065485609e+00
2.901431776795218020e+00
1.408159616377798606e+01
1.408186390162868129e+01
2.264381400229003916e+00
7.071664007679723696e+00
7.071974508424386130e+00
2.726603505306878450e+00
2.728662683848631865e+00
1.997869157271382257e+00
1.997311352321661682e+00
2.272311825790661821e+00
2.272978165907102888e+00
3.122536460483814835e+00
3.110991516458702311e+00
3.435583099459253553e+00
3.449952802112104866e+00
3.184345505672597110e+00
3.165739738711388807e+00
3.035147209841516425e+00
3.034987559288107040e+00
3.235802779070128921e+00
3.132491087074590119e+00
1.226095906826751758e+01
1.226091599976101953e+01
1.132798456988385460e+01
6.664886780833999325e+00
5.484745490975313942e+00
5.496040556231010399e+00
3.386262324291733794e+00
3.379158680613877141e+00
9.078141472462197825e+00
9.079178761534024034e+00
2.146067927391333008e+00
2.145569021786804420e+00
2.093153962521320466e+00
2.092145005931101753e+00
1.091459017116564389e+01
1.091533364523235150e+01
5.662674584365327668e+00
5.654439633462486015e+00
1.010123533217567449e+01
1.010087250534529879e+01
2.509490955213545149e+00
2.504842397658519459e+00
3.713707352096379921e+00
5.528676506489323295e+00
5.533900342071156331e+00
4.337169541536207262e+00
4.254746448677329873e+00
2.603141389947229989e+00
2.599315302680718087e+00
3.093137409028852591e+00
3.096942118765208196e+00
1.991181282594597812e+00
1.989532177531755819e+00
1.925207387371275614e+00
1.925701460429867895e+00
1.957221751475408222e+00
1.959148278282542011e+00
1.967536696148153963e+00
1.967134797696540538e+00
1.976530556613355749e+00
1.976947431327577664e+00
3.184437338015374763e+00
3.188494457101335389e+00
3.609009671892716486e+00
3.605573357084572272e+00
6.068541105021297177e+00
6.065182707279911156e+00
8.727168827059221812e+00
8.726718831957235523e+00
2.022394462122345971e+00
2.023003999887586613e+00
3.243935182705046216e+00
3.240731474764262376e+00
9.252416722654674075e+00
9.252487925058654028e+00
1.973541802829458236e+00
1.973307691823422472e+00
1.935654584937787748e+00
1.937403630485405204e+00
3.169790175926375575e+00
3.155508107230498904e+00
2.663209235797646901e+00
2.693672916362256586e+00
3.953144564213131318e+00
3.965083044175530702e+00
2.096540918338667847e+00
2.095679259864198229e+00
2.161757030917340838e+00
2.159708217658625973e+00
4.633176920266990351e+00
4.621481249201035979e+00
3.832347181863306584e+00
3.829902025109710895e+00
5.875305131425985650e+00
5.865482104168197708e+00
4.066456599357721302e+00
4.066522449520885374e+00
5.976210534906264193e+00
5.965673919338302156e+00
2.080520756996483200e+00
1.113544142963935535e+01
1.113530310816464208e+01
3.096956486477329573e+00
3.089730477089379423e+00
3.943572161447670865e+00
3.933308731533049940e+00
3.694373451916217910e+00
3.697201425770670458e+00
2.154961538787877551e+00
2.155929191365116182e+00
2.124152682468062103e+00
2.123339312280827507e+00
2.198627690359009179e+00
2.198673045326658304e+00
2.134637806703198581e+00
2.136139119986857793e+00
2.035929929233050828e+00
2.049828362697315942e+00
2.078972848576706944e+00
2.078651564397280271e+00
2.066188527866738234e+00
2.066196101817245001e+00
2.326178540507342074e+00
2.323005775395632799e+00
2.125097187325237336e+00
2.125343119861259567e+00
4.738271050803509077e+00
1.288768824767223187e+01
1.288772088478366840e+01
2.414637268353218236e+00
2.418789999216612863e+00
8.083397872755721636e+00
8.069732743567739064e+00
2.036888128132032350e+00
2.037481735639267821e+00
6.792914949031938043e+00
6.794423315416821652e+00
2.683602210259132814e+00
2.687146056559694518e+00
2.449230354688907596e+00
2.450384826163776619e+00
7.021397757746924206e+00
7.021725232256199156e+00
3.254498068276457268e+00
3.256965352124356006e+00
7.212335124801016129e+00
2.273981143042410391e+00
2.429915638554173807e+00
2.430147498744456680e+00
4.740472950066314972e+00
4.738457965619502943e+00
9.622974768732673212e+00
9.623068373240663220e+00
2.597873667177203139e+00
2.598277060956162732e+00
1.031837713194252260e+01
1.031803073680099914e+01
2.635031429680108062e+00
2.637644893250097322e+00
3.692670048626701007e+00
3.698715906036863288e+00
4.017518571788913029e+00
3.991345303014446788e+00
9.530983034468976101e+00
9.532756644223008280e+00
4.467429039514443367e+00
4.470406128701303494e+00
2.755828798888632747e+00
2.738186138959277649e+00
2.114842709448193858e+00
2.114247518413759241e+00
2.128768376560067566e+00
2.128930358651327293e+00
2.047481471846360535e+00
2.046619128003567045e+00
2.162637753715018984e+00
2.161758057970183167e+00
2.151470626436200906e+00
2.151035445425348858e+00
4.428322806441966186e+00
4.379869350317770582e+00
3.276199093895227232e+00
3.265745265484537807e+00
8.736257254226000413e+00
9.085832525944026017e+00
5.541749127896752114e+00
5.540898314071289299e+00
4.637564745214050710e+00
9.645640897032189187e+00
6.335193026923741755e+00
4.078643403035462356e+00
2.082717792009169955e+00
2.981528382394162957e+00
9.794006722083844707e+00
4.963099033647825564e+00
4.829142046790395604e+00
3.850198309757071780e+00
3.850443227603154384e+00
4.064209637463923386e+00
4.065067238836261865e+00
4.902021952502749080e+00
4.902071928947731472e+00
3.126285229220012063e+00
3.126529536693897882e+00
7.144027199018095686e+00
2.152854359645473004e+00
2.153178457977662497e+00
5.702450634684130826e+00
5.696777301156505047e+00
2.764521744032782724e+00
2.773197377849705880e+00
6.282139674629771520e+00
6.282612316694606847e+00
3.687329572592506821e+00
3.685603149694511860e+00
3.010247792746180817e+00
3.011571234639447425e+00
5.036717451354312480e+00
5.035001793217412036e+00
1.480637634004292913e+01
1.480648554960470520e+01
6.814721998627979893e+00
6.807402179299994138e+00
3.733969556233383891e+00
3.718690190001373352e+00
5.200543062577618336e+00
5.217481807817077488e+00
1.453843158334239938e+01
1.453834357845465597e+01
4.573447665269145368e+00
6.531649401533181631e+00
6.530302493646727768e+00
7.200043489913269035e+00
7.201648688165682266e+00
5.829077803800358559e+00
5.760671827243064591e+00
5.759791213295710754e+00
4.017184731667270192e+00
4.016662849088053377e+00
3.890711379434702799e+00
3.891510313783652641e+00
7.755199915493956375e+00
7.752715428987219326e+00
4.299917534849082124e+00
4.301475803273700826e+00
3.469195027041552581e+00
3.478997789262489260e+00
2.716270332547185529e+00
2.727270382735015097e+00
2.392580049405967024e+00
2.393649392645497809e+00
1.609440679639162264e+00
1.609460499122199684e+00
2.675903771964754707e+00
2.679231724482060706e+00
1.254050469868422901e+01
1.254088196607138528e+01
2.131062258650440633e+00
7.466944901270853308e+00
7.467592206453883108e+00
4.466637459211991512e+00
4.469091798427346163e+00
1.698747998472384113e+00
1.698796232189024868e+00
2.025559934675358775e+00
2.027264647001390419e+00
1.933711714126658210e+00
1.929055910169818144e+00
1.891420592717031779e+00
1.892734453995380317e+00
2.457325325948024997e+00
2.432942763350578907e+00
3.467065310236308040e+00
3.482272111130318759e+00
3.239251848418177815e+00
3.153990202958711020e+00
1.098184777595314721e+01
1.098134248393412093e+01
9.656869802203280173e+00
4.615806586608504070e+00
4.211750129864210379e+00
4.219768456643413046e+00
2.411067693740959417e+00
2.407230618499025532e+00
5.246573496141476056e+00
5.242971337352291705e+00
2.047970285645327237e+00
2.047986441286177683e+00
1.775854084698420543e+00
1.775520446743729552e+00
1.090759327867474759e+01
1.090873977426486441e+01
3.397803964500997420e+00
3.392145845609546573e+00
8.406267144610154674e+00
8.404977360498856243e+00
2.501293907718147302e+00
2.496961598304843211e+00
1.935694834862401015e+00
2.108606767056259823e+00
2.108452384563462179e+00
3.298824830877395975e+00
3.210194459573616044e+00
2.248556360095297801e+00
2.244372349115171250e+00
1.687703202144696046e+00
1.688688308107685776e+00
1.698049475112355822e+00
1.698065269797616628e+00
1.740605062018390825e+00
1.741161122145218121e+00
1.744229809751490334e+00
1.746494124405711501e+00
1.614997735766603437e+00
1.615046996200159901e+00
1.606734821795520185e+00
1.606748996685830599e+00
2.480307422048620758e+00
2.482444202640443187e+00
2.135042896127018697e+00
2.132408001411676857e+00
6.555410819471192418e+00
6.553063525506330755e+00
7.339361694963024263e+00
7.339735577934797917e+00
1.667329093691415132e+00
1.667119640205182662e+00
2.105958314770690620e+00
2.105435669435952839e+00
1.142146829260455121e+01
1.142142177181286478e+01
1.575520808370002079e+00
1.575516200346793960e+00
1.577880866021464934e+00
1.577721282530127667e+00
1.741090325629294222e+00
1.737869923494165247e+00
2.304215256408574053e+00
2.330516813310352209e+00
2.136249514883336253e+00
2.134782174153922796e+00
2.012360750747905769e+00
2.011927912055052392e+00
2.069190191751257402e+00
2.069746157270992537e+00
2.295968540980633854e+00
2.293417717894565833e+00
4.219771754194541202e+00
4.213817467314377119e+00
2.350597626037020493e+00
2.349054476116001933e+00
3.604832887840391908e+00
3.602994703898451778e+00
5.541518330008216253e+00
5.525936851390308213e+00
1.944656987248624569e+00
1.029096506905376884e+01
1.029092084332412327e+01
4.843942172539519753e+00
4.826188108452386771e+00
4.259357229097063602e+00
4.247258573328687170e+00
3.409883135457976167e+00
3.419444228879494840e+00
2.035597645758282503e+00
2.035520963641872516e+00
2.046274650635771852e+00
2.046450570348951281e+00
2.017630212344543761e+00
2.017356539008688276e+00
1.931731343380401977e+00
1.931881965136442947e+00
1.915089424016850339e+00
1.932223757818349208e+00
1.904505482880263223e+00
1.904638716042970081e+00
1.916542222772547932e+00
1.917052386965609312e+00
2.132553468712771405e+00
2.135660842508191326e+00
1.987940847107571241e+00
1.987868131745737621e+00
2.971935470322866646e+00
1.104429261989164957e+01
1.104439064828855166e+01
2.405907132073740851e+00
2.408947383831018474e+00
4.303048945343282305e+00
4.293829400200467994e+00
1.879717621146237194e+00
1.878415282737879721e+00
5.035891206245271867e+00
5.036308815187824806e+00
2.541416949056354735e+00
2.541625451841549754e+00
2.375394986016460486e+00
2.375462750843669202e+00
7.036049869464422457e+00
7.036833204263795771e+00
2.983003267991694685e+00
2.984401073879127786e+00
7.223035568413179064e+00
2.385422959842232515e+00
2.676187345851362753e+00
2.677766600239229966e+00
6.164099929330491889e+00
6.162421828418222169e+00
1.062580367632958733e+01
1.062601703526197738e+01
2.950345083036360005e+00
2.953990353139925862e+00
1.146465052967584164e+01
1.146402497248384478e+01
2.593860721167645877e+00
2.593972302475604064e+00
3.860089873898527202e+00
3.866575447523871389e+00
3.510105296779915118e+00
3.500404523172006233e+00
1.097995305650006159e+01
1.098182577833337703e+01
4.875225507852817941e+00
4.876404669564554872e+00
3.146018778152218864e+00
3.120839914273056515e+00
2.040588983271598433e+00
2.040542704790869077e+00
2.082251266653663446e+00
2.082123731538032541e+00
1.929026431748120274e+00
1.929440238922990991e+00
2.029210630396626858e+00
2.029440010761306645e+00
2.055442858052965338e+00
2.055465874103862944e+00
3.359269091139961638e+00
3.328244916890418015e+00
2.963511693827500793e+00
2.960546455387321085e+00
7.723744281491051744e+00
9.364683206250679959e+00
3.493623231208548230e+00
3.493542959918874313e+00
2.228690808444420135e+00
5.770060876218716217e+00
4.950480278711227200e+00
4.935795251288741525e+00
1.605474009204159058e+00
2.133808317362741125e+00
6.453307659602089963e+00
3.746912423948892457e+00
5.019801917687908066e+00
4.497430931884099259e+00
4.496238530394628619e+00
3.655680580857671558e+00
3.656929297331951378e+00
5.722608984640780605e+00
5.723201661124337036e+00
3.972534388149727036e+00
3.972624542254858504e+00
3.612540967929123159e+00
2.554025723598809972e+00
2.554287654557414466e+00
6.410334285422403688e+00
6.405428076585395480e+00
3.132560311361820560e+00
3.136876481341551060e+00
6.929499755985388809e+00
6.929550448703357901e+00
4.578473787555677355e+00
4.577856558027438183e+00
3.229415023608122937e+00
3.230908872533459153e+00
5.814582370739614703e+00
5.815307909402210207e+00
1.417678828685346915e+01
1.417677996070377766e+01
7.116123396732639605e+00
7.112359063614958288e+00
3.290852832389302485e+00
3.285846391685893320e+00
5.854696783870990906e+00
5.864484594764797443e+00
1.572865818445505859e+01
1.572866977458481941e+01
4.049030059800144521e+00
6.329779595684411397e+00
6.325630946795246956e+00
5.853155140702525294e+00
5.856667815011313394e+00
7.382578683342834402e+00
5.800170944240351290e+00
5.800323153699039835e+00
4.681555324985341215e+00
4.681451272611077741e+00
4.460963795274145660e+00
4.461682122961299513e+00
8.949181528967976362e+00
8.947575344041947432e+00
4.743945182117232484e+00
4.745602343108847876e+00
2.315665285098948534e+00
2.316631718204413826e+00
1.949186847262573519e+00
1.949814087119287276e+00
1.925345378130738583e+00
1.925417281202745468e+00
1.824964584471624240e+00
1.824535255073701734e+00
4.706371064164518891e+00
4.715089344937624105e+00
1.185331568480800790e+01
1.185354451164659295e+01
2.228474288576629991e+00
7.196186605486757593e+00
7.196705084643677530e+00
3.396872584862819178e+00
3.398600643999330373e+00
1.906677428306319921e+00
1.906560635301895346e+00
2.476531102802590034e+00
2.479367084136400390e+00
2.093906093415430991e+00
2.088260170290872519e+00
3.300980706559864863e+00
3.315983202915212757e+00
2.742122163938649937e+00
2.727519477542494908e+00
2.781292002048961542e+00
2.776500586700605400e+00
4.039844710081330170e+00
3.915851760181070507e+00
1.015683067400196116e+01
1.015645055989210199e+01
1.072380970460437766e+01
7.258214758521871701e+00
3.223827146119775389e+00
3.226375500780313210e+00
3.243278849772035066e+00
3.241183185123647892e+00
1.073126422451133699e+01
1.073082160510758953e+01
2.334054515048470169e+00
2.334124296191929293e+00
1.984108036430714650e+00
1.983495495083279048e+00
9.102555700167236807e+00
9.104072569997171627e+00
3.321504103005044950e+00
3.314777961962054320e+00
1.023264342092218371e+01
1.023260831675989735e+01
2.483310576686015736e+00
2.481273970544462859e+00
2.166974532464901682e+00
3.376320699657640922e+00
3.376819180868076753e+00
4.337304194856179684e+00
4.196775785804515380e+00
2.503911536540873950e+00
2.501587271776340771e+00
1.837197606144463702e+00
1.836660751167373373e+00
1.882139352960997325e+00
1.882093946171939258e+00
1.857727515232139082e+00
1.857079855200509888e+00
1.825548519741419629e+00
1.826334451060464659e+00
1.854957843384630101e+00
1.854582661624506912e+00
1.805265504619015582e+00
1.805137237404605743e+00
2.699253847541229323e+00
2.701412220427877653e+00
2.647532843223613153e+00
2.643776446431388205e+00
6.789836989561830904e+00
6.786924345145419757e+00
8.216331011633998926e+00
8.216826925309041130e+00
1.919218160755283842e+00
1.920035753445562099e+00
2.515216871742336657e+00
2.511875739283933040e+00
1.194370807555332625e+01
1.194391846323001083e+01
1.834330234651873948e+00
1.834244879356496716e+00
1.790023184548245716e+00
1.790660517791967221e+00
2.849107958201212210e+00
2.838644663535817791e+00
2.207452932237532472e+00
2.229541896946955148e+00
4.559172873177961272e+00
4.572289994597393381e+00
2.257040851562921002e+00
2.256980820289104184e+00
2.310235660783280132e+00
2.310938476284555509e+00
7.555245607313493927e+00
7.539928596778653791e+00
3.709879010408383859e+00
3.705427622413766109e+00
9.373135530812367833e+00
9.365964063366689629e+00
2.629430587956463672e+00
2.629902649566020933e+00
4.863077560651023923e+00
4.850722456679307015e+00
2.213822738770305332e+00
9.978971431133251357e+00
9.978885815639809920e+00
2.612861901050675506e+00
2.608487850375747819e+00
4.090093493714231698e+00
4.081591066292446612e+00
2.977234071910086044e+00
2.978395341873730562e+00
2.264506848402118244e+00
2.264802993139304998e+00
2.252076029451412609e+00
2.251386270066337403e+00
2.203799783598022533e+00
2.203648401588981010e+00
2.217599495415025324e+00
2.217749714668410643e+00
2.122590448756655590e+00
2.141462936067509037e+00
2.183092015215245763e+00
2.183042959891124291e+00
2.127448928637556858e+00
2.127483690276813721e+00
2.269338325366461184e+00
2.271181361022032164e+00
2.154624985438463369e+00
2.154984320061328340e+00
3.956853768453073794e+00
1.076909022118165460e+01
1.076927663046190453e+01
2.577854391718094718e+00
2.583435944237420845e+00
8.123508680810202165e+00
8.114319939035803841e+00
2.129860753157474029e+00
2.129225652727822826e+00
4.649841914967372425e+00
4.650986596184448096e+00
3.029382468250616078e+00
3.031710515526695460e+00
2.908655659493602830e+00
2.908208168346809952e+00
8.820257632865700970e+00
8.820551096500771848e+00
4.858057442851464458e+00
4.864927234882950202e+00
4.591667118216934185e+00
2.693980599064593306e+00
2.604694020555209821e+00
2.604379065376080327e+00
6.114285035917140121e+00
6.112615637154257264e+00
8.992114132439187557e+00
8.992376772593374312e+00
3.456172508731943260e+00
3.458669537963934726e+00
9.471089252694156357e+00
9.470220583748288234e+00
2.746910831344825166e+00
2.747148422887398578e+00
3.158343479325364189e+00
3.162779869686099588e+00
3.914954683700524019e+00
3.898381013273434892e+00
8.713096147165689587e+00
8.715893188100842792e+00
4.441224489817027887e+00
4.442634633881713313e+00
2.736085956437629196e+00
2.729687291297335339e+00
2.343863294701380884e+00
2.344151870125879444e+00
2.343819544865159976e+00
2.343305514495411135e+00
2.245455337915533534e+00
2.244670769251606579e+00
2.299354510690933662e+00
2.299683446447888802e+00
2.307888423197040240e+00
2.307378057334042776e+00
3.991562457979012102e+00
3.996415644579189408e+00
2.977084153470875627e+00
2.973449629838342378e+00
8.121655109075751611e+00
7.552013911239064292e+00
4.502108259454919548e+00
4.503478835352929366e+00
3.222597223921227272e+00
8.647662923230212684e+00
6.175371460992287176e+00
3.401964015840011513e+00
1.913182494684349422e+00
2.455292052559435945e+00
7.666212623234102352e+00
4.769849287737135235e+00
5.557789323041602891e+00
5.042263936602298102e+00
5.039657262245450298e+00
4.427729745985689469e+00
4.428092733423832250e+00
4.982667979613663256e+00
4.982823423080787961e+00
4.665543088879170242e+00
4.665081514576695731e+00
5.931733207700318644e+00
2.098253175502506895e+00
2.098016004557590630e+00
8.492349139265558122e+00
8.487726963263348523e+00
3.391703278631682750e+00
3.406373217622772120e+00
6.536790003904851432e+00
6.537550940484035955e+00
3.611700480452280537e+00
3.610744807951534963e+00
2.470763118608869657e+00
2.472807792057349907e+00
8.041314433619412227e+00
8.043430399049317003e+00
1.225539035245674135e+01
1.225526589632566399e+01
8.459279401194109482e+00
8.448532635021168247e+00
2.511689052839917391e+00
2.512227419882953949e+00
4.282597733787658179e+00
4.294991673054312287e+00
1.453871964426260277e+01
1.453871484982228068e+01
4.895436089555669668e+00
6.163454819477076185e+00
6.163381905163912933e+00
8.597585542863530605e+00
8.597884513200060752e+00
7.493547743041615306e+00
6.369210734129993945e+00
6.367847742536572930e+00
3.079019215824805755e+00
3.078290974539164448e+00
3.492604588405035848e+00
3.493727720231368572e+00
8.237203482277555722e+00
8.234506298586971695e+00
3.878802374580879953e+00
3.882007945983815045e+00
3.830522074888840667e+00
3.840551282576055492e+00
1.806155619745962948e+00
1.807396898106556238e+00
1.758094752339509848e+00
1.757663074615110510e+00
1.771818033158372829e+00
1.771242606972180500e+00
5.317079388340742341e+00
5.332208229777395836e+00
1.381637881537836776e+01
1.381705727836138387e+01
2.882001726010385845e+00
6.070596098315610867e+00
6.071020256752194477e+00
3.945887890714642854e+00
3.942048223491811942e+00
1.769369961386947576e+00
1.769434213656921440e+00
1.964077434656770649e+00
1.963640043803399848e+00
1.859339918029154992e+00
1.858934054093658306e+00
2.006163983210918378e+00
2.009104347141541069e+00
3.237013885320105810e+00
3.188104452709074277e+00
2.033456756329778958e+00
2.033745611372402617e+00
3.495831048988361722e+00
3.359276955108474905e+00
1.196847703416156961e+01
1.196824686125902559e+01
8.967273211049921144e+00
4.800743439023574588e+00
2.833238342537333754e+00
2.838795141512264308e+00
2.694868375110069270e+00
2.690628915985660008e+00
1.183459864702767739e+01
1.183388130619775858e+01
2.030653544176924008e+00
2.032053268229375487e+00
1.799689831360834269e+00
1.799308549604291985e+00
1.000822441834369592e+01
1.000839346654908191e+01
5.374139145288713948e+00
5.362605243376855846e+00
9.746704515804836433e+00
9.746652780933262150e+00
2.638367571672606271e+00
2.634732556114883995e+00
1.939445869262472089e+00
3.188619839698592084e+00
3.192985161159238583e+00
5.078591232930495636e+00
4.934022610269688691e+00
1.897055726276592136e+00
1.896381524857488010e+00
2.126507527005728093e+00
2.124224619550832749e+00
1.764975691532244317e+00
1.765079340263177476e+00
1.784766292905685559e+00
1.782283911996693559e+00
1.721109624049351750e+00
1.721147200004395694e+00
1.774838507444731261e+00
1.774539100560457383e+00
1.748840050144751412e+00
1.748971926765932494e+00
2.020328034750040747e+00
2.020576907868747885e+00
2.176911797794411463e+00
2.175411777413542413e+00
6.312417793536635457e+00
6.309532240853238605e+00
7.721621288093357904e+00
7.721895162557609105e+00
1.808653093701735548e+00
1.809480642782117954e+00
2.318675130403514917e+00
2.317696096648856230e+00
1.159850728288463628e+01
1.159847317249226251e+01
1.800807644332185209e+00
1.800813130503821746e+00
1.774137216425604180e+00
1.774977930306548268e+00
2.432058232715784474e+00
2.424211798247033034e+00
1.802046801589036074e+00
1.806618805301403397e+00
3.284867437150427616e+00
3.298619309165055302e+00
1.944122803909483332e+00
1.944875956048645271e+00
1.976609578082681340e+00
1.975945133709003265e+00
3.736932785935702217e+00
3.729356069287225406e+00
2.636863624455364707e+00
2.636172702569954396e+00
4.263655863553291958e+00
4.256824773606123102e+00
4.869040007375354584e+00
4.869936475543655163e+00
5.478853433699501174e+00
5.466063319625770411e+00
1.904154875786236545e+00
1.124197508906495280e+01
1.124187069425823182e+01
5.351138868397487869e+00
5.332796706027899347e+00
5.165799771894962866e+00
5.155459474412335652e+00
2.498715076729180140e+00
2.497465384509076181e+00
2.007810488122316883e+00
2.006549697880196881e+00
1.949654635245131384e+00
1.950046431073572117e+00
1.910534469489580722e+00
1.910492093230842015e+00
1.887447178294070715e+00
1.887368251528315000e+00
1.867074466543268585e+00
1.877692135037419829e+00
1.920409987654808637e+00
1.920426222245136039e+00
1.925809881718715921e+00
1.926335227558393370e+00
1.976646063035413681e+00
1.980155746527327398e+00
1.968090446545554428e+00
1.967950913127953116e+00
4.966982935970864155e+00
1.151335250665054666e+01
1.151350787807810683e+01
2.648596452136980695e+00
2.657236836575588956e+00
6.359948921530750532e+00
6.357143144747777086e+00
1.925927021070147793e+00
1.924764438085946772e+00
4.217496988048488937e+00
4.218586217055333876e+00
2.841391897440184611e+00
2.846340549757802041e+00
2.172492027138681614e+00
2.171345724402554467e+00
6.256663280132437777e+00
6.258574283968666663e+00
3.070330209254560128e+00
3.072062674294572915e+00
5.110732039437602126e+00
2.084016371009753676e+00
2.322888703641558195e+00
2.323666053970642853e+00
4.863374667196933565e+00
4.861764850167812568e+00
9.430048797485943268e+00
9.429680337803000967e+00
2.334236841062457213e+00
2.335121786069028982e+00
9.184628944222499314e+00
9.183791461592713645e+00
2.547928766715356286e+00
2.547041578651475291e+00
2.468083330816188692e+00
2.470782884847540384e+00
2.704408965222681260e+00
2.696168081216665069e+00
1.119108245048365902e+01
1.119275462317668790e+01
2.750140077128806482e+00
2.750111696151493312e+00
2.341523553062914154e+00
2.329950876567801643e+00
1.902596517465446890e+00
1.902551711157658421e+00
1.951440558053000984e+00
1.951287917654988213e+00
1.888655268119890707e+00
1.886829796025752959e+00
1.963941872430409852e+00
1.964501038906991015e+00
1.970880927706981200e+00
1.970871766487009458e+00
7.339487349121474935e+00
7.355431659099834540e+00
2.840687324014593784e+00
2.830071758225891632e+00
7.607800824258528216e+00
5.916107474237741748e+00
5.032037202253376584e+00
5.030957482244394541e+00
4.871105643443338629e+00
8.778973497080844623e+00
4.842788783051580559e+00
2.716513917824644242e+00
1.727564436217662314e+00
2.862208391142149644e+00
6.941790672801047002e+00
2.851042998727810751e+00
6.290946327782532599e+00
3.494589156803032726e+00
3.490574291301142829e+00
5.514543473220922642e+00
5.518050609353248426e+00
4.853829601850881303e+00
4.853858053632836622e+00
3.339376822465228045e+00
3.338982774525532271e+00