2.673556200000000000e+07
2.177500468750000000e+05
2.283181875000000000e+05
1.106949500000000000e+06
1.092503500000000000e+06
5.801767680000000000e+08
3.779540160000000000e+08
1.199502900000000000e+07
1.110744900000000000e+07
9.312831000000000000e+06
9.126112000000000000e+06
1.331131500000000000e+07
1.050568700000000000e+07
4.650606000000000000e+06
5.114040000000000000e+06
9.515661440000000000e+08
9.503592320000000000e+08
5.967183000000000000e+06
5.940363000000000000e+06
1.194573750000000000e+06
1.193044875000000000e+06
3.576264400000000000e+07
5.516907200000000000e+07
7.391534720000000000e+08
7.364885120000000000e+08
1.731443800000000000e+07
4.776697200000000000e+07
5.207808000000000000e+07
1.308909040000000000e+08
1.312322320000000000e+08
4.980552800000000000e+07
4.826381000000000000e+06
2.292919000000000000e+06
7.260110500000000000e+06
7.285543000000000000e+06
5.659593000000000000e+06
5.790727000000000000e+06
5.655577600000000000e+07
5.588550800000000000e+07
4.719299000000000000e+06
4.723841000000000000e+06
8.871575000000000000e+06
9.216244000000000000e+06
2.459469800000000000e+07
2.549748800000000000e+07
2.368095400000000000e+07
2.339151000000000000e+07
2.022710600000000000e+07
2.251319600000000000e+07
2.254023750000000000e+06
2.270460500000000000e+06
7.345728800000000000e+07
1.921001200000000000e+07
2.272087000000000000e+06
8.411126000000000000e+06
8.480095000000000000e+06
1.406980960000000000e+08
1.431424800000000000e+08
1.354827900000000000e+07
1.936748000000000000e+07
2.328181800000000000e+07
2.425500600000000000e+07
2.693485800000000000e+07
2.554706600000000000e+07
2.638299400000000000e+07
2.429563000000000000e+07
6.263931500000000000e+06
6.600378000000000000e+06
6.605220500000000000e+06
7.285216000000000000e+06
3.630658400000000000e+07
3.164024800000000000e+07
2.943338496000000000e+09
2.938616576000000000e+09
7.430830080000000000e+09
1.238328800000000000e+08
8.578101000000000000e+06
8.592629000000000000e+06
1.331516400000000000e+07
1.303051300000000000e+07
7.684660800000000000e+07
7.648452800000000000e+07
2.846894500000000000e+06
2.803712250000000000e+06
3.299207187500000000e+05
3.208211562500000000e+05
4.749698400000000000e+07
4.756583200000000000e+07
1.438645400000000000e+07
1.435030900000000000e+07
8.855332800000000000e+07
1.887049600000000000e+08
1.360160750000000000e+06
1.202796250000000000e+06
9.796001000000000000e+06
2.342864600000000000e+07
2.327897400000000000e+07
2.233110000000000000e+07
2.108698800000000000e+07
1.229699400000000000e+07
1.252218000000000000e+07
5.472884000000000000e+06
5.457693000000000000e+06
4.476079000000000000e+06
5.082041000000000000e+06
1.046502900000000000e+07
4.270404500000000000e+06
1.342362500000000000e+07
1.156572000000000000e+07
8.074799500000000000e+06
8.601701000000000000e+06
6.838359500000000000e+06
6.825138500000000000e+06
1.515848300000000000e+07
1.486075000000000000e+07
8.424939000000000000e+06
7.657456000000000000e+06
1.144175300000000000e+07
1.121127500000000000e+07
9.220378880000000000e+08
9.213128320000000000e+08
1.644944200000000000e+07
1.753217200000000000e+07
1.250024900000000000e+07
1.293865500000000000e+07
1.748464800000000000e+08
1.806288960000000000e+08
3.227668250000000000e+06
3.200666750000000000e+06
1.545038250000000000e+06
1.776397500000000000e+06
2.200757600000000000e+07
2.189449400000000000e+07
1.476947100000000000e+07
2.340939000000000000e+07
7.502990500000000000e+06
7.530651500000000000e+06
9.117320000000000000e+06
9.192002000000000000e+06
9.013807000000000000e+06
8.884404000000000000e+06
1.521030400000000000e+07
1.491852500000000000e+07
5.360251500000000000e+06
5.475531000000000000e+06
1.517344600000000000e+07
1.507692700000000000e+07
1.143370100000000000e+07
1.150094300000000000e+07
7.252366500000000000e+06
7.344376500000000000e+06
1.054100200000000000e+07
2.002333600000000000e+08
2.013514880000000000e+08
1.330851200000000000e+07
1.325988900000000000e+07
3.991095250000000000e+06
4.011092250000000000e+06
1.879344200000000000e+07
1.959307200000000000e+07
1.085094600000000000e+07
1.092797300000000000e+07
9.360169000000000000e+06
9.806467000000000000e+06
1.050331400000000000e+07
1.039640700000000000e+07
1.379556900000000000e+07
1.380992300000000000e+07
6.094514500000000000e+06
6.388593500000000000e+06
3.305128500000000000e+06
3.201079000000000000e+06
7.108859000000000000e+06
7.328091000000000000e+06
6.324813500000000000e+06
6.252076500000000000e+06
1.191880100000000000e+07
1.218482200000000000e+07
1.016116400000000000e+07
1.322240480000000000e+08
1.324061520000000000e+08
1.660279500000000000e+07
1.663396000000000000e+07
3.470401500000000000e+06
6.206708000000000000e+06
5.594329000000000000e+06
5.820951500000000000e+06
1.061465400000000000e+07
1.060486100000000000e+07
1.626008400000000000e+07
1.618883400000000000e+07
2.224476500000000000e+06
3.063529500000000000e+06
6.404516500000000000e+06
6.350508500000000000e+06
3.893728000000000000e+06
4.158100250000000000e+06
7.623500800000000000e+07
1.070407300000000000e+07
9.315776000000000000e+06
9.829847000000000000e+06
3.032032000000000000e+06
2.750611750000000000e+06
2.507589600000000000e+07
2.506567600000000000e+07
1.937620250000000000e+06
2.348248250000000000e+06
5.646922240000000000e+09
1.587321216000000000e+09
2.119324375000000000e+05
2.122229062500000000e+05
2.702885250000000000e+06
2.620918500000000000e+06
3.888995000000000000e+06
3.879309750000000000e+06
1.073825280000000000e+08
1.097134560000000000e+08
7.958748500000000000e+06
7.874214000000000000e+06
2.679178200000000000e+07
2.644002400000000000e+07
9.996963000000000000e+06
7.007104000000000000e+06
1.186522200000000000e+07
4.937545500000000000e+06
5.693704500000000000e+06
5.986786000000000000e+06
1.135685900000000000e+07
4.013702250000000000e+06
5.431075500000000000e+06
6.615041500000000000e+06
7.780913000000000000e+06
7.757164500000000000e+06
9.365368000000000000e+06
6.906044500000000000e+06
7.560880000000000000e+07
1.274930880000000000e+08
1.580252100000000000e+07
2.734834000000000000e+07
1.420210250000000000e+06
4.862907200000000000e+07
7.013036500000000000e+06
6.309311500000000000e+06
4.203852800000000000e+09
2.815306400000000000e+07
1.160711400000000000e+07
3.738912000000000000e+06
1.282853840000000000e+08
1.778292200000000000e+07
4.413732800000000000e+07
6.736949500000000000e+06
6.769940000000000000e+06
1.341624560000000000e+08
1.380789120000000000e+08
1.388015000000000000e+07
1.407534000000000000e+07
1.117653000000000000e+06
2.249557000000000000e+06
2.380421500000000000e+06
6.003402500000000000e+06
5.984503500000000000e+06
1.523678200000000000e+07
1.481794200000000000e+07
2.382664200000000000e+07
2.322927200000000000e+07
5.985456000000000000e+06
6.197644500000000000e+06
2.362460500000000000e+06
2.443254750000000000e+06
4.685372500000000000e+06
4.690491000000000000e+06
1.266239280000000000e+08
1.175258320000000000e+08
1.913295800000000000e+07
1.898499200000000000e+07
1.546279800000000000e+07
1.545999600000000000e+07
3.986290250000000000e+06
3.969822250000000000e+06
9.360578560000000000e+08
9.365141120000000000e+08
1.751528000000000000e+07
1.479370200000000000e+07
1.453995900000000000e+07
8.570319000000000000e+06
8.467026000000000000e+06
1.339994200000000000e+07
3.105340250000000000e+06
3.244546250000000000e+06
1.147989400000000000e+07
1.138825600000000000e+07
7.977233500000000000e+06
7.306689000000000000e+06
8.807425280000000000e+08
8.849827200000000000e+08
5.636739000000000000e+06
5.631409500000000000e+06
6.838575000000000000e+05
1.891106125000000000e+06
8.663461875000000000e+05
8.514703750000000000e+05
1.362489500000000000e+06
1.387419875000000000e+06
9.783185625000000000e+05
1.038167937500000000e+06
1.805467250000000000e+06
1.040426125000000000e+06
7.083805184000000000e+09
7.092012032000000000e+09
3.216470250000000000e+06
4.163189600000000000e+07
4.446372500000000000e+06
3.609967250000000000e+06
3.574804250000000000e+06
1.246699500000000000e+06
1.189189000000000000e+06
2.315007750000000000e+06
2.251172750000000000e+06
1.545811875000000000e+06
1.228288750000000000e+06
1.244876750000000000e+06
1.332472000000000000e+06
1.002204562500000000e+06
1.053869875000000000e+06
1.024743812500000000e+06
8.279860000000000000e+05
3.603518400000000000e+07
3.368896000000000000e+07
9.363153920000000000e+08
9.364797440000000000e+08
6.706554880000000000e+08
1.759020000000000000e+07
2.989399200000000000e+07
2.991062000000000000e+07
3.244669500000000000e+06
3.287627000000000000e+06
7.303130400000000000e+07
6.910281600000000000e+07
1.611870500000000000e+06
1.736139500000000000e+06
1.019059250000000000e+06
1.055107000000000000e+06
1.436117700000000000e+07
1.394225500000000000e+07
1.599537400000000000e+07
1.600381100000000000e+07
5.187706000000000000e+07
5.238720800000000000e+07
4.988931000000000000e+06
4.783172500000000000e+06
1.183945125000000000e+06
6.594080000000000000e+05
6.454849375000000000e+05
5.503433000000000000e+06
5.154115000000000000e+06
3.806946250000000000e+06
3.900429750000000000e+06
6.953133750000000000e+05
5.718503750000000000e+05
1.361189500000000000e+06
1.368760250000000000e+06
2.101318750000000000e+06
1.984951125000000000e+06
1.915780750000000000e+06
2.034071500000000000e+06
1.550481375000000000e+06
1.417900000000000000e+06
1.482800125000000000e+06
1.498486750000000000e+06
2.481676500000000000e+06
2.510616250000000000e+06
5.008989000000000000e+06
4.990061000000000000e+06
4.775744400000000000e+07
5.162892800000000000e+07
1.925817400000000000e+07
4.151980400000000000e+07
2.461185500000000000e+06
2.478071750000000000e+06
3.749651000000000000e+06
3.861323000000000000e+06
6.408853120000000000e+08
6.443298560000000000e+08
9.984463750000000000e+05
1.091857000000000000e+06
8.521105000000000000e+05
8.680131875000000000e+05
7.924403750000000000e+05
7.810685625000000000e+05
1.800779250000000000e+06
2.223960500000000000e+06
1.542129375000000000e+06
1.516024125000000000e+06
1.130846125000000000e+06
1.176722875000000000e+06
1.055675250000000000e+06
1.053639125000000000e+06
2.299749250000000000e+06
2.325101500000000000e+06
5.171738500000000000e+06
4.831956000000000000e+06
3.015905750000000000e+06
2.986899750000000000e+06
2.407173000000000000e+06
2.445635750000000000e+06
3.345997750000000000e+06
3.273238250000000000e+06
4.091024750000000000e+06
2.647939520000000000e+08
6.803352960000000000e+08
4.542650000000000000e+06
4.614950500000000000e+06
1.059992100000000000e+07
1.016041100000000000e+07
3.892784750000000000e+06
3.938940750000000000e+06
1.205350000000000000e+06
1.206069000000000000e+06
1.282569625000000000e+06
1.328858500000000000e+06
2.162213250000000000e+06
2.163174500000000000e+06
1.974524750000000000e+06
1.893536625000000000e+06
5.391321250000000000e+05
5.540827500000000000e+05
2.063749375000000000e+06
6.100065000000000000e+05
8.539996250000000000e+05
8.087236250000000000e+05
8.144181250000000000e+05
8.151061250000000000e+05
5.054378000000000000e+06
5.087424000000000000e+06
7.816623500000000000e+06
4.116277120000000000e+08
4.126036480000000000e+08
2.812815750000000000e+06
2.651703750000000000e+06
4.647938500000000000e+06
4.613729500000000000e+06
9.084188750000000000e+05
9.063217500000000000e+05
1.145522250000000000e+06
1.019689812500000000e+06
2.422956500000000000e+06
2.506977000000000000e+06
3.995741500000000000e+06
3.787687750000000000e+06
2.423034600000000000e+07
2.410905600000000000e+07
5.168502812500000000e+05
4.725552500000000000e+05
2.710865400000000000e+07
1.002422875000000000e+06
2.104810000000000000e+06
1.616096750000000000e+06
7.987674000000000000e+06
8.010050500000000000e+06
2.122721000000000000e+07
2.333117200000000000e+07
1.645249375000000000e+06
1.614105750000000000e+06
1.788235980800000000e+10
1.813322547200000000e+10
3.583348250000000000e+06
3.487148250000000000e+06
2.520474600000000000e+07
2.543767600000000000e+07
6.273894000000000000e+06
6.173512000000000000e+06
4.704866800000000000e+07
4.709878400000000000e+07
6.429023500000000000e+06
6.413826500000000000e+06
5.601198500000000000e+06
5.578225500000000000e+06
1.477774000000000000e+06
1.478534375000000000e+06
1.435209875000000000e+06
1.360460250000000000e+06
8.859985625000000000e+05
8.419769375000000000e+05
1.253067375000000000e+06
1.220153250000000000e+06
1.378891500000000000e+06
1.426072375000000000e+06
4.709790000000000000e+06
4.670129000000000000e+06
1.438456000000000000e+06
1.471952000000000000e+06
3.191525800000000000e+07
1.813078600000000000e+07
2.624262250000000000e+06
2.592240750000000000e+06
4.067696000000000000e+06
1.623286300000000000e+07
9.097153000000000000e+06
4.163468400000000000e+07
1.766688000000000000e+06
1.788149375000000000e+06
4.987617200000000000e+07
5.122147000000000000e+06
4.025852000000000000e+07
1.225178800000000000e+07
1.212387500000000000e+07
1.110516400000000000e+07
1.104227100000000000e+07
1.167551500000000000e+07
1.174519300000000000e+07
1.746300625000000000e+06
1.827763125000000000e+06
2.322373750000000000e+06
4.686992000000000000e+06
2.859060400000000000e+07
1.914149800000000000e+07
1.883458800000000000e+07
9.458553000000000000e+06
9.504043000000000000e+06
5.138305200000000000e+07
5.186431600000000000e+07
3.846276000000000000e+06
1.269189800000000000e+07
3.198823000000000000e+07
1.191388880000000000e+08
7.680752000000000000e+06
7.685798000000000000e+06
3.548550720000000000e+08
3.549762880000000000e+08
1.957651600000000000e+07
1.966110600000000000e+07
2.642256000000000000e+06
2.635942250000000000e+06
7.649237500000000000e+06
7.777445500000000000e+06
4.194675200000000000e+08
4.196933760000000000e+08
3.045326500000000000e+06
7.905280800000000000e+07
7.841808800000000000e+07
2.148053440000000000e+08
2.104858880000000000e+08
2.274586560000000000e+08
2.627874200000000000e+07
2.207250400000000000e+07
1.814635400000000000e+07
1.311476100000000000e+07
7.489836500000000000e+06
9.536081875000000000e+05
5.330577200000000000e+07
4.386000800000000000e+07
2.452160600000000000e+07
3.311131800000000000e+07
9.346733000000000000e+06
9.361469000000000000e+06
2.552352000000000000e+06
2.511027000000000000e+06
1.349730000000000000e+07
1.287191000000000000e+07
1.556790500000000000e+06
1.281880000000000000e+06
2.063523328000000000e+09
2.158448896000000000e+09
3.916493824000000000e+09
3.911429632000000000e+09
2.597744750000000000e+06
7.280562400000000000e+07
6.988746400000000000e+07
2.566359800000000000e+07
2.412632800000000000e+07
2.183099750000000000e+06
1.903942875000000000e+06
4.244328125000000000e+05
4.884143437500000000e+05
1.057782400000000000e+07
1.191231000000000000e+07
4.740748125000000000e+05
4.850927187500000000e+05
3.897092250000000000e+06
4.901312500000000000e+06
4.028220400000000000e+07
4.379884400000000000e+07
2.705628000000000000e+07
2.747618200000000000e+07
3.799134400000000000e+08
3.795337280000000000e+08
3.817227840000000000e+08
1.013549760000000000e+08
1.611085900000000000e+07
1.699149800000000000e+07
3.205297400000000000e+07
3.129870400000000000e+07
2.256201600000000000e+08
2.181783200000000000e+08
1.796533125000000000e+06
2.101897250000000000e+06
9.983054400000000000e+07
8.665368800000000000e+07
2.006439520000000000e+08
2.052548800000000000e+08
7.625897500000000000e+06
7.483343500000000000e+06
2.816486080000000000e+08
2.858436800000000000e+08
1.157781360000000000e+08
1.138221360000000000e+08
1.050845118464000000e+13
1.392363520000000000e+08
1.306420960000000000e+08
4.832705600000000000e+08
4.538630400000000000e+08
5.773487360000000000e+08
5.825786880000000000e+08
9.990429000000000000e+06
8.839410000000000000e+06
4.227857600000000000e+07
4.969112400000000000e+07
9.596830000000000000e+06
9.088737000000000000e+06
3.188594400000000000e+07
3.384089200000000000e+07
1.142631000000000000e+07
7.649041000000000000e+06
5.145756000000000000e+07
9.207748800000000000e+07
3.010664800000000000e+07
2.969628400000000000e+07
2.588132750000000000e+06
2.576535250000000000e+06
2.506898200000000000e+07
2.458482000000000000e+07
4.463237200000000000e+07
4.503345600000000000e+07
5.639650800000000000e+07
5.723512800000000000e+07
6.387983125000000000e+05
5.962901250000000000e+05
6.062697600000000000e+08
6.063303680000000000e+08
4.512614000000000000e+07
3.778259200000000000e+07
3.724357000000000000e+06
3.180457750000000000e+06
5.670626250000000000e+05
5.797959375000000000e+05
9.083871875000000000e+05
9.000795625000000000e+05
5.510959600000000000e+07
6.871758400000000000e+07
3.994991600000000000e+07
4.154303600000000000e+07
4.903902400000000000e+07
4.351588800000000000e+07
3.905260800000000000e+08
4.221803840000000000e+08
1.323274960000000000e+08
1.975778720000000000e+08
2.265172960000000000e+08
2.183100960000000000e+08
1.461443840000000000e+09
1.403471744000000000e+09
8.504068000000000000e+07
8.746904800000000000e+07
1.510384800000000000e+08
3.318062000000000000e+07
3.319016000000000000e+07
1.741848800000000000e+08
1.750151200000000000e+08
1.405646125000000000e+06
1.364187875000000000e+06
1.873713600000000000e+08
1.802749280000000000e+08
4.542256000000000000e+07
4.364697200000000000e+07
5.092282800000000000e+07
5.006070400000000000e+07
4.709870000000000000e+07
4.908917600000000000e+07
6.367628400000000000e+07
6.181194400000000000e+07
4.152114000000000000e+07
1.009427520000000000e+08
1.624641280000000000e+08
1.497345600000000000e+08
5.685426000000000000e+07
7.652708800000000000e+07
1.556637300000000000e+07
1.425233700000000000e+07
6.444149200000000000e+07
1.427747100000000000e+07
4.648484000000000000e+07
9.413304000000000000e+07
9.386423200000000000e+07
5.863516500000000000e+06
5.393092000000000000e+06
2.736462080000000000e+08
2.695234560000000000e+08
1.307442960000000000e+08
1.042708640000000000e+08
1.156010000000000000e+07
1.272739100000000000e+07
5.233218500000000000e+06
5.291149000000000000e+06
9.133177856000000000e+09
5.901771776000000000e+09
6.847410400000000000e+07
6.845263200000000000e+07
1.190844960000000000e+08
1.162198080000000000e+08
2.786991000000000000e+07
1.328824240000000000e+08
2.918112256000000000e+09
2.238337536000000000e+09
7.660344500000000000e+06
7.132353500000000000e+06
1.014832080000000000e+08
1.020473200000000000e+08
1.941558720000000000e+08
9.403684000000000000e+07
4.358158800000000000e+07
4.348938000000000000e+07
4.159088800000000000e+07
2.786678200000000000e+07
9.387434400000000000e+07
9.441784800000000000e+07
3.688050000000000000e+07
3.709734000000000000e+07
9.312777600000000000e+07
8.927427200000000000e+07
2.541318400000000000e+08
2.521655200000000000e+08
7.751333600000000000e+07
7.917826400000000000e+07
4.845278000000000000e+07
5.070698000000000000e+07
1.548224000000000000e+07
1.703831800000000000e+07
1.472817100000000000e+07
7.437739000000000000e+06
2.921342200000000000e+07
2.725077400000000000e+07
1.373755800000000000e+07
2.941435800000000000e+07
1.659128700000000000e+07
1.762451000000000000e+07
7.471135625000000000e+05
7.372710625000000000e+05
2.432812200000000000e+07
1.209411280000000000e+08
1.148767360000000000e+08
1.164860480000000000e+08
3.153934720000000000e+08
2.548774800000000000e+07
5.009205821440000000e+11
1.049046560000000000e+08
1.906225280000000000e+08
1.152834200000000000e+07
9.918939000000000000e+06
2.020457125000000000e+06
2.636745250000000000e+06
1.718478500000000000e+06
1.696337500000000000e+06
1.253343500000000000e+06
1.222798125000000000e+06
1.089008800000000000e+08
1.115570000000000000e+08
1.863029750000000000e+06
3.502517200000000000e+07
7.288307500000000000e+05
9.513937500000000000e+05
8.865266875000000000e+05
6.596340000000000000e+06
6.651847000000000000e+06
3.554682750000000000e+06
3.598789500000000000e+06
6.003146000000000000e+06
6.014763500000000000e+06
6.665963500000000000e+06
2.202673400000000000e+07
1.655243300000000000e+07
1.666262700000000000e+07
7.013129500000000000e+06
7.100628000000000000e+06
2.912047360000000000e+08
3.204227840000000000e+08
8.172579200000000000e+07
8.121316000000000000e+07
2.125923250000000000e+06
2.012825125000000000e+06
6.443386000000000000e+06
5.613524000000000000e+06
4.385898240000000000e+08
8.184387200000000000e+08
5.013724000000000000e+07
1.595538200000000000e+07
1.690170600000000000e+07
4.093915500000000000e+06
3.916090000000000000e+06
9.339374000000000000e+06
9.173780000000000000e+06
9.217565000000000000e+06
4.389746500000000000e+06
4.422938500000000000e+06
1.900640160000000000e+08
1.887482400000000000e+08
1.742960200000000000e+07
1.747449000000000000e+07
5.526017000000000000e+06
1.478747500000000000e+07
7.706623500000000000e+06
7.984046000000000000e+06
7.080859375000000000e+05
3.249544062500000000e+05
4.498066250000000000e+05
4.534753437500000000e+05
4.959140625000000000e+05
4.346677187500000000e+05
1.135937700000000000e+07
1.145113600000000000e+07
1.295202000000000000e+08
1.161910400000000000e+08
6.183534500000000000e+06
4.517312800000000000e+07
4.470356400000000000e+07
4.270582000000000000e+07
4.194006000000000000e+07
7.165141250000000000e+05
7.912323750000000000e+05
1.112737000000000000e+06
2.311058593750000000e+05
4.027448750000000000e+05
3.823427812500000000e+05
7.392567500000000000e+05
7.844493750000000000e+05
2.395931000000000000e+06
1.937615125000000000e+06
5.098740937500000000e+05
5.079264375000000000e+05
4.693589500000000000e+06
4.418338000000000000e+06
9.913522560000000000e+08
9.905043840000000000e+08
3.720130240000000000e+08
5.744551000000000000e+06
3.529924000000000000e+06
3.486367250000000000e+06
2.578249750000000000e+06
2.572349500000000000e+06
1.860709785600000000e+10
1.847477248000000000e+10
1.152096625000000000e+06
1.208794625000000000e+06
4.775772500000000000e+05
5.719437500000000000e+05
1.940757280000000000e+08
1.896993280000000000e+08
9.560229000000000000e+06
9.453836000000000000e+06
4.175326080000000000e+08
4.335461120000000000e+08
1.615957375000000000e+06
4.273494000000000000e+06
7.812861250000000000e+05
1.164530250000000000e+06
9.851779375000000000e+05
9.840165000000000000e+06
9.354380000000000000e+06
2.667536500000000000e+06
2.667181250000000000e+06
1.948138125000000000e+05
1.897755312500000000e+05
4.616862812500000000e+05
4.567250937500000000e+05
5.103176250000000000e+05
5.223337812500000000e+05
5.895325625000000000e+05
5.814478750000000000e+05
3.843262812500000000e+05
3.868690625000000000e+05
3.944860000000000000e+05
3.847576250000000000e+05
2.182090250000000000e+06
2.173480750000000000e+06
5.734864000000000000e+06
5.734723000000000000e+06
1.671881500000000000e+07
1.663523400000000000e+07
7.027939000000000000e+06
7.032681500000000000e+06
1.126327625000000000e+06
1.111842250000000000e+06
7.836354375000000000e+05
9.865895625000000000e+05
6.568980480000000000e+08
6.574702080000000000e+08
2.726990625000000000e+05
2.856228750000000000e+05
1.002419187500000000e+06
9.966016250000000000e+05
4.341349687500000000e+05
4.413966875000000000e+05
3.383964062500000000e+05
3.481184375000000000e+05
2.330539750000000000e+06
2.343615250000000000e+06
3.402670250000000000e+06
3.498039750000000000e+06
2.895603000000000000e+06
2.933786750000000000e+06
8.541650000000000000e+06
8.437018000000000000e+06
6.011280000000000000e+06
6.001428000000000000e+06
4.654927200000000000e+07
4.648730000000000000e+07
2.769250200000000000e+07
2.833071200000000000e+07
3.964951000000000000e+06
4.017040000000000000e+06
5.442849375000000000e+05
4.644414400000000000e+07
4.698728400000000000e+07
7.801768000000000000e+06
7.824090000000000000e+06
2.347744200000000000e+07
2.330293400000000000e+07
3.699783000000000000e+06
2.252176750000000000e+06
2.257479750000000000e+06
2.184155750000000000e+06
2.728488500000000000e+06
2.777127750000000000e+06
2.217286500000000000e+06
2.284184750000000000e+06
9.459570000000000000e+05
9.543840000000000000e+05
1.253950750000000000e+06
1.271862500000000000e+06
1.843546875000000000e+06
1.792235500000000000e+06
5.375656875000000000e+05
5.349553750000000000e+05
1.532838125000000000e+06
1.533650375000000000e+06
1.711104000000000000e+06
1.697176375000000000e+06
3.967958800000000000e+07
3.707912800000000000e+07
2.954873400000000000e+07
2.217667500000000000e+06
2.229202250000000000e+06
1.035171700000000000e+07
9.345079000000000000e+06
7.645793125000000000e+05
7.536765625000000000e+05
6.231102500000000000e+05
5.768858125000000000e+05
5.891545500000000000e+06
6.354115000000000000e+06
1.385970125000000000e+06
1.488738500000000000e+06
3.037313200000000000e+07
3.070639000000000000e+07
9.094749000000000000e+06
9.217417000000000000e+06
7.548734000000000000e+06
1.005291437500000000e+06
4.239131500000000000e+06
4.521481000000000000e+06
7.906012800000000000e+07
7.997680000000000000e+07
1.274278160000000000e+08
1.278163760000000000e+08
5.451667000000000000e+06
6.931345500000000000e+06
1.500196800000000000e+08
1.346776960000000000e+08
4.428329500000000000e+06
4.875638000000000000e+06
1.900178000000000000e+06
1.937731625000000000e+06
6.234088000000000000e+06
4.794739000000000000e+06
2.668938240000000000e+08
2.658564480000000000e+08
1.761971875000000000e+06
3.928116000000000000e+06
3.067370250000000000e+06
3.012572750000000000e+06
2.799831250000000000e+06
2.742269000000000000e+06
2.634903250000000000e+06
2.653587500000000000e+06
2.393282500000000000e+06
2.255143250000000000e+06
2.402102750000000000e+06
2.354375000000000000e+06
2.816689500000000000e+06
2.808757500000000000e+06
1.488771400000000000e+07
1.562845900000000000e+07
2.674771562500000000e+05
2.901935312500000000e+05
3.351977600000000000e+07
2.702261000000000000e+07
7.899724500000000000e+06
8.722170000000000000e+06
8.180225500000000000e+06
1.616822080000000000e+08
7.786634000000000000e+06
9.525013750000000000e+05
5.427253125000000000e+05
3.580190625000000000e+05
1.376522560000000000e+08
3.560314750000000000e+06
5.190247500000000000e+06
7.891750000000000000e+06
7.839604500000000000e+06
5.483980800000000000e+08
5.279470400000000000e+08
2.370157280000000000e+08
2.408870560000000000e+08
8.883043750000000000e+05
9.102718125000000000e+05