5.165640988579555115e-01
1.826687031641960890e-01
1.826482414133615562e-01
1.958911117627411824e-01
1.957703223738517517e-01
2.404011673480442313e-01
2.415342756302419347e-01
2.566131407382479246e-01
2.565878703953449746e-01
2.404327231423067091e-01
2.403620175288319061e-01
2.063198325757539808e-01
2.063429189987436019e-01
2.959816526939024750e-01
2.958854162802418419e-01
3.641620160941710260e+00
3.640993067020152463e+00
2.871100768770986078e-01
2.868114089162201452e-01
2.089422889477644818e-01
2.086176953538383116e-01
2.325183537894135455e-01
2.327664127054978882e-01
2.724711732459172087e+00
2.725449244260395698e+00
2.248601140840077173e-01
1.748380158230658232e-01
1.748038752346501024e-01
3.178161877402356228e-01
3.180883030217764862e-01
2.798029193369681589e-01
1.667954460453907328e-01
1.667543506274676846e-01
2.186350655091965911e-01
2.186235521864225984e-01
2.371118090569629688e-01
2.374855131110001349e-01
5.692446509291820833e-01
5.687620292830010138e-01
2.977533813297282284e-01
2.978681757276499531e-01
2.043133688698245132e-01
2.045516624392699490e-01
2.313229569966552268e-01
2.315969647657611930e-01
1.908427962033870384e-01
1.908797630532887146e-01
1.680470514030824036e-01
1.680427200777952212e-01
1.586401099078638133e-01
1.586329890047236679e-01
9.074119233614833524e-01
9.086892823460082091e-01
1.783063670609512930e-01
1.754401356132398448e-01
1.754765067024182668e-01
1.925477715620029229e-01
1.925461964658404523e-01
1.644573867055075245e-01
1.644638855265968258e-01
1.656392125829274919e-01
1.656406556711604861e-01
2.059019281990727146e-01
2.056760011584012060e-01
2.118878426512033064e-01
2.121592569688579843e-01
1.830278155175021626e-01
1.826149494636122306e-01
1.470032899670157545e-01
1.471160056500505631e-01
1.881711685064962614e-01
1.874211891479349579e-01
5.558669549151078471e+00
5.554645042351783246e+00
2.941165325168952016e+00
2.395008483506567143e-01
1.766461015323751993e-01
1.769818837879217899e-01
1.944248895046613301e-01
1.942874604154367635e-01
2.993591509958825059e-01
2.990639565570325509e-01
1.827199706836604154e-01
1.827335853871189797e-01
1.361231423432513465e-01
1.361095698322130065e-01
1.588627203186640191e+00
1.590187776031841249e+00
1.970835311556059233e-01
1.969395732565411006e-01
1.109783833042993884e+00
1.109468645379500185e+00
1.450249527308245800e-01
1.449956728184158272e-01
1.565775333427755212e-01
1.701601987357835299e-01
1.702913345933044775e-01
1.891165029223243199e-01
1.874694388536111700e-01
1.616053207563558358e-01
1.615888980041899625e-01
1.045237818734628676e-01
1.045421279391076930e-01
1.651528295796664825e-01
1.651430477018140941e-01
1.708396066433003901e-01
1.708140935247330627e-01
1.647786647281476724e-01
1.647572711304439164e-01
1.615667276703317001e-01
1.615348169042577220e-01
1.591103045727084719e-01
1.590983813814219883e-01
1.495708050753209728e-01
1.495773919337536062e-01
1.614369925313317855e-01
1.613285215640206105e-01
1.764987687739021649e-01
1.764074919566691879e-01
1.538929840136988858e-01
1.538233401227629971e-01
1.494625359520954100e-01
1.494714704949297313e-01
1.691128567322869036e-01
1.690858551705632373e-01
3.348347516385144385e+00
3.348951224917840364e+00
1.585986579353952930e-01
1.586862086612909339e-01
1.663599105871363948e-01
1.663724198625637640e-01
2.033228428914443109e-01
2.030713542336693711e-01
2.074458055867806072e-01
2.079169057816824817e-01
1.959771300043681719e-01
1.964008174503314164e-01
1.576911875569528276e-01
1.577393371185963067e-01
1.590249052381438322e-01
1.591322446383766076e-01
1.689391829192781469e-01
1.688224179553575732e-01
1.828190316354091627e-01
1.827897199534106454e-01
1.714240019684674932e-01
1.712358217961982287e-01
1.889891929891727163e-01
1.890568205167015570e-01
3.428769654911223985e-01
3.417024013255666182e-01
1.587709919249011004e-01
1.430243604964265502e+00
1.430044272627101876e+00
1.498287496440741384e-01
1.497905840606114369e-01
1.496979510492777998e-01
1.496629244054957508e-01
1.690749694676976222e-01
1.690673025693901765e-01
1.591778518237429441e-01
1.591555094443861118e-01
1.625297580731537850e-01
1.625286351801343288e-01
1.583093741347250394e-01
1.583945815216089015e-01
1.624927418626061215e-01
1.625331923589821981e-01
1.589152053208759130e-01
1.606633870575444878e-01
1.518718238119267649e-01
1.519447958841761426e-01
1.466815140136422391e-01
1.466844262434224833e-01
1.561793713661531191e-01
1.562242482028287915e-01
1.552898435243679764e-01
1.553168886010557193e-01
1.517650153921437373e-01
1.033169014782508111e+00
1.033901585783680632e+00
1.508175521275163244e-01
1.508516005889111167e-01
2.646440123405455203e-01
2.639634127050543011e-01
1.567573061649908950e-01
1.567836956718959007e-01
1.580548160174393701e-01
1.580775078403860445e-01
1.585901154292377324e-01
1.586039573035026295e-01
1.486471273259393211e-01
1.486464826806287443e-01
2.846036122946693503e-01
2.845861881140961946e-01
1.191804547512395895e-01
1.192009559517702988e-01
2.920356275511274968e-01
1.483367080346640055e-01
1.406392393092361082e-01
1.406268344255942049e-01
1.351025573999836416e-01
1.350677136989285321e-01
3.273410485397136305e-01
3.274495422933011435e-01
1.503032177704389516e-01
1.503584751831063548e-01
2.380941127569479399e+00
2.380457722325458825e+00
1.434282913296655027e-01
1.434912037433430931e-01
1.590449200070508662e-01
1.590998425674882422e-01
1.358665980227653225e-01
1.357560987784515727e-01
7.572321315391457031e-01
7.581356282018459902e-01
1.701421680239444678e-01
1.702030165981456289e-01
1.595378021177231154e-01
1.593958831844547730e-01
1.608980020250310172e-01
1.609236444407261823e-01
1.598414401051480027e-01
1.598190365020581982e-01
1.370498790598419225e-01
1.370490319529291401e-01
1.610399948710409535e-01
1.609254765226438288e-01
1.602914299027601297e-01
1.602535161093842364e-01
1.349356179901393948e-01
1.346208121180732797e-01
1.488419754829426178e-01
1.485754030704851958e-01
2.724623190279183982e-01
3.118852426621088747e-01
1.283049380871575662e-01
1.283043034690749817e-01
1.552227173855835196e-01
1.834273272644714736e-01
2.174629159458600913e-01
1.465284405330348483e-01
1.436175809065400044e-01
1.336778050075082547e-01
1.467513296500396747e-01
1.259174616482743037e-01
1.534097867814765148e-01
1.948700471057152606e-01
1.948406273473426709e-01
2.464760784136076077e-01
2.464779171993785323e-01
2.370163083507572099e-01
2.370492680046504541e-01
2.593902409920504359e-01
2.594850552231824925e-01
4.346638818547264305e-01
2.839554840191048091e-01
2.839608480032185245e-01
1.935213981613654044e-01
1.935334711166496191e-01
2.692209432742601050e-01
2.696080093449412796e-01
3.043369824734480922e-01
3.042960245375857520e-01
2.830583607537573432e-01
2.830134118961710188e-01
2.675587416806702312e-01
2.674923868070787081e-01
2.603782022593733037e-01
2.604565054895915388e-01
2.759299461526378394e+00
2.758799505449656575e+00
3.455841745980593460e-01
3.453149390288312581e-01
3.412301345056001911e-01
3.405476656010754666e-01
3.786808763871767347e-01
3.793835945983307090e-01
4.718312268686395861e+00
4.719373771376808691e+00
2.188731558447288839e-01
1.872701398359565839e-01
1.872147650061792290e-01
2.866382738453230883e-01
2.867917778337782386e-01
3.773067316822158457e-01
3.650873773946965439e-01
3.650434431053334317e-01
3.490159072616961233e-01
3.490130324189646416e-01
3.690843927686369708e-01
3.695247075093622269e-01
5.342332380737004893e-01
5.338124778084508693e-01
3.908768272839241997e-01
3.909644364284061702e-01
3.031398650914766124e-01
3.034815086764699466e-01
2.785956234765582518e-01
2.786177787439190756e-01
2.623859615542649126e-01
2.623385104812142599e-01
2.468694791435187275e-01
2.468531814778883171e-01
2.436896427266548870e-01
2.437450047111208440e-01
1.768258381558847514e+00
1.769685861317461972e+00
2.021703575703176492e-01
2.419626486415865363e-01
2.419769855039636264e-01
2.830045121091759874e-01
2.829173784690003912e-01
2.428709146907248595e-01
2.428626196526688930e-01
2.521949919152354225e-01
2.521959994317121145e-01
2.745996576755741492e-01
2.745720705625988578e-01
2.815072996177817588e-01
2.814898035773646390e-01
2.680156859990248108e-01
2.677050526656235552e-01
2.391298033693654568e-01
2.394193838387559115e-01
3.035235128200436394e-01
3.011118763415033261e-01
3.647062656130321656e+00
3.644798477878733234e+00
1.901124589840123891e+00
2.925030422800001806e-01
2.677778010362820704e-01
2.681192325594193848e-01
2.746450025476488976e-01
2.746230137493987367e-01
5.596200721730861805e-01
5.595323942791563532e-01
2.810093619482157412e-01
2.810264898368777797e-01
1.910333901338319984e-01
1.910053687472832717e-01
1.257368995848158422e+00
1.258652880388974493e+00
2.081052039894448757e-01
2.080613097796184530e-01
4.068227269921183553e-01
4.066373875980600627e-01
2.027067465350907427e-01
2.025977963200073229e-01
1.952405787000544291e-01
1.885999198387219578e-01
1.886189145141388135e-01
2.157035669458430005e-01
2.146878571877494923e-01
2.201023366656658098e-01
2.201319867832737531e-01
1.511634621346483465e-01
1.511779205109600455e-01
2.296732704416059589e-01
2.296682336644226274e-01
2.341342954167066892e-01
2.341236540912992325e-01
2.292827759558476453e-01
2.292248428438930785e-01
2.289213682478043188e-01
2.289125095359463291e-01
2.258209243579142045e-01
2.258065934679527598e-01
2.150327088862244440e-01
2.150432590335965011e-01
1.968160995608194686e-01
1.968200261781316018e-01
2.536296304884088082e-01
2.535320971407785118e-01
2.230276897734579933e-01
2.229836825195238015e-01
2.336189156454993310e-01
2.336070937175455109e-01
2.128470306592441796e-01
2.128286561326803439e-01
1.841135113033074333e+01
1.841295203502622257e+01
2.293004149666499070e-01
2.294199564526147039e-01
2.371762063158907585e-01
2.372520849486770556e-01
2.501324091253128712e-01
2.501353925185830773e-01
2.817953971729048601e-01
2.819392555430145775e-01
2.201405631695889098e-01
2.202366119377155707e-01
2.148663407488058952e-01
2.148805855398301656e-01
2.183422140204069606e-01
2.183817205898124225e-01
2.154290117070930544e-01
2.154193808523465758e-01
2.436897549132229224e-01
2.435492409323484486e-01
2.030958057514018478e-01
2.030516906518154974e-01
2.149399449474847512e-01
2.149891991555364645e-01
2.251322816154713302e-01
2.247893752460253802e-01
2.047479363871030356e-01
1.081948643720725300e+00
1.081852745673985483e+00
2.511699395202121599e-01
2.505844091158879738e-01
2.376787473585910970e-01
2.373566184073778174e-01
2.281369994436929227e-01
2.282352594937825108e-01
2.154870240811051496e-01
2.154747626583112530e-01
2.211616123015263669e-01
2.211136143500513629e-01
2.194220827998542844e-01
2.195531182654948676e-01
2.206670957299571023e-01
2.207395688679793244e-01
2.153769984049752895e-01
2.174932215409836889e-01
2.046952278093499000e-01
2.047637012298496595e-01
1.994068435888718127e-01
1.993977611555126372e-01
2.073454358531393038e-01
2.073184661915227489e-01
1.968981584740315538e-01
1.968420259704477815e-01
1.526540370334781849e-01
1.558053113544769497e+00
1.559058551115467317e+00
2.100793779767280711e-01
2.101485360872240304e-01
2.310902900535180271e-01
2.309826678113502951e-01
2.137226838434821974e-01
2.137630345118610165e-01
2.161360180329175151e-01
2.161370556511307550e-01
1.812233623447993824e-01
1.811900783263980519e-01
1.885509589129777397e-01
1.885471378490448935e-01
2.843139908617454692e-01
2.843035955026079753e-01
1.878822482582018227e-01
1.879761172297563510e-01
2.060288052679268289e-01
1.793266426904704114e-01
1.966068142289817688e-01
1.966382836571959336e-01
1.991235294342267037e-01
1.990674907700273055e-01
4.728841049071405012e-01
4.729319045591270365e-01
1.749031593318248201e-01
1.749832407897070619e-01
7.465526872511513146e-01
7.465669739593836507e-01
2.044231142433233506e-01
2.043939038662649921e-01
2.625009732901152359e-01
2.627355067112844278e-01
1.946550483063435866e-01
1.944216467422774652e-01
4.449382400810283356e-01
4.454582024522034112e-01
2.657819924911884457e-01
2.658877930895430231e-01
2.105001487925903247e-01
2.102924229660936839e-01
2.169201665917750432e-01
2.169314963272440389e-01
2.187916595640793938e-01
2.187866480572919214e-01
1.921985102658170796e-01
1.923282621856047536e-01
2.230077530081127912e-01
2.228013991772931635e-01
2.203266510796498268e-01
2.202922074243539863e-01
1.711481517794843921e-01
1.707970674128572175e-01
1.664455114831381866e-01
1.663746996238907316e-01
2.527741134976653203e-01
3.587694684310213100e-01
1.457124234795917628e-01
1.456997854277601590e-01
1.561471481517930082e-01
1.262508307474049796e-01
2.527391290341923780e-01
2.330329095853955201e-01
2.012152729332417067e-01
1.953403263494948305e-01
2.043829366739222109e-01
2.220641357352446110e-01
2.415718047886809550e-01
2.777930881938108776e-01
2.776535206143412315e-01
3.002329755012427825e-01
3.002676657954941319e-01
3.901947981006843036e-01
3.902653364016164250e-01
4.239679524945920708e-01
4.240525725188243888e-01
3.429022203031460991e-01
3.395565069819602155e-01
3.395858112448810751e-01
3.004781303014064653e-01
3.004135574475148562e-01
3.318420246761524250e-01
3.321903516849862292e-01
3.457541994339388691e-01
3.457185484897465910e-01
3.491451770640786600e-01
3.491492093888184378e-01
2.945848633502199942e-01
2.945110574595515840e-01
3.308636240787293237e-01
3.309304364070906890e-01
2.130872011204846039e+00
2.130715573103322935e+00
4.312579898632531439e-01
4.310343643380311063e-01
3.748339310102924427e-01
3.746148347224702024e-01
3.743224217228970363e-01
3.745340416225487745e-01
3.127932528185959349e+00
3.128702602369136443e+00
2.501910510385684239e-01
2.287828434365173080e-01
2.287168857435061542e-01
2.530614433035917599e-01
2.531421778165545144e-01
4.035009135906409972e-01
3.422038684621351301e-01
3.421863312984664840e-01
3.639317791438396732e-01
3.639417804532739664e-01
3.946156497703026123e-01
3.950672986090169037e-01
6.091342681481114463e-01
6.088070985703540883e-01
4.077330132875287005e-01
4.078750131484432662e-01
3.490677717515885958e-01
3.491474666697347295e-01
3.361286184662999332e-01
3.359490731487947413e-01
3.186376751130058915e-01
3.185437085265153123e-01
3.215556365007625206e-01
3.214866790597286084e-01
3.091728728557370798e-01
3.093179831863641094e-01
2.201519092686596402e+00
2.204037838675147576e+00
3.096348978966749210e-01
3.262847014707506155e-01
3.262944083878314139e-01
3.545892389169302272e-01
3.544719646878241592e-01
3.012283550833301793e-01
3.012396283182648959e-01
3.084635783527160391e-01
3.084352923710843020e-01
3.343276561919149570e-01
3.343863025651298004e-01
3.378653637894667439e-01
3.378871836260300965e-01
3.275670233992767355e-01
3.272499885582442203e-01
2.860088801988408536e-01
2.859650273163042988e-01
3.472839781950725624e-01
3.465855060737820237e-01
3.615931005855460789e+00
3.613870630028198860e+00
1.139889980321838747e+00
4.005414969232743982e-01
2.853339181767144406e-01
2.853738722958447660e-01
3.410773335822445129e-01
3.411802661908869272e-01
1.080906023261789528e+00
1.080999347310138914e+00
3.331676710965053023e-01
3.331909386110308846e-01
2.666814428896679967e-01
2.666577167411934290e-01
4.958682290827108874e-01
4.961293573188835238e-01
2.757510970368124426e-01
2.757458680903672743e-01
4.094237629138176571e-01
4.093929355046837526e-01
2.731633927415053620e-01
2.730819741279140733e-01
2.755742833536554137e-01
2.656426134733020361e-01
2.656965876310603547e-01
2.896609112361654970e-01
2.867586766059402881e-01
3.077975087289924749e-01
3.078071379101686156e-01
2.019953445277177517e-01
2.020288292012495379e-01
3.143319569233948285e-01
3.143297862130526310e-01
3.099436217086348755e-01
3.099438828567449566e-01
3.038439900147564821e-01
3.037214898987412592e-01
3.088866306384431826e-01
3.088283949646810633e-01
3.024568821158291065e-01
3.024397438972906693e-01
3.036086081513904023e-01
3.036261282209441470e-01
2.524629085459269562e-01
2.525018670828679812e-01
2.550054424568573008e-01
2.549644980765226610e-01
3.876844880818718364e-01
3.876302468786863575e-01
2.915192494665608813e-01
2.915988852430471678e-01
2.823852113159294186e-01
2.824192371983521022e-01
1.795240119898482867e+00
1.795585773309480437e+00
3.039641016048238997e-01
3.040875235114128827e-01
3.109329009425735868e-01
3.110124827522961488e-01
3.187307819957824195e-01
3.187379779641522637e-01
3.468908105722335322e-01
3.467385723338424763e-01
3.147868839959989118e-01
3.150978391395814482e-01
3.004160934488626644e-01
3.003979866466575110e-01
3.103562316755266726e-01
3.103176540837963016e-01
4.558875192611796523e-01
4.547180801070255241e-01
3.317290619744986957e-01
3.316431463760234344e-01
8.010894010646110175e-01
7.981442875623210309e-01
2.874962306125344869e-01
2.875588396323536799e-01
2.902913492127917050e-01
2.902630658227013938e-01
2.954119908833399144e-01
9.754259566445284690e-01
9.753563540217322636e-01
3.163579543556666041e-01
3.162337576239144799e-01
3.121810130451455612e-01
3.119989689829539836e-01
3.066100096628754379e-01
3.065469426991029311e-01
3.053979007052913808e-01
3.054031488448387122e-01
3.095183306843162230e-01
3.094324942961239056e-01
3.045695155677141663e-01
3.047139130871265866e-01
3.056020624816720987e-01
3.057591567986034375e-01
3.026008848795114226e-01
3.055447478281608231e-01
2.939855342969477925e-01
2.940961753715624072e-01
2.835532880260103195e-01
2.835470256249414955e-01
2.906184541655185138e-01
2.905281046359136643e-01
2.945268451465125614e-01
2.944773797224133904e-01
2.565034303275164351e-01
1.474513608504119944e+00
1.475478373429504719e+00
3.099293445047484052e-01
3.101116242801966183e-01
4.669963440750246053e-01
4.661210055539508623e-01
3.016546272908934290e-01
3.016994069516830135e-01
2.527046976759494412e-01
2.526799785630483020e-01
2.868370176615865907e-01
2.868477440847084781e-01
2.856275587256969506e-01
2.856732714192646849e-01
3.367290493597474010e-01
3.368527681554488451e-01
2.708153240797167016e-01
2.709619637929898128e-01
2.226409589208993012e-01
2.784503321679782650e-01
2.879608332754862166e-01
2.879755140233872801e-01
2.595341996136786844e-01
2.595279901535429423e-01
2.395641029374846187e-01
2.395988168083818537e-01
2.780032506269391468e-01
2.781087706633235679e-01
5.027432702278454846e-01
5.028533375452656218e-01
2.772815012228999065e-01
2.773331692675168880e-01
2.754406230507819298e-01
2.754659146730193409e-01
2.867749693214609041e-01
2.867403240328296188e-01
7.931447982728712098e-01
7.943496177554923987e-01
3.058709673151196462e-01
3.059855332969865227e-01
3.342708417479411942e-01
3.339565579669468987e-01
3.102234938893139171e-01
3.102372206016813516e-01
3.101497168210676780e-01
3.101061726907847205e-01
2.691401884721030258e-01
2.691364099510708541e-01
3.080420775237396880e-01
3.077494202834470949e-01
3.088106236313499231e-01
3.087845086268479200e-01
2.794301125669246821e-01
2.792374065787716630e-01
2.594774322332715211e-01
2.596138331754771489e-01
1.805311880009813630e-01
1.712737297452063268e-01
2.068170699734322437e-01
2.068328148109450648e-01
2.591578348316935787e-01
3.781623025101856772e-01
3.321874931510698237e-01
2.360431223718568727e-01
2.739210201186687010e-01
2.445050388577797440e-01
2.818866672368417481e-01
2.419180467359076103e-01
2.535715239170143742e-01
2.870698476782841402e-01
2.869963411641595630e-01
3.168706042009002410e-01
3.168391581148574665e-01
5.231635410263526520e-01
5.231911295446955990e-01
4.342522148791075898e-01
4.343109233621187393e-01
3.525737691607303548e-01
2.796281576976562544e-01
2.796303153873488379e-01
3.336877412104470308e-01
3.333539137782825512e-01
2.956993197687750596e-01
2.961903670763553764e-01
1.724045277527848363e-01
1.723703882069875515e-01
3.233806769169234041e-01
3.233200753241963765e-01
2.567619858356705032e-01
2.567698095103735367e-01
2.828339576446333159e-01
2.829324203028827367e-01
1.480988872625974340e+00
1.481009813757492966e+00
2.043819121184274334e-01
2.042739988871452028e-01
2.946980075872608351e-01
2.945203650450440302e-01
2.950392399752838624e-01
2.953623753240067207e-01
2.593276973970056964e+00
2.593923252140684976e+00
2.201114750802611875e-01
2.295144919398348637e-01
2.295134974276803186e-01
2.277472285319690481e-01
2.277862607682124563e-01
2.757549604047309089e-01
2.441403107341637846e-01
2.441400007256443738e-01
2.608993387058051727e-01
2.608851285470125680e-01
3.085348573804742589e-01
3.089149330036151109e-01
4.808353126654881238e-01
4.803063836862084268e-01
2.839485003704688149e-01
2.839605039063216596e-01
3.313810037115444418e-01
3.316487191994460515e-01
2.860061147079153709e-01
2.858593632441606691e-01
2.795403795986552975e-01
2.794489474612403823e-01
2.804153491365103390e-01
2.803962835144108712e-01
3.020351738685279619e-01
3.023858133106627766e-01
6.874786924910483155e-01
6.880116214188731760e-01
2.749410955673805002e-01
3.308109384514482110e-01
3.308745166615989497e-01
3.911043420622045130e-01
3.908348803154737539e-01
2.642181419079522309e-01
2.642242172164463443e-01
2.703088819470202409e-01
2.702986740873449256e-01
2.864730128473979009e-01
2.865087477225002344e-01
2.887106363930849739e-01
2.886850346085423347e-01
2.722948558336106273e-01
2.718269590849052841e-01
2.332182101871770885e-01
2.333581570688121887e-01
3.298913871991220326e-01
3.268849206413318997e-01
1.780819247652294379e+00
1.779839651928700750e+00
8.986967554502256483e-01
3.679589271695176689e-01
2.526540032037632444e-01
2.528143709146767892e-01
3.105924838041517755e-01
3.105864359416773968e-01
1.027137550334580762e+00
1.027528181732698886e+00
2.782355446644267927e-01
2.782805338871393586e-01
2.398652710561594847e-01
2.398242193717223247e-01
1.189226618985168349e+00
1.190182380401721529e+00
3.920931479606468151e-01
3.915550399662319769e-01
1.605890955567733647e+00
1.605457904725752671e+00
2.421316026656145370e-01
2.420679018735522325e-01
2.694043301142749480e-01
2.789053724879841933e-01
2.789968265856477281e-01
3.133805199593551749e-01
3.104696098040447549e-01
2.789653515521865468e-01
2.789739645781210697e-01
1.772459845292748692e-01
1.772524914424165599e-01
2.940230527975601915e-01
2.940043225240010494e-01
2.890009846930489124e-01
2.889790605329271567e-01
2.785943488369795884e-01
2.784887447062263099e-01
2.818209138216943299e-01
2.817737935428644702e-01
2.790436513945770969e-01
2.790310642268230001e-01
2.756905088697211292e-01
2.756793208443898413e-01
2.527436108913617696e-01
2.526698240436382470e-01
2.692811897506390828e-01
2.691937958836221889e-01
3.530219523459390829e-01
3.529441410551580893e-01
2.533401337036555456e-01
2.533240213208339808e-01
2.692360182452104844e-01
2.692846673391888213e-01
1.191782239385390341e+01
1.191754272150816441e+01
2.731683411096393344e-01
2.733242169999506865e-01
2.800547131641334953e-01
2.801198602944746652e-01
2.864555312835629364e-01
2.864500044098463594e-01
3.059793445775384479e-01
3.058116588160086913e-01
2.900076358821416234e-01
2.903500049157821117e-01
2.737049700677899877e-01
2.737196999804680786e-01
2.855066064790053870e-01
2.855589164413067649e-01
2.798959260557651318e-01
2.798446460497255872e-01
2.896296704042221615e-01
2.896586719893405326e-01
2.950081820343744554e-01
2.948406449575313726e-01
3.633010748179931748e-01
3.635478203870001757e-01
3.434657925603544215e-01
3.430658441548994353e-01
2.936866544164589143e-01
6.434863370174429553e-01
6.434441682936804519e-01
3.319379874467117131e-01
3.311656748160478614e-01
3.154484613399392567e-01
3.152617754966030583e-01
2.934472128907339994e-01
2.934490855313838242e-01
2.853406067075752173e-01
2.853295469210851421e-01
2.894959423454838698e-01
2.894950663467942831e-01
2.854213768725570866e-01
2.855693129445691092e-01
2.888009029462486055e-01
2.888996853122945963e-01
2.837426671485205332e-01
2.871860985564558821e-01
2.752014980421741974e-01
2.753083236713982918e-01
2.678041207315197125e-01
2.677803516667252026e-01
2.776326607680800751e-01
2.776231767771065173e-01
2.793284237091774314e-01
2.793431260195941013e-01
2.882820930768850709e-01
8.040984363254204403e-01
8.043303852586147773e-01
2.649148770901159078e-01
2.649172493288307062e-01
3.765663095206300270e-01
3.763759778207860229e-01
2.820639704303679607e-01
2.821065725660335533e-01
2.367869279497415713e-01
2.367310534927871413e-01
3.190573858485363234e-01
3.191022005244906201e-01
3.040328825017389325e-01
3.040309306225952302e-01
4.316049885981794176e-01
4.317201792427547424e-01
2.539999805123943077e-01
2.540771988897257971e-01
2.958252267917802492e-01
2.853447058021285621e-01
2.821051923071735690e-01
2.820966280418356620e-01
2.261571352686140568e-01
2.261761710633818367e-01
3.390740946211249773e-01
3.391188533061273991e-01
2.904831048962415174e-01
2.906119738714415535e-01
4.490924873649840832e-01
4.492111240276143724e-01
2.984883276540779562e-01
2.983555449445632890e-01
2.953568614909414802e-01
2.954151376230029769e-01
3.046068348911850632e-01
3.042478724018178871e-01
9.497450855279948589e-01
9.514282665444973031e-01
2.957241482631500218e-01
2.958070999348137997e-01
2.840443054287131730e-01
2.839591181687276533e-01
2.906379312414126836e-01
2.906566398954730790e-01
2.844018317073490065e-01
2.843484026833524303e-01
2.369074000588964335e-01
2.369873905987879004e-01
2.806535881087423023e-01
2.804031184011815947e-01
2.813666181257475363e-01
2.813310609983870059e-01
4.659884598801965483e-01
4.678300504798739712e-01
2.969381633706636991e-01
2.969028372362946810e-01
4.112484738179169597e-01
2.192317305563058483e-01
2.136524147214627078e-01
2.137034445564305885e-01
3.073375895226852506e-01
1.791368467721036750e-01
3.164217568402257208e-01
2.398795195334138819e-01
2.619126034989655016e-01
2.317087329094408010e-01
2.067113582397254734e-01
2.016193155338397713e-01
2.097681566981019485e-01
2.275514324958403112e-01
2.273790815275311405e-01
2.709807740139568155e-01
2.710681035479700629e-01
3.667753040405949405e-01
3.667922501646599942e-01
3.259985204893786070e-01
3.260696518941503252e-01