4.191779591254761073e+00
1.899205663546049250e+00
1.899076064185339474e+00
2.258909176521282980e+00
2.257310990805903028e+00
2.323661190920673025e+00
2.332361947275495950e+00
2.155130061405370778e+00
2.154564326151955367e+00
2.433897086928203723e+00
2.433273049336351246e+00
1.971948132054597735e+00
1.971817682708641772e+00
2.862176503109509440e+00
2.862013285020579278e+00
1.384625143367088640e+01
1.384476825665409550e+01
2.363008051167728496e+00
2.361715485095787326e+00
2.142100857313161910e+00
2.140437474193010559e+00
2.044659774195535018e+00
2.046387553010707183e+00
1.183386982549477651e+01
1.183592866919880038e+01
2.499169642505971289e+00
2.089079253729209107e+00
2.088859885324079624e+00
2.682563560774802180e+00
2.683767798612054722e+00
2.014693894673235786e+00
1.915769345986548355e+00
1.914920881007481146e+00
2.136806354025741594e+00
2.137074456753900620e+00
2.153999581246417439e+00
2.156125760014010684e+00
4.244886190310154461e+00
4.243161965087058007e+00
2.423514841555224120e+00
2.423603708393109901e+00
2.120267457411238787e+00
2.120466992759243219e+00
2.316621626462646244e+00
2.318858082232173157e+00
1.936435428622389487e+00
1.937082753140955571e+00
1.877994371631302561e+00
1.877892389394868244e+00
1.702972226493624008e+00
1.702771729287947844e+00
6.453962627613038627e+00
6.459484514592749527e+00
1.996317308243103161e+00
2.137174130386555682e+00
2.137783039242917127e+00
1.921531493275770108e+00
1.921327665897574644e+00
1.840971293120262198e+00
1.840928147736363707e+00
1.813167636346975975e+00
1.813512933294375795e+00
2.071237263721541488e+00
2.070067633082858016e+00
2.040336662680576119e+00
2.042015357937882136e+00
1.979635888946356559e+00
1.974523493486239678e+00
1.787871838866717189e+00
1.787235243114134287e+00
1.824421169878492233e+00
1.828736708942060973e+00
1.866683364339177587e+01
1.865890939387682224e+01
1.303010717810695596e+01
2.166069652244818400e+00
1.840487787576036594e+00
1.843461188746461143e+00
1.985556004377217798e+00
1.984180872227276016e+00
3.507515558145436696e+00
3.505460141562798171e+00
1.883880590820570911e+00
1.883888972663628092e+00
1.871196624734831726e+00
1.871199042995860928e+00
8.487008191300823512e+00
8.492640505936185136e+00
2.461244230206951933e+00
2.458663253988901953e+00
6.713742356808530154e+00
6.712527855798063214e+00
1.807309834613705091e+00
1.806693820816270835e+00
1.878542636340555960e+00
1.795465797705008582e+00
1.796197828030035248e+00
2.072839679490095399e+00
2.073594863298063640e+00
1.933920015057879249e+00
1.934236282070908697e+00
1.778084932739006252e+00
1.778010448668014165e+00
1.899277142510620964e+00
1.898811292950081775e+00
1.991617038014008578e+00
1.991182002601251888e+00
1.903964780702874116e+00
1.903372911457503092e+00
1.886072052090342233e+00
1.885546239785042655e+00
1.856419833401552699e+00
1.856225483795608922e+00
1.731122091796873264e+00
1.730996857674951706e+00
1.843832392086701244e+00
1.843359205109093679e+00
1.872956670691700465e+00
1.872489895272661409e+00
1.906650797181342005e+00
1.906361168796444794e+00
1.726026082249953797e+00
1.726371808540216657e+00
1.818467913190376484e+00
1.818126448467769496e+00
1.368169519475331697e+01
1.368322262991625315e+01
1.880196786480844873e+00
1.880199489650514755e+00
1.897008166081165292e+00
1.897350616221555208e+00
2.133792310707269824e+00
2.131862353017135447e+00
2.011016106257927927e+00
2.013831888119390623e+00
2.120607412489222465e+00
2.122681092670124059e+00
1.922336393294805434e+00
1.922091477950136573e+00
1.895665488116687447e+00
1.894532962200484727e+00
1.844139035775402835e+00
1.842753507775506394e+00
1.943303465751148540e+00
1.943384915234279031e+00
1.892716481431519604e+00
1.890920318821150969e+00
2.171553006040415568e+00
2.172002580134831717e+00
3.633801818428173735e+00
3.624758368324491720e+00
1.870090451581613467e+00
7.898604061708915935e+00
7.897936278121107101e+00
1.911504647075495278e+00
1.910855137390547576e+00
1.787874121614302148e+00
1.787973025111194048e+00
1.880430790934943364e+00
1.880376682416862399e+00
1.893763714706162782e+00
1.893618074874920953e+00
1.933803264385547171e+00
1.933457213064290414e+00
1.878642153291778971e+00
1.879054246083990520e+00
1.925303624880547737e+00
1.925603677063470576e+00
1.924496496638116616e+00
1.927572501592784482e+00
1.882359382061572495e+00
1.882379478380313165e+00
1.827550663582840906e+00
1.827393700741766658e+00
1.825107310512338765e+00
1.825365397497418218e+00
1.812714213722902423e+00
1.812189750983499881e+00
1.651416905408083169e+00
6.677025184685587256e+00
6.679855995284396109e+00
1.784981721174485170e+00
1.784501363837438070e+00
2.341246940535146148e+00
2.336578739074991251e+00
1.879347385706688689e+00
1.879684576709499844e+00
1.988598084885537354e+00
1.988894646493050811e+00
1.940855314796031683e+00
1.941619451855871370e+00
1.821089439659453468e+00
1.821182046224018025e+00
2.633664452466073946e+00
2.633699824107817555e+00
1.655832674465577803e+00
1.655509212895001081e+00
3.067345935285977543e+00
1.850801330098201580e+00
1.923916205780399569e+00
1.923686018854570134e+00
2.029939393541146053e+00
2.029565532976793207e+00
3.248787860346435519e+00
3.249886901105549342e+00
1.789952612702384593e+00
1.790143279070175453e+00
1.129290243734833687e+01
1.129182704498605716e+01
1.727402173567440302e+00
1.727360910992049581e+00
1.715617488551248737e+00
1.715796183525007512e+00
1.700497914682231659e+00
1.700226848104746225e+00
5.663202081610478444e+00
5.667348866186999956e+00
1.740102045284349641e+00
1.740175630063382606e+00
1.797651512132821594e+00
1.798591333322970387e+00
1.912836442049215657e+00
1.913017763293810569e+00
1.895828656406564505e+00
1.895617891004905298e+00
1.829293304629063366e+00
1.829024071031626564e+00
1.919661630927467222e+00
1.919150784273868648e+00
1.914363499187963225e+00
1.913991695417550654e+00
1.565088730224164726e+00
1.562057469135282206e+00
1.781754297218070215e+00
1.780124549824003477e+00
2.729465637151101465e+00
3.377848310442383539e+00
1.710484140721376223e+00
1.710792800913375489e+00
1.934297314709946258e+00
1.922608023769847074e+00
2.579324261640997928e+00
1.683119943329099311e+00
1.676521189443853643e+00
1.565118026602172918e+00
1.689746426058820417e+00
1.545460925750052006e+00
1.683833511434169372e+00
1.819032284178858649e+00
1.818472299356090671e+00
2.133681007313753764e+00
2.133851942565952342e+00
1.940021350173914527e+00
1.940162311952799756e+00
2.226052545350715839e+00
2.226345765903183782e+00
2.954697011107080495e+00
1.714732130945117117e+00
1.714679991773743417e+00
1.063130125506440038e+00
1.063321920218899708e+00
1.671323892749193130e+00
1.674287231921422148e+00
1.655472448766051485e+00
1.655115131772178616e+00
1.790499927790707435e+00
1.790028356673708743e+00
1.618692600004939086e+00
1.618265957562867063e+00
2.481491392571149035e+00
2.481651885437071936e+00
1.150055186969830068e+01
1.149885568446232220e+01
1.787521534740937224e+00
1.785845819528936618e+00
2.021181224835254309e+00
2.015669623087046336e+00
2.179851217857770251e+00
2.185498168487378656e+00
1.654774434725832677e+01
1.654981562012735807e+01
1.487426002581121010e+00
1.608855921461976424e+00
1.607989857713328918e+00
1.709466889065332396e+00
1.710946941183292491e+00
2.076961085836244170e+00
1.945061251087932819e+00
1.944875445898710975e+00
1.782535091677276640e+00
1.782606823477520752e+00
1.910509538953790054e+00
1.912698513625773922e+00
3.030461166419147201e+00
3.028268048459899831e+00
1.882096660891448225e+00
1.882384198811073439e+00
1.845691015625768872e+00
1.849201741291809142e+00
1.808553947730308309e+00
1.808765589484402359e+00
1.767782720060077528e+00
1.767411625291630761e+00
1.678904634460223422e+00
1.678750792830518535e+00
1.576214398347659751e+00
1.576266789440888827e+00
9.897058713515113126e+00
9.902062248785668430e+00
1.646036779249721693e+00
1.634194966271079741e+00
1.634175039497885118e+00
2.044807234945472008e+00
2.044578087067314698e+00
1.632232896330849670e+00
1.632097999348347317e+00
1.717938096881594712e+00
1.718351795132440296e+00
1.737868900081998236e+00
1.737074818087022354e+00
1.628729558910263053e+00
1.628436388843682137e+00
1.772416673928078445e+00
1.767780781438498705e+00
1.696071276194250466e+00
1.697815136998471308e+00
1.741690361465636050e+00
1.734746717144455941e+00
1.369732372452075353e+01
1.369190249060507369e+01
9.771881461304820604e+00
1.642040766827562948e+00
1.702483397148804478e+00
1.704352698740652539e+00
1.861808103475136589e+00
1.860796048464519403e+00
3.799186421442902972e+00
3.799320986755010843e+00
1.685898733558410134e+00
1.685997165021670297e+00
1.513491415985114052e+00
1.513602377815716604e+00
7.074275548288571080e+00
7.079526279347660100e+00
1.584334022367166472e+00
1.583984486079625054e+00
3.293208779027961164e+00
3.292073913543264396e+00
1.647457642852451665e+00
1.646896294034749575e+00
1.558088234777990078e+00
1.657154010754096518e+00
1.657549594535383974e+00
1.705768263268906182e+00
1.700674286301422589e+00
1.712479992547211838e+00
1.712398670804025969e+00
1.611365630877897193e+00
1.611110164437497438e+00
1.680493657284983788e+00
1.680337008274784605e+00
1.698172375166577375e+00
1.698162125433391401e+00
1.603049787799892156e+00
1.603112849066803403e+00
1.640650932703211495e+00
1.640529392046098378e+00
1.655288965589660544e+00
1.655057384137321508e+00
1.761444719324007924e+00
1.761477961276995519e+00
1.635718339864935977e+00
1.635605335647419833e+00
1.842297552935939997e+00
1.842028525627319890e+00
1.552773411839499795e+00
1.552405661714596929e+00
1.694579353375801123e+00
1.693838499712662982e+00
1.578520164087246380e+00
1.578412716084611978e+00
3.584384342379721744e+01
3.584550623155890747e+01
1.630043158677749293e+00
1.630776307999295405e+00
1.627911325890754046e+00
1.628265041156046422e+00
1.658171563445784757e+00
1.657883371424289098e+00
1.845267794459749755e+00
1.848125701317069103e+00
1.652368398389339355e+00
1.652804034458242644e+00
1.619151147425256454e+00
1.618948924579668436e+00
1.681215678077803588e+00
1.681573787988066560e+00
1.772137109007553502e+00
1.771589688803549834e+00
2.094309876157388839e+00
2.093133843653451454e+00
1.597923336428505259e+00
1.598103436492638529e+00
1.783438466496821251e+00
1.783593909857807969e+00
1.860375854675710094e+00
1.858295831616781024e+00
1.715973129250802476e+00
6.933097416455423101e+00
6.932555299963101270e+00
2.056280857145564855e+00
2.052463240461266825e+00
1.951646477002415780e+00
1.949156204479436383e+00
1.815149250476741249e+00
1.815796049529405654e+00
1.682136079642916116e+00
1.682294572694655654e+00
1.699229869676178506e+00
1.699090541635773333e+00
1.686827094806699900e+00
1.687861303148482373e+00
1.716893462269215576e+00
1.717545683135158097e+00
1.692204844270220887e+00
1.705002492944393211e+00
1.626809159523791237e+00
1.627196437570698428e+00
1.623783844391123887e+00
1.623840062221044267e+00
1.746927816161264246e+00
1.746405786370891722e+00
1.690733267682769325e+00
1.690270366239973177e+00
1.498030248182210311e+00
9.189057863299145978e+00
9.192576184454141597e+00
1.676470339452668323e+00
1.677578538115699347e+00
1.687682506046671360e+00
1.686709993038642441e+00
1.645032606547158993e+00
1.644871691604779418e+00
1.939354244149432249e+00
1.939325159469162951e+00
1.694644536443493443e+00
1.694300808356500543e+00
1.723741031715925187e+00
1.723760698310194517e+00
2.555917186041733125e+00
2.556407191760281528e+00
1.625226181940904624e+00
1.625929897487180531e+00
1.918060127850228724e+00
1.711715994019184173e+00
1.765281206546328363e+00
1.765475089925095054e+00
1.836987196146619317e+00
1.836353608934926829e+00
3.340442527215715884e+00
3.340605016853923637e+00
1.629541618280289317e+00
1.629954085143797915e+00
4.781679753679484612e+00
4.781731900137545566e+00
1.669043659109889388e+00
1.669322816964555756e+00
2.027902453066141586e+00
2.029435653641553206e+00
1.753478656605552910e+00
1.751397166530619165e+00
2.584053900893241273e+00
2.586692981529941093e+00
2.167106284057708443e+00
2.167847697755924230e+00
1.662555898707670066e+00
1.661192182013356167e+00
1.664034888760404396e+00
1.664040044869111279e+00
1.666364392255825555e+00
1.666271225503543452e+00
1.483503077204746168e+00
1.483909868573381807e+00
1.670994332836567065e+00
1.669408863354451711e+00
1.661715957761340734e+00
1.661512194392970931e+00
1.463614622162033641e+00
1.462385214868177741e+00
1.646696275482456340e+00
1.646384749734074227e+00
1.922160444450714767e+00
2.876640551273517143e+00
1.523395503628139025e+00
1.524320707584131185e+00
1.405771789723103238e+00
1.767693385924077765e+00
2.072217279169384696e+00
1.927556413289249759e+00
1.618401361999386445e+00
1.445398781060727389e+00
1.590634500359269010e+00
1.410409913552178596e+00
1.534472928306619632e+00
1.522351923999210488e+00
1.522498823508312560e+00
1.874755007544344432e+00
1.874973350721523602e+00
1.905257892303440670e+00
1.905394379864331134e+00
1.936812007054292240e+00
1.937145687195787502e+00
1.955726477434452271e+00
1.987981633664658077e+00
1.987819500157627539e+00
1.722670169280316133e+00
1.722554057685873108e+00
2.021313757448220283e+00
2.024532977351229057e+00
2.274861109287442673e+00
2.275007610203090280e+00
1.939568863822170641e+00
1.939385012512141460e+00
1.795271840229125226e+00
1.794850755660974517e+00
2.796812047666252798e+00
2.796769565377954070e+00
1.115392352486163752e+01
1.115322518542454233e+01
2.467229895223101988e+00
2.465835522807516167e+00
2.213260876174630187e+00
2.212251019721150236e+00
2.165237435850318803e+00
2.166781933085042855e+00
1.417363179100029846e+01
1.417564829215026734e+01
1.371046970972249035e+00
1.957544280803543035e+00
1.955975000963780852e+00
1.330261216983194439e+00
1.330418137224762098e+00
2.299055265076422661e+00
1.949225776389220011e+00
1.949259496500258981e+00
2.010087983362915054e+00
2.010276224707242321e+00
2.078419465279395695e+00
2.080807217202791382e+00
3.502330701891390952e+00
3.501504889141354049e+00
2.211585484342968311e+00
2.212392342716229088e+00
2.045024622046375029e+00
2.045804053232419761e+00
1.959025593941545074e+00
1.959490420065490790e+00
1.951482736979635702e+00
1.950968646407288842e+00
1.957064216979337301e+00
1.957042519138552539e+00
1.833044633777251686e+00
1.834254337587057471e+00
1.164529490006493440e+01
1.165304607800965897e+01
1.943838700609880954e+00
2.413970190830155627e+00
2.414242232253185350e+00
2.074537767289483803e+00
2.073397421992462242e+00
1.851184200892644904e+00
1.851410755647239004e+00
1.929679551448890473e+00
1.929668100419634102e+00
2.003922009095931323e+00
2.003941141835194895e+00
2.071529865728502617e+00
2.072897373223025586e+00
1.823536763453916798e+00
1.822835298352553313e+00
1.691986305585764461e+00
1.691912041395516431e+00
1.796529535023223323e+00
1.794371919875770827e+00
1.318845676628286867e+01
1.318360967523338978e+01
6.749500212160202572e+00
2.257018388362811212e+00
1.701690161869783946e+00
1.701922045569925102e+00
1.982981607435570615e+00
1.983859565542427816e+00
5.453799373439990106e+00
5.453813672618665898e+00
1.954342077666179955e+00
1.954205987920927479e+00
1.708843045762167945e+00
1.708989937420755112e+00
4.147693465382429778e+00
4.149570648110885607e+00
1.755878983547765282e+00
1.755905676569758933e+00
2.525400133155563331e+00
2.525384956290798844e+00
1.952197679917017981e+00
1.951502060115834603e+00
1.697734072731073462e+00
1.726763782716422835e+00
1.727137753627174366e+00
1.987359270395578914e+00
1.954688657241679728e+00
1.821198755762027277e+00
1.821146361561840399e+00
1.558102461367248948e+00
1.557931403322659891e+00
1.984898052962075887e+00
1.984831836358747381e+00
1.950536507270645314e+00
1.950322548680562873e+00
1.911424831172515937e+00
1.911133891838125543e+00
1.917043681019301671e+00
1.916860917508597106e+00
1.915564952315102820e+00
1.915352075626529871e+00
1.823058223331607275e+00
1.822903993762044372e+00
1.706449917601696509e+00
1.706367043269254369e+00
1.665438258364958513e+00
1.665338299939638222e+00
2.778517223487868115e+00
2.777993605603884308e+00
1.926667620821259863e+00
1.927027434511275006e+00
1.746881057244426660e+00
1.747528991091527706e+00
1.088227916537098139e+01
1.088359386066874634e+01
1.857868267887534452e+00
1.858663771138388210e+00
1.897884204262212160e+00
1.898330208466567859e+00
2.030570291545556572e+00
2.030257861855729651e+00
2.102642127700655283e+00
2.104448685352562354e+00
2.259068864170177715e+00
2.262718924000226117e+00
1.939657122435923586e+00
1.940087763454498848e+00
1.988395307021813441e+00
1.989629254095877764e+00
2.871939223946889719e+00
2.864965317807687928e+00
2.041692101812409454e+00
2.041791408801790997e+00
4.860648349328033468e+00
4.845272383030977181e+00
1.859906002357330390e+00
1.860358548152182268e+00
2.110236745744520803e+00
2.108240238697074886e+00
1.955273395878935228e+00
7.033663657291755911e+00
7.033384637076057544e+00
2.027488278511608844e+00
2.026531563302409911e+00
1.863728531886690964e+00
1.861604939393496139e+00
1.928066581237012800e+00
1.927882902256261355e+00
1.965840421656868786e+00
1.965581487924642490e+00
1.984807644577542662e+00
1.985165994099375109e+00
1.966746892844294825e+00
1.967462423133233829e+00
1.963519623788346546e+00
1.963980683238059521e+00
1.939382767161250243e+00
1.957065516606786515e+00
1.891506782763716865e+00
1.892019784726695075e+00
1.870839219708666290e+00
1.870925318311325913e+00
1.950617339814699758e+00
1.951155114234138788e+00
1.891490658139064918e+00
1.891093772877251666e+00
1.668615487331698288e+00
7.096985621687832868e+00
7.100400708119869897e+00
1.942216953868959539e+00
1.942750217413536040e+00
2.884505505641578704e+00
2.879879865113230242e+00
1.960985386050475787e+00
1.960832369727851798e+00
1.853175196973549044e+00
1.853181852596054613e+00
1.968888352177420087e+00
1.969334581278455731e+00
1.914646882633991298e+00
1.914027200898757775e+00
3.086336541068308126e+00
3.087383957572843673e+00
1.707717403400263123e+00
1.708601126008824744e+00
1.623744129815375192e+00
1.862850045191638992e+00
1.956195955595041669e+00
1.955897923905522973e+00
1.362494702128008273e+00
1.362304438515271165e+00
1.548868569428949904e+00
1.548717353958883880e+00
1.870822152679617156e+00
1.871985847268351266e+00
3.021667222875382919e+00
3.022634683884642737e+00
1.938314727594249165e+00
1.938610225769726414e+00
1.948778876543827643e+00
1.948882499958328740e+00
1.871012354473263750e+00
1.869178275167740599e+00
5.229653876819171821e+00
5.237346024403485067e+00
1.559619464011487100e+00
1.560455445098717808e+00
2.207839823629343279e+00
2.205992795939489159e+00
1.969577530864081716e+00
1.969465746599013745e+00
1.988367266758652940e+00
1.988239696938363332e+00
1.813684228093288775e+00
1.814757389639413132e+00
1.983011243080898600e+00
1.981829087704813919e+00
1.992843445738428310e+00
1.992623417810889697e+00
1.863306773221614199e+00
1.869103111040654852e+00
1.797335516432525759e+00
1.795937358201046941e+00
1.609368077259932361e+00
1.639609931957921374e+00
1.595411004581050785e+00
1.595667913748733513e+00
1.617339243799730264e+00
3.719520827036709498e+00
2.006471137909046742e+00
1.707997628675224755e+00
1.785460161179228233e+00
1.644872728472833279e+00
1.421878444273684483e+00
1.636931578529446707e+00
1.200338250566757248e+00
1.722020902651654639e+00
1.721424317230004997e+00
1.862392277461527357e+00
1.862451085969549114e+00
2.869086444360555710e+00
2.869700153971943557e+00
2.348669227266783732e+00
2.348714213970675591e+00
3.279732568621998468e+00
1.983688133403766596e+00
1.983341914907776005e+00
3.982618096486549852e+00
3.979759411879134401e+00
2.385653306635034721e+00
2.390904451315699397e+00
1.544910807558685484e+00
1.545665800665984690e+00
2.774941789109182544e+00
2.774114544984547237e+00
2.001537587230207027e+00
2.001759684958607011e+00
2.861941374673872218e+00
2.862100186410161395e+00
9.544445173564701790e+00
9.544411062895454378e+00
1.349879184018613287e+00
1.349131095010452919e+00
2.167189877832254474e+00
2.166848764988028364e+00
2.342917011535917915e+00
2.349654883520167825e+00
1.320670944530586510e+01
1.320857267203018104e+01
1.992550462842433534e+00
2.449560429593693467e+00
2.449636230902218159e+00
2.550450025260281084e+00
2.550109936343654571e+00
2.390537756788154056e+00
1.917870297713792027e+00
1.918005312589770472e+00
1.817566081188626725e+00
1.817526426458767830e+00
2.197522119868950963e+00
2.199764768364131040e+00
2.778278236649951438e+00
2.775128511515392304e+00
2.103361700819661451e+00
2.103622655690339016e+00
2.539272115236700600e+00
2.543497098614917462e+00
1.897300991679255144e+00
1.895705133608165394e+00
1.936381140314165972e+00
1.935375558208628499e+00
1.976447511930211842e+00
1.975868764136186062e+00
2.894567553278892369e+00
2.900266079566883981e+00
5.837913766229695156e+00
5.840723456213861020e+00
1.900353336098455692e+00
2.525437249157206132e+00
2.525711546100436244e+00
3.159527507156314474e+00
3.157508937932840265e+00
1.885276215945703715e+00
1.885597629940081399e+00
1.895055658476539673e+00
1.895374390961806377e+00
1.926765737242316590e+00
1.927203011622571127e+00
1.976745992839101795e+00
1.976757907554883120e+00
1.875773987333319015e+00
1.868861368538717427e+00
1.829452391980133763e+00
1.830927894290476088e+00
2.229830941531780741e+00
2.207326151886232157e+00
9.924770956062149097e+00
9.921377967840042444e+00
5.648582077400004842e+00
2.930884444694113355e+00
1.967171555189103582e+00
1.967874085650349825e+00
2.341888784526763967e+00
2.341022786739210382e+00
7.008213323979516574e+00
7.009614765251378721e+00
1.971724173442317207e+00
1.972567485234528295e+00
1.744697619368845043e+00
1.744479098295724784e+00
6.980462675045195908e+00
6.984254774481621908e+00
3.527665623919130411e+00
3.522140012305066126e+00
9.456354772192502978e+00
9.454845660521385753e+00
1.675004345892717961e+00
1.674379266309635517e+00
1.882552151912274763e+00
2.186405281942297663e+00
2.187707738612132413e+00
2.563316084630150815e+00
2.537872916806669377e+00
1.962480055502349163e+00
1.962706269451082841e+00
1.541737468642430997e+00
1.541999530081874736e+00
2.023440669737182507e+00
2.023459029567080236e+00
1.943717476873468408e+00
1.943696504789946822e+00
1.918451473947690555e+00
1.917804761537537539e+00
1.993342199899306832e+00
1.992899932045994138e+00
1.967165659456366011e+00
1.967224363478613292e+00
2.058553009402213974e+00
2.058690532120752259e+00
1.838132402579506053e+00
1.837698475837192813e+00
2.133114234010512700e+00
2.132347955519066307e+00
3.177363752365808036e+00
3.176859352044527185e+00
1.838323478096007157e+00
1.839347547022396556e+00
1.974228789764104652e+00
1.974487232780198553e+00
2.988860337978669435e+01
2.988822616224249984e+01
1.951742026915951778e+00
1.952723423811167702e+00
1.979151974871032005e+00
1.979778609786796872e+00
1.887376284238853730e+00
1.886907858477819611e+00
1.985784963729520625e+00
1.984592528609990136e+00
2.085480842970569348e+00
2.090375860795044005e+00
1.885485726643975957e+00
1.885048427929043369e+00
1.945594869645439262e+00
1.945331035249486806e+00
2.188918015029948094e+00
2.187272215094480998e+00
2.049190099490737271e+00
2.049679180420802993e+00
1.879908020363423971e+00
1.878822582735687696e+00
3.011971792928811453e+00
3.015103266802251714e+00
2.486724379461427326e+00
2.483158579185959169e+00
1.971482016562968731e+00
5.299028612031540852e+00
5.298938246407448815e+00
2.747674393184604380e+00
2.736568407648330314e+00
3.187938746515419197e+00
3.184747626103196616e+00
1.946305416683916656e+00
1.947206665091329558e+00
1.885650534485550311e+00
1.885862296676852568e+00
1.980766658493067434e+00
1.981635660080285355e+00
1.946442284554556146e+00
1.947399562334337642e+00
1.971263053061069526e+00
1.972050169445665802e+00
1.914741734216275360e+00
1.931907935677873889e+00
1.878759699361103985e+00
1.879164699917040160e+00
1.832556388952709669e+00
1.832377123697488397e+00
1.862347717142490922e+00
1.861507780843812743e+00
1.947401512687874536e+00
1.947319999134050184e+00
2.578271046145750311e+00
6.495015801683591050e+00
6.496159281671940455e+00
1.732333195342983023e+00
1.731736532214648294e+00
3.452285014515937611e+00
3.449854463187444598e+00
1.908718677296223909e+00
1.909119262757883240e+00
1.960969516389014178e+00
1.960185538917089909e+00
2.271782243771525600e+00
2.274049347267231180e+00
2.074010618971450448e+00
2.073841704639266315e+00
3.958519292058428451e+00
3.959707904577269844e+00
1.764098160606687893e+00
1.764281819166652276e+00
2.138206180530596967e+00
1.913339936115564077e+00
1.890169847485692722e+00
1.890054567732109447e+00
1.636876187526489446e+00
1.637036181744382590e+00
3.082477954245545160e+00
3.083000990348620185e+00
1.946911725822579875e+00
1.947977505010839216e+00
3.420873203798839857e+00
3.421376681397341191e+00
2.119086213648342376e+00
2.119151202051233529e+00
2.174074162725583292e+00
2.175592124948743766e+00
2.211370545005644228e+00
2.206868961367578930e+00
5.923045562287255095e+00
5.930966751893724798e+00
1.901551265291660409e+00
1.901916695866460838e+00
1.980177699796210167e+00
1.976915322208727455e+00
1.961157866521702431e+00
1.961089620286424307e+00
1.951735371358420457e+00
1.951462805117177401e+00
1.684449018038990165e+00
1.684729799887740853e+00
1.914791108858403534e+00
1.913323511222271067e+00
1.947086394029575951e+00
1.946866802145990727e+00
3.958120077866727371e+00
3.971983517549972476e+00
2.161774880959171252e+00
2.159324488742198067e+00
3.664426542256671304e+00
1.972448569908312299e+00
1.868272870829208454e+00
1.868380948343231651e+00
2.554970056123023525e+00
1.333238981503442000e+00
2.339466815217409401e+00
1.944635013049709871e+00
1.895068855320404255e+00
1.754722464505571011e+00
2.364395173904543679e+00
1.620259355843890248e+00
1.865604907142944358e+00
1.815485898707211998e+00
1.814025681608177010e+00
2.219963584250280064e+00
2.221305730391255562e+00
2.913889193551465695e+00
2.914739392167521981e+00
2.372412192562537214e+00
2.372468861423945530e+00