2.872622432307332382e+07
2.872740790484649315e+07
2.872773348773017526e+07
2.872841690878035873e+07
2.872888562102304772e+07
2.872934604743529111e+07
2.872968664643445611e+07
2.872977456961974129e+07
2.872961452376547828e+07
2.872928238206256181e+07
2.872871615159088746e+07
2.872786792558867857e+07
2.872681811133616790e+07
2.872582681052168831e+07
2.872479235590680689e+07
2.872387903738508001e+07
2.872315447491605580e+07
2.872279229943978041e+07
2.872268015533600748e+07
2.872309541520881653e+07
2.872394278415589780e+07
2.872485477920020744e+07
2.872590685637836158e+07
2.872714519719756767e+07
2.872831561163650081e+07
2.872917573170188069e+07
2.872974032301690802e+07
2.873013389079663157e+07
2.873042228504531831e+07
2.873046713970308006e+07
2.873054338358595967e+07
2.873056733540984616e+07
2.873058029921412840e+07
2.873057626545934752e+07
2.873050958176945522e+07
2.873006579900738224e+07
2.872925286462233216e+07
2.872820584227406979e+07
2.872688860968112946e+07
2.872530746392256767e+07
2.872374292974228784e+07
2.872249440617080405e+07
2.872155659907876328e+07
2.872110540813215822e+07
2.872141098075781018e+07
2.872216580967249349e+07
2.872341131109821424e+07
2.872493357773710042e+07
2.872641292047916725e+07
2.872762677009639144e+07
2.872848545507888123e+07
2.872889465136217326e+07
2.872898065747025609e+07
2.872880343702980503e+07
2.872849510617920011e+07
2.872816160895344615e+07
2.872805007528123260e+07
2.872817664644372091e+07
2.872847166153342277e+07
2.872861254483171925e+07
2.872828482935350388e+07
2.872764703984092548e+07
2.872664779953080043e+07
2.872502795101799443e+07
2.872306810003983974e+07
2.872112984557787701e+07
2.871939619633700699e+07
2.871826644673758000e+07
2.871800675124654546e+07
2.871858851960542053e+07
2.871980159997414798e+07
2.872163599634386227e+07
2.872369897194041312e+07
2.872548374343258142e+07
2.872674486136942729e+07
2.872747524771958217e+07
2.872766303669570759e+07
2.872735397686327994e+07
2.872683045115610957e+07
2.872633280105449632e+07
2.872611258333010972e+07
2.872630681602229550e+07
2.872692959150787443e+07
2.872774294491553307e+07
2.872826211179654300e+07
2.872839963683338463e+07
2.872803201662727818e+07
2.872687773572209105e+07
2.872502389297132939e+07
2.872295989574960619e+07
2.872098399016920105e+07
2.871934406252698228e+07
2.871858904642637447e+07
2.871875561993999034e+07
2.871970479753019288e+07
2.872155495133814961e+07
2.872368687370575964e+07
2.872585187471625581e+07
2.872749380743119866e+07
2.872852568280160427e+07
2.872890413045876101e+07
2.872863502087828517e+07
2.872778324769996852e+07
2.872668529183640331e+07
2.872593260804111138e+07
2.872577196528206766e+07
2.872638289708826318e+07
2.872747180272513628e+07
2.872872987588197365e+07
2.872978353290429339e+07
2.873030475333159417e+07
2.872979753909775987e+07
2.872858373378652707e+07
2.872660138330250233e+07
2.872405521628096327e+07
2.872155764619946480e+07
2.871988894832786918e+07
2.871908873073285073e+07
2.871944184177499264e+07
2.872090612614493817e+07
2.872301063041600958e+07
2.872540597382332012e+07
2.872741847383900732e+07
2.872878786033527553e+07
2.872913499426599219e+07
2.872859590632608905e+07
2.872741990164328739e+07
2.872607176117983088e+07
2.872492250512309372e+07
2.872429264615704119e+07
2.872469162044467032e+07
2.872585709018128738e+07
2.872737920989695564e+07
2.872906221834038571e+07
2.873033444386964664e+07
2.873070239531824365e+07
2.872996151877056807e+07
2.872823018799096718e+07
2.872570540303882957e+07
2.872304510320625082e+07
2.872106608444050327e+07
2.871980978723007068e+07
2.871956722838910297e+07
2.872030650943074003e+07
2.872208591941736639e+07
2.872428708639091998e+07
2.872634852097229660e+07
2.872813850409835577e+07
2.872889121791986004e+07
2.872871330353251845e+07
2.872763440565266088e+07
2.872602294122443721e+07
2.872434211942787841e+07
2.872307388001609594e+07
2.872266884167286009e+07
2.872300532630493119e+07
2.872414843402222171e+07
2.872601499790112674e+07
2.872802820540048182e+07
2.872937073494891822e+07
2.872959412768540531e+07
2.872872146972718835e+07
2.872687656402308494e+07
2.872439776363858953e+07
2.872199498626671731e+07
2.872022819220497459e+07
2.871929741947871819e+07
2.871946448993606865e+07
2.872089965866184980e+07
2.872302576866870746e+07
2.872530173521437123e+07
2.872742644519468024e+07
2.872881175415260717e+07
2.872908470604122803e+07
2.872812640891832858e+07
2.872652727632134035e+07
2.872444179424842820e+07
2.872275240828207880e+07
2.872197953102665767e+07
2.872190953537146747e+07
2.872293468755684048e+07
2.872485134658066928e+07
2.872717914445480332e+07
2.872946308885648474e+07
2.873078873866476119e+07
2.873100002126659825e+07
2.873006671150641143e+07
2.872817553415876627e+07
2.872607650990939885e+07
2.872396245988525078e+07
2.872245795575027168e+07
2.872210045929377154e+07
2.872308140814828873e+07
2.872444185476393625e+07
2.872680816461860389e+07
2.872874407459243760e+07
2.873013437688954175e+07
2.873041976641241461e+07
2.872971553070211783e+07
2.872815126115932688e+07
2.872609766385435686e+07
2.872384101083536446e+07
2.872227809318170324e+07
2.872145064987082407e+07
2.872161814705159888e+07
2.872279862866147980e+07
2.872480521619664133e+07
2.872706754885939881e+07
2.872897839059072360e+07
2.873003776017074287e+07
2.873021777648264915e+07
2.872891708383971080e+07
2.872750262896554545e+07
2.872588082460607588e+07
2.872444741747615859e+07
2.872382943382956833e+07
2.872411737971863151e+07
2.872507333324805647e+07
2.872667819246572629e+07
2.872857959681625664e+07
2.873011804737943038e+07
2.873099270942089707e+07
2.873074128745165095e+07
2.872949061051871255e+07
2.872725170419340953e+07
2.872464767952742055e+07
2.872241253209224716e+07
2.872083639392866567e+07
2.872012056738814339e+07
2.872030408106295019e+07
2.872177343061786890e+07
2.872398902680156380e+07
2.872634933465376124e+07
2.872791453553143889e+07
2.872876001128635183e+07
2.872851806641362235e+07
2.872771661781004816e+07
2.872628654095317051e+07
2.872502630326133594e+07
2.872399945581584796e+07
2.872428785245103762e+07
2.872516237139257789e+07
2.872656591060485691e+07
2.872842300512337685e+07
2.873003604621278867e+07
2.873100715405614302e+07
2.873130473822269589e+07
2.873052417376678810e+07
2.872865657982273772e+07
2.872607325295112282e+07
2.872367869099948555e+07
2.872172993104045838e+07
2.872037483053793758e+07
2.871996207951858267e+07
2.872064983490012214e+07
2.872222351136880741e+07
2.872403680455730110e+07
2.872592979089345410e+07
2.872721935235014930e+07
2.872783942126380280e+07
2.872766974876472726e+07
2.872690763965991512e+07
2.872597800032566115e+07
2.872521331565508991e+07
2.872523263275133818e+07
2.872572417328639701e+07
2.872670137510413677e+07
2.872811370881022140e+07
2.872974579893333465e+07
2.873101499192899466e+07
2.873175809657823667e+07
2.873132332308225706e+07
2.872996391630031541e+07
2.872786445276471600e+07
2.872544704331679270e+07
2.872317285972353816e+07
2.872145834474516660e+07
2.872042993309161067e+07
2.872048281528744102e+07
2.872114250022948906e+07
2.872227775270332769e+07
2.872376165605081990e+07
2.872517789037492499e+07
2.872613740905711800e+07
2.872690890916569158e+07
2.872709812394021079e+07
2.872697732919377089e+07
2.872692761680997163e+07
2.872720166238643602e+07
2.872766118993711844e+07
2.872824906679558381e+07
2.872912835393165424e+07
2.873009864227359742e+07
2.873094358742858097e+07
2.873134303874123842e+07
2.873118132145062089e+07
2.873029778199123219e+07
2.872891965647837520e+07
2.872722872228873521e+07
2.872551401888084412e+07
2.872368736435308307e+07
2.872213412424545363e+07
2.872120134742543846e+07
2.872080046437845007e+07
2.872089519384912774e+07
2.872142309790822864e+07
2.872234366395974904e+07
2.872332237798343971e+07
2.872435285453413054e+07
2.872528968173808604e+07
2.872568721556117386e+07
2.872598114026274532e+07
2.872637449741766602e+07
2.872684324843410030e+07
2.872730381907429174e+07
2.872798673498938605e+07
2.872885215874207020e+07
2.872929665926922485e+07
2.872967974191157147e+07
2.872982907198280096e+07
2.872959121313634142e+07
2.872861167462697625e+07
2.872732373314766958e+07
2.872569297762379795e+07
2.872394327156285197e+07
2.872245257912068814e+07
2.872108739356197789e+07
2.871991984627125412e+07
2.871919395286228508e+07
2.871901702956566215e+07
2.871935901628506184e+07
2.871999678323804215e+07
2.872096277748360485e+07
2.872189875735426322e+07
2.872274158787979558e+07
2.872353069743155688e+07
