5.221599609764655679e+07
5.221519347811853141e+07
5.221560692825584114e+07
5.221554175525078177e+07
5.221591758496195823e+07
5.221617738902297616e+07
5.221666843810540438e+07
5.221689069687294215e+07
5.221735977231428027e+07
5.221785156770313531e+07
5.221819752006494999e+07
5.221812329102015495e+07
5.221814415206812322e+07
5.221817618205471337e+07
5.221844310055831820e+07
5.221860941802947968e+07
5.221841584538044035e+07
5.221765577752153575e+07
5.221660043127944320e+07
5.221550199959920347e+07
5.221465547582647204e+07
5.221443959370695055e+07
5.221515096069177240e+07
5.221585394183048606e+07
5.221651488378007710e+07
5.221724201547821611e+07
5.221793503197952360e+07
5.221867312611879408e+07
5.221967968285969645e+07
5.222033433370010555e+07
5.222124500077798218e+07
5.222172081470714509e+07
5.222142590146383643e+07
5.222074065316823125e+07
5.222005484067918360e+07
5.221975705915863812e+07
5.221970463046972454e+07
5.221948448389621824e+07
5.221908250178827345e+07
5.221883552549239993e+07
5.221791010412735492e+07
5.221633961240576953e+07
5.221503507500865310e+07
5.221411852142261714e+07
5.221367662414806336e+07
5.221305158514268696e+07
5.221301271336748451e+07
5.221336302088569850e+07
5.221438199582528323e+07
5.221534704038488865e+07
5.221612724651956558e+07
5.221681838597565144e+07
5.221708070075736195e+07
5.221678400828697532e+07
5.221653112889811397e+07
5.221578081138441712e+07
5.221492225928339362e+07
5.221445865493829548e+07
5.221456694659974426e+07
5.221501036795065552e+07
5.221587023795967549e+07
5.221639054638727009e+07
5.221675223645447195e+07
5.221669619048254937e+07
5.221643320362173021e+07
5.221554119715958834e+07
5.221354109881804138e+07
5.221122587551827729e+07
5.220929529367080331e+07
5.220861077545593679e+07
5.220945510217400640e+07
5.221114206575889885e+07
5.221332327489048988e+07
5.221528713044329733e+07
5.221683872651056200e+07
5.221724988963567466e+07
5.221690784300988168e+07
5.221630295751547068e+07
5.221572963245339692e+07
5.221546555130584538e+07
5.221525314920977503e+07
5.221483996044197679e+07
5.221439572185068578e+07
5.221417682446833700e+07
5.221427873199671507e+07
5.221487165264184028e+07
5.221540378712921590e+07
5.221523022066857666e+07
5.221460472345417738e+07
5.221354195897275954e+07
5.221203749902081490e+07
5.221027412289240211e+07
5.220894877709343284e+07
5.220900128309947997e+07
5.221045446522112191e+07
5.221260128809969127e+07
5.221498728064744920e+07
5.221703210711293668e+07
5.221884564778123796e+07
5.222022978165011853e+07
5.222101630789764971e+07
5.222127054073791951e+07
5.222045568199253827e+07
5.221851740127136558e+07
5.221609481936884671e+07
5.221384421983433515e+07
5.221238878094524145e+07
5.221207648047847301e+07
5.221292385632201284e+07
5.221447085447078943e+07
5.221619272834111005e+07
5.221756613742599636e+07
5.221853047099471837e+07
5.221870234350287914e+07
5.221732407147103548e+07
5.221441413911341131e+07
5.221121257348098606e+07
5.220874398251043260e+07
5.220750796380569786e+07
5.220805811618459970e+07
5.221056453581035882e+07
5.221403254665973037e+07
5.221729159061726928e+07
5.221983811735599488e+07
5.222178421000913531e+07
5.222306910111092031e+07
5.222294849433705956e+07
5.222098050214263797e+07
5.221832075789471716e+07
5.221580959553108364e+07
5.221403272121220082e+07
5.221309711822675169e+07
5.221319346469052881e+07
5.221409999304495752e+07
5.221581389243570715e+07
5.221762547717032582e+07
5.221929310004363209e+07
5.222042128750220686e+07
5.222046232853816450e+07
5.221851286058437824e+07
5.221543928661335260e+07
5.221267286364112049e+07
5.221082721055296808e+07
5.220988604658695310e+07
5.221066250362223387e+07
5.221272464041951299e+07
5.221537008075551689e+07
5.221813748675795645e+07
5.222019199471076578e+07
5.222126771860863268e+07
5.222152176012422889e+07
5.222089464911281317e+07
5.221924987965905666e+07
5.221666080748436600e+07
5.221404007764812559e+07
5.221218464778782427e+07
5.221172170277457684e+07
5.221260250419915468e+07
5.221449745240076631e+07
5.221666726073267311e+07
5.221838215068636090e+07
5.221919873769851774e+07
5.221877520639367402e+07
5.221712779216882586e+07
5.221473214953351021e+07
5.221232722084924579e+07
5.221012800715868175e+07
5.220866483910714090e+07
5.220849721387860179e+07
5.220937236408949643e+07
5.221120533855021000e+07
5.221367091672218591e+07
5.221606697786231339e+07
5.221787095342415571e+07
5.221875823411713541e+07
5.221946377228859067e+07
5.221922382101391256e+07
5.221709448259243369e+07
5.221411742048225552e+07
5.221159273449476063e+07
5.221052336825732142e+07
5.221106843485364318e+07
5.221265202996069938e+07
5.221507277393799275e+07
5.221752387665221095e+07
5.221943859506978095e+07
5.222034061168073863e+07
5.222038145282565057e+07
5.221885707627751678e+07
5.221628902546980977e+07
5.221347192250999063e+07
5.221152460510216653e+07
5.221145391766598076e+07
5.221001808066663891e+07
5.221122676439912617e+07
5.221303639574543387e+07
5.221592162794784456e+07
5.221859443552669138e+07
5.222067450534000248e+07
5.222198669732825458e+07
5.222161572313392162e+07
5.221949400848193467e+07
5.221692210993337631e+07
5.221411521412252635e+07
5.221194548360449821e+07
5.221086225802160054e+07
5.221114014129745960e+07
5.221243668050349504e+07
5.221456072106260061e+07
5.221676244916479290e+07
5.221845690579248220e+07
5.221924318451148272e+07
5.221897048340344429e+07
5.221789439225013554e+07
5.221617257115273923e+07
5.221460434400947392e+07
5.221349393491009623e+07
5.221292963802119344e+07
5.221295934242721647e+07
5.221370728105883300e+07
5.221515984351536632e+07
5.221674489002920687e+07
5.221793736720544100e+07
5.221830801159439981e+07
5.221781016291022301e+07
5.221632860095220059e+07
5.221429718939060718e+07
5.221229610436506569e+07
5.221056905768898129e+07
5.220954420500943810e+07
5.220962706068888307e+07
5.221058119080606103e+07
5.221212587946198881e+07
5.221419523298627138e+07
5.221587855705060065e+07
5.221724264926902950e+07
5.221794808920942247e+07
5.221816834684544057e+07
5.221781051193483919e+07
5.221765696996158361e+07
5.221775563844055682e+07
5.221614327524827421e+07
5.221642996952537447e+07
5.221684651165147126e+07
5.221820780960526317e+07
5.221960608551085740e+07
5.222063068493662030e+07
5.222067889048683643e+07
5.222005903391571343e+07
5.221879056415776163e+07
5.221726174819768220e+07
5.221513621637503803e+07
5.221320113726130873e+07
5.221182374965405464e+07
5.221174564434648305e+07
5.221328237981587648e+07
5.221620842277286947e+07
5.221881698634332418e+07
5.222077724500269443e+07
5.222184492360054702e+07
5.222265418765521795e+07
5.222321793221566826e+07
5.222260366316235065e+07
5.222137307349748164e+07
5.222018126374258101e+07
5.221903662691348791e+07
5.221820394206529111e+07
5.221796196412006766e+07
5.221845727058505267e+07
5.221944509481895715e+07
5.222034102184198797e+07
5.222083136639968306e+07
5.222101327216730267e+07
5.222114234958849102e+07
5.222077484274674952e+07
5.221906121571552008e+07
5.221657897644820064e+07
5.221403175960320979e+07
5.221198324904129654e+07
5.221084018341319263e+07
5.221071529853333533e+07
5.221140676783095300e+07
5.221268256391275674e+07
5.221393845643401146e+07
5.221500256507003307e+07
5.221547490817718953e+07
5.221558967681866139e+07
5.221580341162189096e+07
5.221625009029976279e+07
5.221658475178901851e+07
5.221665166734308749e+07
5.221674200530262291e+07
5.221720184716938436e+07
5.221776711626408994e+07
5.221830982544777542e+07
5.221853153759914637e+07
5.221839150529428571e+07
5.221795970168564469e+07
5.221739071401641518e+07
5.221648136553459615e+07
5.221523108830279857e+07
5.221420808548807353e+07
5.221363104544652253e+07
5.221336849585589021e+07
5.221333579397897422e+07
5.221337111770238727e+07
5.221386990388987958e+07
5.221518222756110132e+07
5.221674098021564633e+07
5.221789889465095848e+07
5.221866729815255851e+07
5.221930912081096321e+07
5.221977601851725578e+07
5.222010273644582927e+07
5.222014690136780590e+07
5.221996738385717571e+07
5.221970123466844112e+07
5.221958297324828058e+07
5.221944343238025159e+07
5.221949399904315919e+07
5.222000388324675709e+07
5.222067081004212797e+07
5.222144936792390049e+07
5.222199490522583574e+07
5.222175149688065052e+07
5.222126589803297073e+07
5.221985532693118602e+07
5.221788472355467081e+07
5.221610134793303162e+07
5.221501930869852751e+07
5.221434677228783816e+07
5.221460824772872776e+07
5.221512344703412801e+07
5.221617563479746878e+07
5.221694829776836187e+07
5.221825253849581629e+07
