2.162602659589134157e+07
2.162238606057622284e+07
2.162859779498967901e+07
2.163333991561760753e+07
2.164170710167900100e+07
2.164534663054068759e+07
2.164842935122874752e+07
2.164613704818141460e+07
2.164112376224669069e+07
2.163695240446086973e+07
2.163415647653590515e+07
2.163154069845642895e+07
2.163022752813420445e+07
2.162816802168848738e+07
2.162622505180264637e+07
2.162512918452256173e+07
2.162500908545424044e+07
2.162549651405350864e+07
2.162833269380449131e+07
2.163216689582062140e+07
2.163676599923272058e+07
2.164191269614008814e+07
2.164609576023848355e+07
2.164766991662594303e+07
2.164743317308976129e+07
2.164590812300822511e+07
2.163967236688952893e+07
2.163006579310073704e+07
2.162223447233281657e+07
2.161614364742056653e+07
2.161202184602082148e+07
2.161036343248478323e+07
2.160932041532224417e+07
2.160873498199042305e+07
2.160931658376063779e+07
2.161102189659218863e+07
2.161492168127208576e+07
2.162574231015374884e+07
2.163631088310800120e+07
2.164643784355936572e+07
2.165656083628298342e+07
2.166630886691327021e+07
2.166806716094142571e+07
2.165678450966253504e+07
2.164363419637776911e+07
2.163127882128194720e+07
2.162136403959975019e+07
2.161368785592576116e+07
2.160766936238022894e+07
2.160479769976720959e+07
2.160562721600760147e+07
2.160910333968447149e+07
2.161391930024135858e+07
2.161863104393113032e+07
2.162263059566846490e+07
2.162553775647488981e+07
2.162703245072155446e+07
2.162850093284107372e+07
2.163059523526091874e+07
2.163195809656776488e+07
2.163305999017093703e+07
2.163524201017963886e+07
2.163746958598489687e+07
2.164075900889826566e+07
2.164325710675406829e+07
2.164457243935212120e+07
2.163887140257975832e+07
2.162728475615378842e+07
2.161618038594327867e+07
2.160703055590020865e+07
2.160129348034960032e+07
2.159797111532843858e+07
2.159783520281402022e+07
2.160100864943729714e+07
2.160540116687969491e+07
2.161124545073643699e+07
2.161832241985883564e+07
2.162689793660088629e+07
2.163471900252914801e+07
2.164010439442622289e+07
2.163934444332819432e+07
2.162654305586886406e+07
2.161299381598323956e+07
2.160316698437707871e+07
2.159660240991206467e+07
2.159366195659280941e+07
2.159590017012390494e+07
2.160136202874964103e+07
2.160705590979524702e+07
2.161353989009952545e+07
2.162111147438236326e+07
2.162890891913316399e+07
2.163369885024056956e+07
2.163622006826449186e+07
2.162604998487708345e+07
2.161290165764300898e+07
2.160362176589383557e+07
2.159818551214044541e+07
2.159799868009704724e+07
2.159959531386943907e+07
2.160180811563044041e+07
2.160642165874472633e+07
2.161388897747370228e+07
2.162025505156987906e+07
2.161930269405091926e+07
2.161501046343608573e+07
2.160898282948773727e+07
2.160233517958580703e+07
2.159536918004304171e+07
2.159199652837416902e+07
2.159100672521872073e+07
2.159258135168433189e+07
2.159680248991483822e+07
2.160890298267868906e+07
2.162404202815600485e+07
2.163565022159108147e+07
2.163841106489451230e+07
2.162807915713547543e+07
2.161370546896854788e+07
2.160091495489247516e+07
2.159220167681801319e+07
2.158570266061067954e+07
2.158098463698004931e+07
2.157749598217500374e+07
2.157513873891968653e+07
2.157548198597272485e+07
2.158177375852875784e+07
2.158985764749591053e+07
2.159650812874748930e+07
2.160063446728783473e+07
2.159955621881302819e+07
2.159472579882641137e+07
2.159031823287891224e+07
2.158873571961751953e+07
2.158886256770943850e+07
2.159048040004272014e+07
2.159635033920936659e+07
2.160671333550017700e+07
2.161799315135546029e+07
2.163243185651180148e+07
2.164833054161223024e+07
2.164522968106552958e+07
2.162695149843204767e+07
2.160988433558804914e+07
2.159523373128527030e+07
2.158524007048114389e+07
2.157892520990364626e+07
2.157790503261679783e+07
2.157938297933456674e+07
2.158586679510102794e+07
2.159950071907776222e+07
2.161799186034671590e+07
2.163716938821072504e+07
2.164665457597909123e+07
2.163862963607649133e+07
2.162772173591419682e+07
2.161757123692122102e+07
2.161173918113683164e+07
2.161025048218678311e+07
2.161432145030223206e+07
2.162049750804511085e+07
2.162804788585688546e+07
2.163508491049315035e+07
2.164349874148979038e+07
2.165087981619945541e+07
2.165591029142184928e+07
2.164979278884318098e+07
2.163898744046689570e+07
2.162951305228615180e+07
2.162193291297697648e+07
2.161589859622970223e+07
2.161250582380725816e+07
2.161109128353094310e+07
2.161341362320535257e+07
2.162053801151552796e+07
2.163034476808196306e+07
2.164026413758276775e+07
2.164993687504010275e+07
2.165561957393850386e+07
2.165644208181236312e+07
2.164741697849998251e+07
2.163501720891996846e+07
2.162339693097664043e+07
2.161411229391124845e+07
2.160641495097909123e+07
2.160241413614441454e+07
2.159972776736068353e+07
2.160164749081864953e+07
2.161052916981380060e+07
2.162418051138232648e+07
2.163701958473335207e+07
2.164921219826446101e+07
2.165315080244543776e+07
2.164602450261874869e+07
2.162915559232140705e+07
2.161606280667338148e+07
2.160968989903009683e+07
2.160610243323650956e+07
2.160547244507082924e+07
2.160873435824934393e+07
2.161417258623862267e+07
2.162976166705676913e+07
2.164673188934206218e+07
2.165672635301092640e+07
2.164834365512486547e+07
2.163266340380078182e+07
2.162030570443225652e+07
2.161202057423261553e+07
2.160776297311785445e+07
2.160593883524043486e+07
2.160736761086963117e+07
2.161270277095141634e+07
2.162254579267321527e+07
2.163577007873804122e+07
2.164964454930090159e+07
2.165937237170133740e+07
2.166365262155283988e+07
2.165563029287017137e+07
2.163934325396035239e+07
2.162542521638678014e+07
2.161671165270540118e+07
2.161463538084928691e+07
2.161639346664798260e+07
2.162160821952864155e+07
2.163297698013832793e+07
2.164942138169958442e+07
2.166157014431324974e+07
2.166984476621477306e+07
2.167034929712276161e+07
2.166207066417894140e+07
2.164828060380788147e+07
2.163509603071720898e+07
2.162294096036177129e+07
2.161711256900516897e+07
2.161597858100964129e+07
2.161988179720026255e+07
2.162585169756174833e+07
2.163421265819428116e+07
2.163851892525295168e+07
2.164485565568696707e+07
2.162847981936776638e+07
2.165349734815932065e+07
2.164673362683248892e+07
2.163984957017092034e+07
2.162397342731033638e+07
2.161712205811005086e+07
2.161213582141227648e+07
2.161457360083897784e+07
2.161907170903640985e+07
2.162690499373301119e+07
2.163290274027530104e+07
2.164013785759155080e+07
2.164736791778701544e+07
2.165325752320130914e+07
2.164977193150606006e+07
2.164150701139255613e+07
2.163214944831813127e+07
2.162487570810926333e+07
2.161817542508937791e+07
2.161395442263620719e+07
2.161219795618588850e+07
2.161517620021823049e+07
2.162008256882833689e+07
2.163099757564054057e+07
2.164427086518514156e+07
2.165780984323022887e+07
2.166039387442360073e+07
2.164485673964459449e+07
2.162894592774517462e+07
2.161755526240970939e+07
2.160947741350295395e+07
2.160644719764159992e+07
2.160684796744310111e+07
2.161150485489895940e+07
2.161827628934231773e+07
2.162563486265071854e+07
2.163427758862375095e+07
2.164255977322689444e+07
2.165109833430681750e+07
2.164831452161998302e+07
2.163879435087740049e+07
2.163103097691174597e+07
2.162432039938945696e+07
2.161840547274008766e+07
2.161425955727717653e+07
2.161351160487144068e+07
2.161942628610219434e+07
2.162919900487561151e+07
2.163843120290914550e+07
2.164142999734814838e+07
2.163252409073689952e+07
2.162113448380159587e+07
2.161300558362890035e+07
2.160763918901925534e+07
2.160419611861569434e+07
2.160525177493548766e+07
2.160946115859210119e+07
2.161568997670591995e+07
2.162302791938876361e+07
2.163030495269273967e+07
2.163707720223757252e+07
2.164269427032560855e+07
2.164851045810923353e+07
2.165331435188529268e+07
2.165345413595507666e+07
2.164655649105703831e+07
2.163819921927141398e+07
2.163016064109621197e+07
2.162347965682959929e+07
2.161817400678431243e+07
2.161482552212554216e+07
2.161267296792332456e+07
2.161199585614547879e+07
2.161213550351066142e+07
2.161384725945714861e+07
2.161521498266512528e+07
2.161728371767324209e+07
2.162096440814206004e+07
2.162648375694600120e+07
2.162967108119207993e+07
2.163171423706982657e+07
2.163397137626321986e+07
2.164139485279998183e+07
2.164765506613797694e+07
2.165426624504129961e+07
2.165783151548543572e+07
2.166161587242730334e+07
2.165752606513334066e+07
2.164609073488077521e+07
2.163284446163061261e+07
2.162314742899305746e+07
2.161365156127065420e+07
2.160884141260292754e+07
2.160258258048471808e+07
2.160404819416072220e+07
2.160211249085927755e+07
