3.695389643834798038e+07
3.695240928922411799e+07
3.695087069985492527e+07
3.694908854247467220e+07
3.694655061313721538e+07
3.694426238520927727e+07
3.694231915141772479e+07
3.694051551677430421e+07
3.693930629658544064e+07
3.693870568018265069e+07
3.693917571060447395e+07
3.693758076599665731e+07
3.693464236755132675e+07
3.693231603208563477e+07
3.693036339650785923e+07
3.692955375065576285e+07
3.692901166518651694e+07
3.692985781223520637e+07
3.693101706427588314e+07
3.693147347685116529e+07
3.693115072944913059e+07
3.693102345526313782e+07
3.693066874711249769e+07
3.693039896928970516e+07
3.693026313542462885e+07
3.693026124722820520e+07
3.693053325152076036e+07
3.693239315757159144e+07
3.693430675759723783e+07
3.693552096617310494e+07
3.693847498821991682e+07
3.694384023236607760e+07
3.694919948396743834e+07
3.695501530390208960e+07
3.695920906780848652e+07
3.695762991605947167e+07
3.695438699157504737e+07
3.695053038587392867e+07
3.694850484534181654e+07
3.694807668649713695e+07
3.694899801103868335e+07
3.694653761153847724e+07
3.694097477953033149e+07
3.693631000396889448e+07
3.693303438613425940e+07
3.693045809876287729e+07
3.692940219879080355e+07
3.692875685769772530e+07
3.692870594585100561e+07
3.692845063558208942e+07
3.692923573886792362e+07
3.693092680091977119e+07
3.693492028721121699e+07
3.693909827644369751e+07
3.694150611101931334e+07
3.694373764007436484e+07
3.694806453742425889e+07
3.695079576736250520e+07
3.694961494279102236e+07
3.694809965492600948e+07
3.694856853640606999e+07
3.695024576416726410e+07
3.695004170988661796e+07
3.694772464861276746e+07
3.694571356271094084e+07
3.694555326958465576e+07
3.694738729508345574e+07
3.695111562739775330e+07
3.695797315205744654e+07
3.696486610922860354e+07
3.696744308554108441e+07
3.696840007553288341e+07
3.697027879913758487e+07
3.697238100141172111e+07
3.697049258782880753e+07
3.696622438544575870e+07
3.696209899356117100e+07
3.695975396283463389e+07
3.695771899569144100e+07
3.695552651842349023e+07
3.695445966931983083e+07
3.695412634455895424e+07
3.695301242405124754e+07
3.695201313628943264e+07
3.694984930439867079e+07
3.694673972215927392e+07
3.694654827966260910e+07
3.694616996293119341e+07
3.694510497753498703e+07
3.694564367970268428e+07
3.694720564342635125e+07
3.694729558672580123e+07
3.694696781999556720e+07
3.694549121056791395e+07
3.694463935161662847e+07
3.694466323557308316e+07
3.694589135915063322e+07
3.694683752891768515e+07
3.694804329515660554e+07
3.694911656832019985e+07
3.694988185925892740e+07
3.695083062779513001e+07
3.695270537054333091e+07
3.695513707144254446e+07
3.696108317710802704e+07
3.696775473136282712e+07
3.697201853221292794e+07
3.697380313919672370e+07
3.697271377315164357e+07
3.697131671419305354e+07
3.696916448041855544e+07
3.696726729144076258e+07
3.696538939268807322e+07
3.696281007889721543e+07
3.696020725280693918e+07
3.695865713326206058e+07
3.695758135305090249e+07
3.695897059425396472e+07
3.696094967191504687e+07
3.696326518314471841e+07
3.696488360632184148e+07
3.696368528833882511e+07
3.696270460519304127e+07
3.696160024950516224e+07
3.695972894773736596e+07
3.695716188827931136e+07
3.695488834703534842e+07
3.695265456229279190e+07
3.695113341574089229e+07
3.695014018130052835e+07
3.694985579900272191e+07
3.694984354240143299e+07
3.695054477091361582e+07
3.695172310507010669e+07
3.695038983121660352e+07
3.694711731195640564e+07
3.694490512841589004e+07
3.694304231145510077e+07
3.694234115002427995e+07
3.694143767774537951e+07
3.694133656099234521e+07
3.694220088738442212e+07
3.694340670488580316e+07
3.694407071447401494e+07
3.694480636964159459e+07
3.694613641993363947e+07
3.694840512471456081e+07
3.695016887358362228e+07
3.695109930564358830e+07
3.695097231332200021e+07
3.695128848358423263e+07
3.695221148239503056e+07
3.695389876531024277e+07
3.695583994657061249e+07
3.695746517555124313e+07
3.695921669440940022e+07
3.696344829351596534e+07
3.697083514680612087e+07
3.697697096004160494e+07
3.698143132329476625e+07
3.698419062300608307e+07
3.698290394860365242e+07
3.697870564429905266e+07
3.697389080224626511e+07
3.696842555132783204e+07
3.696928405303964764e+07
3.696608656885457784e+07
3.696149539831195772e+07
3.695808852277343720e+07
3.695642787116125971e+07
3.695321781714589149e+07
3.695134367423120141e+07
3.694882755138620734e+07
3.694550298785872757e+07
3.694081567498696595e+07
3.693700158804964274e+07
3.693551915626872331e+07
3.693640206801994145e+07
3.693889452148667723e+07
3.694170178494964540e+07
3.694331898409247398e+07
3.694452648609841615e+07
3.694706402096997947e+07
3.694981269853056222e+07
3.695109150695873052e+07
3.694724042408012599e+07
3.694119823528782278e+07
3.693636587699739635e+07
3.693259550562601537e+07
3.693021403438257426e+07
3.692831231441467255e+07
3.692888344147702307e+07
3.693455181002567708e+07
3.693405119453491271e+07
3.693902932765164226e+07
3.694458020401251316e+07
3.695024093987933546e+07
3.694936412908399850e+07
3.694619868140732497e+07
3.694093754126734287e+07
3.693745329167375714e+07
3.693603145698447526e+07
3.693551915438185632e+07
3.693501880876184255e+07
3.693557607540250570e+07
3.693807253446578234e+07
3.693989551981437951e+07
3.694066223251371831e+07
3.694152444276416302e+07
3.694218631691654772e+07
3.694381855798322707e+07
3.694421756723763049e+07
3.694314762745890766e+07
3.694268993091037124e+07
3.694642086901710182e+07
3.694985135516316444e+07
3.694959720411914587e+07
3.694815235331724584e+07
3.694827161229249090e+07
3.695087257210953534e+07
3.695184551340811700e+07
3.694917906980741769e+07
3.694647881475754082e+07
3.694525040635675937e+07
3.694527997912924737e+07
3.694403062536033243e+07
3.694262461393564194e+07
3.694262535486598313e+07
3.694569475173347443e+07
3.695057448804911226e+07
3.695644292311144620e+07
3.695739098904100060e+07
3.695462123837693781e+07
3.695411348009707034e+07
3.695494120235642046e+07
3.695392355668317527e+07
3.695079519092608988e+07
3.694865346264647692e+07
3.694784957268511504e+07
3.694847936094849557e+07
3.694700666900091618e+07
3.695361908126474917e+07
3.695642260536923259e+07
3.696245185629185289e+07
3.696875708869034797e+07
3.697250775802963972e+07
3.697009877961240709e+07
3.696442175756189227e+07
3.696126781866859645e+07
3.696283023297362030e+07
3.696111951138729602e+07
3.695631314629127085e+07
3.695072610602369159e+07
3.694593334283166379e+07
3.694470339363108575e+07
3.694344763428369164e+07
3.694453641461428255e+07
3.694469601845103502e+07
3.694392931367842108e+07
3.694286247364896536e+07
3.694170362365870923e+07
3.694364586337668449e+07
3.694557208492108434e+07
3.694546383988050371e+07
3.694586219376500696e+07
3.694489494677449018e+07
3.694426908585881442e+07
3.694324041615437716e+07
3.694144572116050869e+07
3.694009942518649995e+07
3.693828310336621851e+07
3.693582815473815799e+07
3.693374354792248458e+07
3.693169549549413472e+07
3.692939516916837543e+07
3.692852214458961040e+07
3.692881159553994983e+07
3.692993505019469559e+07
3.693248030499146879e+07
3.693576952123912424e+07
3.693748804452136904e+07
3.694001070173595101e+07
3.694440940308351815e+07
3.694775325656078011e+07
3.694930414178749174e+07
3.694941173824822158e+07
3.694859591949628294e+07
3.694805762927586585e+07
3.694773304938004911e+07
3.694724653287725151e+07
3.694746627497008443e+07
3.694878717713696510e+07
3.695049538559500873e+07
3.695093776540713757e+07
3.695049236405341327e+07
3.695013483920696378e+07
3.694912479818733037e+07
3.694712969718915224e+07
3.694620532902462035e+07
3.694518844274961203e+07
3.694404034078382701e+07
3.694373726823837310e+07
3.694458869310346991e+07
3.694796144651051611e+07
3.695116901807163656e+07
3.695310727075099945e+07
3.695583187548452616e+07
3.695982492592345923e+07
3.696117973679987341e+07
3.696065724428086728e+07
3.696222323216497898e+07
3.696400173592377454e+07
3.696331961261140555e+07
3.695961575630185008e+07
3.695369689572683722e+07
3.694994689995698631e+07
3.694793559282024205e+07
3.694705248537383229e+07
3.694758001679326594e+07
3.694618457315776497e+07
3.694274984220687300e+07
3.693991622021042556e+07
3.693885629845977575e+07
3.693883466133279353e+07
3.693891317873442918e+07
3.693890582185711712e+07
3.693892042507746071e+07
3.693853008156175166e+07
3.693750737791945785e+07
3.693714935544998944e+07
3.693843402689516544e+07
3.694002414704263955e+07
3.694163384100471437e+07
3.694186685214100033e+07
3.694234151269476861e+07
3.694256663336999714e+07
