1.617767270159718022e+07
1.617676256877151877e+07
1.617812872241859138e+07
1.617847765345099941e+07
1.617956888602245413e+07
1.618090501417297684e+07
1.618291219189671986e+07
1.618402491478763148e+07
1.618522801381473616e+07
1.618723545010011271e+07
1.618936118010241538e+07
1.619118397621984780e+07
1.619357706347871199e+07
1.619624022568436712e+07
1.619875748326368816e+07
1.620044427753247134e+07
1.620168363242522441e+07
1.620247933810132742e+07
1.620332551986607909e+07
1.620425175289543532e+07
1.620568035747523606e+07
1.620709394286361523e+07
1.620860287414074875e+07
1.621020271942085214e+07
1.621128893300217949e+07
1.621125315988093987e+07
1.621003908496429026e+07
1.620789497432854772e+07
1.620489368225186877e+07
1.620193056203645281e+07
1.619978605280718207e+07
1.619770082175190374e+07
1.619583394991224818e+07
1.619431181502488069e+07
1.619287500955668464e+07
1.619122682029727288e+07
1.618909464853762835e+07
1.618576675398446620e+07
1.618238679600575939e+07
1.617954417726439424e+07
1.617664523373518325e+07
1.617362965862918459e+07
1.617124214902299456e+07
1.616905762995589152e+07
1.616777342087625526e+07
1.616748254180907831e+07
1.616822564498748444e+07
1.616954052193990722e+07
1.617114021993956342e+07
1.617295141245419160e+07
1.617483113481497206e+07
1.617587587338989601e+07
1.617611516518990509e+07
1.617622054920146428e+07
1.617622489539454877e+07
1.617620345425761491e+07
1.617627749167793430e+07
1.617590099758251011e+07
1.617688408427603915e+07
1.617788484388675913e+07
1.617914309662814252e+07
1.618031823085686751e+07
1.618125938616228662e+07
1.618095532068971172e+07
1.617962367934699543e+07
1.617734800578372367e+07
1.617487498901199177e+07
1.617327819949614257e+07
1.617210134748907201e+07
1.617117937417006493e+07
1.617261087814757600e+07
1.617479822337579168e+07
1.617653378762539290e+07
1.617756763731378317e+07
1.617808801748377457e+07
1.617789272485752776e+07
1.617731484605718404e+07
1.617658779288195632e+07
1.617588062172385491e+07
1.617552100120026618e+07
1.617539871431739442e+07
1.617598757176671922e+07
1.617758493813999929e+07
1.617984118351418339e+07
1.618093884504790045e+07
1.618108349470762722e+07
1.618077510595656745e+07
1.618009868196849525e+07
1.617916527587085962e+07
1.617873404191957414e+07
1.617834454985808767e+07
1.617761100125786290e+07
1.617713863640553132e+07
1.617705734695800766e+07
1.617283599192915671e+07
1.616593741701280326e+07
1.616252656166660413e+07
1.616254627448987961e+07
1.616240884256421588e+07
1.616222532307772711e+07
1.616147235638909414e+07
1.615999891191249155e+07
1.615875437353695929e+07
1.615771529250161536e+07
1.615707217704196647e+07
1.615689403861068748e+07
1.615734402392884344e+07
1.615814062125215866e+07
1.615911014983325265e+07
1.616019708304597996e+07
1.616075327118914388e+07
1.616073777845639922e+07
1.615996174154244363e+07
1.615819259430442750e+07
1.615597953247013129e+07
1.615364280141077191e+07
1.615157325205833465e+07
1.614998208706773445e+07
1.614927082507636398e+07
1.614980372476431914e+07
1.615143230571467429e+07
1.615382134469453432e+07
1.615675603584619239e+07
1.615948281180292740e+07
1.616020871678477712e+07
1.615981687131322362e+07
1.615873782123500668e+07
1.615752009635704383e+07
1.615641889152950421e+07
1.615581853457574733e+07
1.615589523082827590e+07
1.615680503470251709e+07
1.615846945889572054e+07
1.616053012708302215e+07
1.616308260849570669e+07
1.616510901298699155e+07
1.616581890070285089e+07
1.616550950285080634e+07
1.616456347571654432e+07
1.616339134320101142e+07
1.616248734795831144e+07
1.616235407027903572e+07
1.616293339042752050e+07
1.616461281255604327e+07
1.616734962995805964e+07
1.617072721048408747e+07
1.617384676272869483e+07
1.617648787010700442e+07
1.617850018156074360e+07
1.617954782663220353e+07
1.617975706712442450e+07
1.617930167862013169e+07
1.617847271790037863e+07
1.617788432467576489e+07
1.617816645942215994e+07
1.617906840383429639e+07
1.618041637422599830e+07
1.618243843538105488e+07
1.618446023187803477e+07
1.618597211800117977e+07
1.618637901403065212e+07
1.618578862139393203e+07
1.618440891007673554e+07
1.618243979291092791e+07
1.618040471802343428e+07
1.617900969445339404e+07
1.617836366228868440e+07
1.617888088609880768e+07
1.618037065992893465e+07
1.618198619548129663e+07
1.618338092413802259e+07
1.618542905892338045e+07
1.618673067477527075e+07
1.618701247997345962e+07
1.618643768683406711e+07
1.618537554184109531e+07
1.618339587688673660e+07
1.618126007034510002e+07
1.617952805453194864e+07
1.617810644452224486e+07
1.617809211962034367e+07
1.617910166269412078e+07
1.618068849700458720e+07
1.618232116044568643e+07
1.618314265501489118e+07
1.618301806176625192e+07
1.618188269064311311e+07
1.618002301142862067e+07
1.617721064277626015e+07
1.617452531623236090e+07
1.617215240211812407e+07
1.617145729241660051e+07
1.617316707190644369e+07
1.617221234626438841e+07
1.617431575693098269e+07
1.617602788551672734e+07
1.617774735539550334e+07
1.617819042864423618e+07
1.617772127368603460e+07
1.617616913567930833e+07
1.617431634387452714e+07
1.617281887599260733e+07
1.617303902023449540e+07
1.617420182322839461e+07
1.617459955448216759e+07
1.617482607655949518e+07
1.617552901885993592e+07
1.617659487025217712e+07
1.617795342370992713e+07
1.617899431768628396e+07
1.617933224874455109e+07
1.617871029189637676e+07
1.617761445356450044e+07
1.617629548606845178e+07
1.617473590678606369e+07
1.617356916116114333e+07
1.617303919427657127e+07
1.617282644520928338e+07
1.617333746745303273e+07
1.617475299197770841e+07
1.617658680392945185e+07
1.617794876041426882e+07
1.617856465568709560e+07
1.617861041512617469e+07
1.617784964879313111e+07
1.617641539176125638e+07
1.617470045936043188e+07
1.617354977953035943e+07
1.617331927943169512e+07
1.617421547286873683e+07
1.617581950523467921e+07
1.617802125319034606e+07
1.618009976283234358e+07
1.618166210083012842e+07
1.618229619175476208e+07
1.618237835966175608e+07
1.618147142107358761e+07
1.618055501766116731e+07
1.617907465271236002e+07
1.617940086872784421e+07
1.620000162463687360e+07
1.617851469291814044e+07
1.618520303698955476e+07
1.618351389118763804e+07
1.618753893637297116e+07
1.618750228392430581e+07
1.619084228796440549e+07
1.619109774208483472e+07
1.619213741247619689e+07
1.619076822257884033e+07
1.619229877378245071e+07
1.619296585436358862e+07
1.619528702007156052e+07
1.619620855414372496e+07
1.619856302897361852e+07
1.620094118181714602e+07
1.620506686612534337e+07
1.620848300359654240e+07
1.621232651861238852e+07
1.621502473400277086e+07
1.621731455778216757e+07
1.621782140529284254e+07
1.621812283208758943e+07
1.621667513663723134e+07
1.621539397350342572e+07
1.621344640688579157e+07
1.621155708781197295e+07
1.620893552696482837e+07
1.620678296556376852e+07
1.620433424641890824e+07
1.620218620181323215e+07
1.619955041802945919e+07
1.619726370528353192e+07
1.619466693963809125e+07
1.619237385676975362e+07
1.619009772533502989e+07
1.618809401929855160e+07
1.618605035270051286e+07
1.618512789243853092e+07
1.618483070227763988e+07
1.618499652298881114e+07
1.618536716861554421e+07
1.618641047160803340e+07
1.618761959731720015e+07
1.618973550610748492e+07
1.619206846601258218e+07
1.619396694791393355e+07
1.619558159121324681e+07
1.619752245940138958e+07
1.619941634097488783e+07
1.620089448407137766e+07
1.620218067236514762e+07
1.620342330442732014e+07
1.620421400198025070e+07
1.620397826186521724e+07
1.620329224965452589e+07
1.620211283460897580e+07
1.620068402123939060e+07
1.619895774406059645e+07
1.619753013174434938e+07
1.619591140034569427e+07
1.619481840605099872e+07
1.619398387049772404e+07
1.619403077049436979e+07
1.619437674530262873e+07
1.619554930968454480e+07
1.619680212207446806e+07
1.619856895752354898e+07
1.619994140280168131e+07
1.620146497321869433e+07
1.620222527310798876e+07
1.620321987416247837e+07
1.620376406754998676e+07
1.620516279517963529e+07
1.620619871599231474e+07
1.620809086140566133e+07
1.620945188994797692e+07
1.621156704986941814e+07
1.621292636752786301e+07
1.621470560302579589e+07
1.621532214785543643e+07
1.621642395207718201e+07
1.621618889889370836e+07
1.621669081156858802e+07
1.621574938120056130e+07
1.621586355573890172e+07
1.621460366171103530e+07
1.621496317383223400e+07
1.621376064929266088e+07
1.621480257363216579e+07
1.621399376933525875e+07
1.621612169813958183e+07
1.621520491085955873e+07
1.621831959876415133e+07
1.621596095025544241e+07
1.622211648274433613e+07
