1.617708140097241476e+07
1.617727497395224310e+07
1.617781620971469954e+07
1.617818467736909166e+07
1.617867322019700333e+07
1.617915240003707632e+07
1.617964918442952260e+07
1.617987175880071521e+07
1.617999569620736316e+07
1.617983476335345954e+07
1.617959650937857293e+07
1.617895578755494393e+07
1.617803484820158407e+07
1.617700335195595212e+07
1.617587445496665128e+07
1.617467107440097630e+07
1.617377476132120006e+07
1.617337597674875893e+07
1.617318718607291020e+07
1.617327481809019111e+07
1.617402906075088866e+07
1.617502095313274488e+07
1.617642265103132650e+07
1.617807809470139258e+07
1.617952843931081146e+07
1.618071133354910277e+07
1.618136483737912215e+07
1.618162956704623997e+07
1.618159958635362238e+07
1.618137324793992750e+07
1.618129634965416230e+07
1.618121484079983830e+07
1.618117906060619466e+07
1.618118207660958730e+07
1.618117999276318774e+07
1.618078455026475154e+07
1.618004039922177978e+07
1.617919783940358832e+07
1.617815009601563588e+07
1.617669294244560786e+07
1.617519089580083266e+07
1.617398361168316752e+07
1.617306002545197122e+07
1.617276748317393474e+07
1.617318950460263528e+07
1.617412926017219014e+07
1.617556774756669812e+07
1.617734330888400786e+07
1.617895588110096008e+07
1.618039724090552889e+07
1.618169465460762382e+07
1.618235839525996707e+07
1.618256615420666337e+07
1.618227406250448711e+07
1.618186217229043692e+07
1.618152171690257452e+07
1.618142598990875110e+07
1.618163242153842002e+07
1.618201041421951167e+07
1.618219702501087636e+07
1.618184651530231163e+07
1.618109497682571039e+07
1.618001410806263611e+07
1.617834553583103046e+07
1.617618085816279612e+07
1.617410285455411486e+07
1.617232844308883511e+07
1.617118759700486436e+07
1.617094324042662792e+07
1.617153448365989514e+07
1.617302114435327426e+07
1.617534219259772077e+07
1.617781999367588386e+07
1.617988928610611707e+07
1.618145884770441055e+07
1.618238164835706353e+07
1.618259542820190266e+07
1.618235332522243820e+07
1.618186514168104343e+07
1.618145357033532672e+07
1.618118074705164507e+07
1.618135666968033463e+07
1.618179464237732254e+07
1.618252615134429187e+07
1.618303231674911641e+07
1.618316270267317258e+07
1.618278055292978324e+07
1.618156262929397263e+07
1.617945527550243400e+07
1.617707332864294201e+07
1.617473371609066613e+07
1.617277241492301598e+07
1.617147618676781654e+07
1.617123625868131593e+07
1.617210228699319810e+07
1.617406952757218666e+07
1.617656495459755138e+07
1.617903049041283131e+07
1.618090585313613713e+07
1.618232751600968093e+07
1.618289471023070253e+07
1.618250579246386886e+07
1.618145925966276787e+07
1.618031359951972030e+07
1.617950388956554048e+07
1.617917119780782051e+07
1.617972439276979491e+07
1.618103449771630205e+07
1.618231747703595646e+07
1.618333744860737026e+07
1.618370723122318834e+07
1.618314288445685804e+07
1.618162354834079556e+07
1.617968610843782313e+07
1.617678957875710353e+07
1.617344962838838808e+07
1.617129629737671465e+07
1.617039794223557971e+07
1.617085325866346247e+07
1.617247727002362721e+07
1.617474354340796731e+07
1.617696833518838510e+07
1.617885161033683084e+07
1.618024580356130376e+07
1.618067456041455641e+07
1.618011547406890430e+07
1.617893159011157975e+07
1.617748149487549067e+07
1.617614038082600385e+07
1.617532584056356363e+07
1.617555195428213850e+07
1.617676794901359826e+07
1.617863791774095595e+07
1.618081123987890780e+07
1.618262047865613922e+07
1.618347739944857173e+07
1.618271614272449538e+07
1.618067752230081148e+07
1.617815694856064767e+07
1.617509594321540371e+07
1.617193954695182107e+07
1.616967685168907605e+07
1.616896766396473162e+07
1.617019244796087593e+07
1.617264185791272856e+07
1.617577899798486754e+07
1.617868957896365598e+07
1.618102053073942848e+07
1.618200946705279872e+07
1.618180837349735014e+07
1.618026129844167456e+07
1.617779901964988373e+07
1.617487604477976076e+07
1.617222317386819981e+07
1.617072279289738648e+07
1.617090783675959520e+07
1.617239028328330815e+07
1.617487359758247994e+07
1.617745359507130086e+07
1.617970950422215089e+07
1.618105621211463585e+07
1.618071100521266460e+07
1.617880051997885853e+07
1.617559179783859290e+07
1.617258079411732033e+07
1.617003276452457532e+07
1.616835154767459072e+07
1.616823768686825596e+07
1.616968662830108404e+07
1.617209993010513112e+07
1.617505882308440469e+07
1.617843936177369207e+07
1.618080771668382362e+07
1.618151926508396491e+07
1.618099689485185966e+07
1.617973063557468355e+07
1.617768854035991989e+07
1.617555770170510747e+07
1.617426269207425229e+07
1.617402741749270260e+07
1.617509254736132734e+07
1.617725392789178342e+07
1.617977871838813461e+07
1.618180888770987652e+07
1.618288010821636766e+07
1.618284864136600867e+07
1.618174912840102799e+07
1.617970803929620236e+07
1.617735168775220402e+07
1.617507756635955162e+07
1.617335117801693268e+07
1.617326142121076770e+07
1.617464410377089679e+07
1.617553819178439118e+07
1.617785212509921193e+07
1.618003878883107193e+07
1.618161110292652436e+07
1.618217782749068365e+07
1.618167191494395584e+07
1.618020471838025935e+07
1.617815488075174764e+07
1.617572699300226010e+07
1.617395184862001985e+07
1.617321684290370718e+07
1.617348859228607081e+07
1.617485901589381509e+07
1.617706966679440439e+07
1.617928354737543687e+07
1.618121760097174719e+07
1.618227842618159577e+07
1.618228797403369471e+07
1.618118415920617990e+07
1.617965834536870010e+07
1.617810614327982441e+07
1.617651711203479953e+07
1.617558109149718657e+07
1.617573954726989195e+07
1.617699040961522236e+07
1.617881784229073487e+07
1.618116312588342279e+07
1.618313155986959115e+07
1.618416110230866261e+07
1.618399000255523436e+07
1.618270276186523400e+07
1.618042831538132019e+07
1.617774583172252774e+07
1.617534731896982342e+07
1.617364088677070476e+07
1.617297412526175939e+07
1.617322098097766750e+07
1.617442878945016488e+07
1.617629747030934319e+07
1.617824888852406666e+07
1.617971061477835476e+07
1.618055450005315989e+07
1.618047271902570687e+07
1.617972959678003192e+07
1.617869458013083600e+07
1.617750138331357203e+07
1.617700979667613655e+07
1.617680262567330338e+07
1.617785050328357145e+07
1.617887750781011395e+07
1.618049521593362279e+07
1.618199996290820651e+07
1.618313107112247311e+07
1.618336825236200728e+07
1.618274838932434656e+07
1.618101565970766544e+07
1.617850884845113195e+07
1.617594152015227452e+07
1.617355948475045338e+07
1.617201642851286009e+07
1.617164535943516903e+07
1.617216976928440668e+07
1.617339312182369456e+07
1.617522389868951961e+07
1.617727881700304337e+07
1.617890986726224609e+07
1.617978405121022649e+07
1.617988831357671507e+07
1.617948257458583079e+07
1.617884785189815797e+07
1.617799906897923350e+07
1.617791775485369749e+07
1.617829525906896405e+07
1.617909384992505424e+07
1.618029201644610427e+07
1.618159504832104966e+07
1.618271270439294912e+07
1.618335493691197596e+07
1.618308457764085755e+07
1.618202337038266845e+07
1.618036635477675870e+07
1.617813972947991453e+07
1.617555303193627484e+07
1.617355060984322056e+07
1.617231229809565470e+07
1.617199425419939123e+07
1.617252223673832230e+07
1.617372252710655704e+07
1.617520650911129452e+07
1.617676214063754305e+07
1.617775754762150533e+07
1.617857437705615163e+07
1.617893817288706824e+07
1.617875261993597262e+07
1.617849520355574414e+07
1.617837817995908298e+07
1.617868958541366830e+07
1.617942507698037289e+07
1.618048119796313718e+07
1.618175196315671690e+07
1.618262739750451967e+07
1.618327500176611356e+07
1.618331789823074080e+07
1.618273407844468951e+07
1.618158135986971483e+07
1.617969136239624023e+07
1.617779197547383979e+07
1.617599585600971244e+07
1.617460074702033401e+07
1.617371884673275426e+07
1.617341627131677046e+07
1.617328971288440563e+07
1.617380817697873525e+07
1.617465243265611120e+07
1.617540732657677121e+07
1.617608717543284595e+07
1.617588000605428033e+07
1.617546838541834243e+07
1.617554832845453918e+07
1.617597318312151171e+07
1.617676979134163447e+07
1.617789159182071872e+07
1.617930843645676784e+07
1.618060516981677711e+07
1.618172461719837226e+07
1.618237717978884093e+07
1.618257846905945241e+07
1.618242067894892022e+07
1.618164417696200497e+07
1.618047171170475148e+07
1.617893136345437728e+07
1.617736296215038933e+07
1.617586565569074266e+07
1.617463379721725546e+07
1.617356375018080696e+07
1.617273484157282487e+07
1.617226724138408341e+07
1.617218458818771318e+07
1.617241457214637101e+07
1.617310598973694816e+07
1.617373118492056988e+07
1.617462045188609138e+07
1.617552160365904868e+07
