1.195959107660037652e+07
1.196042985660248809e+07
1.196074407455598377e+07
1.196110869615876675e+07
1.196119664130469225e+07
1.196165955672848411e+07
1.196193182979207113e+07
1.196212374815578759e+07
1.196217462759030797e+07
1.196211202392685600e+07
1.196176061796888337e+07
1.196122382504203543e+07
1.196011266976346821e+07
1.195912590754895285e+07
1.195814580638767034e+07
1.195697114331514202e+07
1.195610961940940842e+07
1.195542498328842223e+07
1.195499657888816856e+07
1.195515229054071195e+07
1.195581741500227526e+07
1.195663852757379413e+07
1.195768866086648405e+07
1.195884623329684325e+07
1.196002298358164728e+07
1.196085632483908720e+07
1.196137155733275414e+07
1.196175093862663582e+07
1.196185813196920045e+07
1.196177699716461636e+07
1.196179223019101657e+07
1.196187108439947665e+07
1.196196822211704031e+07
1.196225053967742063e+07
1.196242256887817942e+07
1.196225113095019944e+07
1.196167759914133139e+07
1.196098451090161130e+07
1.196001437384402007e+07
1.195867067461558804e+07
1.195720841872832738e+07
1.195593707559869438e+07
1.195499262981147878e+07
1.195447056444131956e+07
1.195473839615645446e+07
1.195541291505118832e+07
1.195646466126801819e+07
1.195809723502220027e+07
1.195961672202585638e+07
1.196075638464392722e+07
1.196175434403659403e+07
1.196210301855419017e+07
1.196196623986170441e+07
1.196182840075635538e+07
1.196134591043070890e+07
1.196101128753453866e+07
1.196105045982108265e+07
1.196112888776941597e+07
1.196158917295688018e+07
1.196213641349196807e+07
1.196207140814464726e+07
1.196178270582157932e+07
1.196126710371874832e+07
1.195996384355432726e+07
1.195835781437700056e+07
1.195653062674503401e+07
1.195475023698355816e+07
1.195361751716450416e+07
1.195326287908125110e+07
1.195344712578491680e+07
1.195452192933039553e+07
1.195619305425088666e+07
1.195812627294007130e+07
1.195987771079272777e+07
1.196098759428425133e+07
1.196184762087843008e+07
1.196197572213204391e+07
1.196154948443339206e+07
1.196088711293173209e+07
1.196023986318379827e+07
1.195994878323945962e+07
1.196006330754852667e+07
1.196069770016165450e+07
1.196155955320694670e+07
1.196231468505089544e+07
1.196263719992479309e+07
1.196258014496118762e+07
1.196180690894454718e+07
1.196026945571557805e+07
1.195819189836977050e+07
1.195600528012235276e+07
1.195405102301621065e+07
1.195295718980709277e+07
1.195278228007303551e+07
1.195328731694742292e+07
1.195482022117933631e+07
1.195692472024160251e+07
1.195898432705709711e+07
1.196059324966553226e+07
1.196167361635430343e+07
1.196212988771346398e+07
1.196170585867083631e+07
1.196080860710969940e+07
1.195976949555385485e+07
1.195898946955260262e+07
1.195884977667970397e+07
1.195939969135048799e+07
1.196041252179728262e+07
1.196161711842475459e+07
1.196279149491810426e+07
1.196354830642195605e+07
1.196337421068340726e+07
1.196226198256418109e+07
1.196043664387342893e+07
1.195802172564500757e+07
1.195555366231764667e+07
1.195383818311306648e+07
1.195298503235059604e+07
1.195300645436611213e+07
1.195404916429954208e+07
1.195604942770923488e+07
1.195827478346453980e+07
1.196032025848585926e+07
1.196176293486328237e+07
1.196249212844650634e+07
1.196217585260890238e+07
1.196127053371634893e+07
1.195985190940855257e+07
1.195852370154369064e+07
1.195774244797457941e+07
1.195785275739345513e+07
1.195868820720561966e+07
1.196010661051801965e+07
1.196183044964681193e+07
1.196341219123367593e+07
1.196423917439931445e+07
1.196378030501912348e+07
1.196242971557801962e+07
1.196024702872540429e+07
1.195760798711928353e+07
1.195525484448252805e+07
1.195384791370890290e+07
1.195320115300953202e+07
1.195366189175700210e+07
1.195529212640299276e+07
1.195749297742527910e+07
1.195974651370257139e+07
1.196151938036446832e+07
1.196253547168683447e+07
1.196245767882671580e+07
1.196163600878570415e+07
1.196009133891886659e+07
1.195823856876069121e+07
1.195677827200693637e+07
1.195634454120030813e+07
1.195673147757233493e+07
1.195773668004451878e+07
1.195955630667918362e+07
1.196178467895193957e+07
1.196333513783410005e+07
1.196380917651702277e+07
1.196343791122088768e+07
1.196192065461864322e+07
1.195976360418419540e+07
1.195737401475473121e+07
1.195534635736108385e+07
1.195434365637587011e+07
1.195418211775893159e+07
1.195527709749584831e+07
1.195723945188973844e+07
1.195939237286279537e+07
1.196172925117534399e+07
1.196339011634984799e+07
1.196366459589208290e+07
1.196318041638637520e+07
1.196177354190628789e+07
1.195960659248265810e+07
1.195763510201170109e+07
1.195634442804526724e+07
1.195603038333581574e+07
1.195662730186285451e+07
1.195807513314804807e+07
1.196033871410800889e+07
1.196256106006945670e+07
1.196397931174914353e+07
1.196430917687274888e+07
1.196363851685659587e+07
1.196206739208682254e+07
1.195998577998517454e+07
1.195792636551455222e+07
1.195624772816891223e+07
1.195578796369145624e+07
1.195664155736640468e+07
1.195760966778811626e+07
1.195959904105133936e+07
1.196168484522408247e+07
1.196332722253626212e+07
1.196390520608239993e+07
1.196353390083289891e+07
1.196217507637081109e+07
1.196036298096143082e+07
1.195792405413880013e+07
1.195590010215334408e+07
1.195497014483210072e+07
1.195480689280794002e+07
1.195557949937454425e+07
1.195757689237128384e+07
1.195977643410804868e+07
1.196183307476885617e+07
1.196316428166905046e+07
1.196315608125073276e+07
1.196231679402866215e+07
1.196107588771254756e+07
1.195947399238304794e+07
1.195776543255209550e+07
1.195683316793826409e+07
1.195702334867762029e+07
1.195796827527869120e+07
1.195941229822666757e+07
1.196111389382498711e+07
1.196301225306038000e+07
1.196393170369053073e+07
1.196395241342952289e+07
1.196295186933149025e+07
1.196116687761621177e+07
1.195884046244179644e+07
1.195660032496027462e+07
1.195476297834400833e+07
1.195394136268461123e+07
1.195411647698445991e+07
1.195525127035020851e+07
1.195717678814457171e+07
1.195921197654403187e+07
1.196095273827818036e+07
1.196192659416720271e+07
1.196184248697438650e+07
1.196126445189462602e+07
1.196034845393208787e+07
1.195911739770950377e+07
1.195786886331633478e+07
1.195892531462516822e+07
1.195826179003764875e+07
1.195967225801339187e+07
1.196096698574109189e+07
1.196273005304753780e+07
1.196403317705131508e+07
1.196476780314942822e+07
1.196419488729737140e+07
1.196289413201742992e+07
1.196065093742446788e+07
1.195848988727709092e+07
1.195645398407372646e+07
1.195489032377146557e+07
1.195429800058195367e+07
1.195487860417142697e+07
1.195589518712033331e+07
1.195752216879511066e+07
1.195932242308879830e+07
1.196069849354370311e+07
1.196138416103718802e+07
1.196129443293906376e+07
1.196091822643391974e+07
1.196023119250469841e+07
1.195931903260467760e+07
1.195914273827043548e+07
1.195968927407521568e+07
1.196034759837912209e+07
1.196151542435206473e+07
1.196281406148694642e+07
1.196393619480485283e+07
1.196488130158861540e+07
1.196473639744580723e+07
1.196353035891870596e+07
1.196201949981932528e+07
1.196014075965717249e+07
1.195806906440103985e+07
1.195624725086484291e+07
1.195492066950432397e+07
1.195464990574331023e+07
1.195517437680095620e+07
1.195592144700950943e+07
1.195713602714742161e+07
1.195850090666519292e+07
1.195951801865462959e+07
1.196010629188921489e+07
1.196027322692729533e+07
1.195997527692468092e+07
1.195986919855508581e+07
1.195978814606210962e+07
1.196002661088702083e+07
1.196066665451504476e+07
1.196140889213564806e+07
1.196235665665211715e+07
1.196328514334110357e+07
1.196400910404639505e+07
1.196421796066346765e+07
1.196372231139263324e+07
1.196245883502173983e+07
1.196106857856207155e+07
1.195951054023272172e+07
1.195773542682946101e+07
1.195616623460790887e+07
1.195532446131813154e+07
1.195496667030006647e+07
1.195497077049094439e+07
1.195554290648095869e+07
1.195629979068304971e+07
1.195730329706792906e+07
1.195829323369240761e+07
1.195902944374546967e+07
1.195927216706067324e+07
1.195958635824413970e+07
1.195997014102108404e+07
1.196026982544505037e+07
1.196061921831836924e+07
1.196116892160219513e+07
1.196175673813478649e+07
1.196246095249825157e+07
1.196311222837680578e+07
1.196335391955469362e+07
1.196332436976274662e+07
1.196289248460705206e+07
1.196205943407147005e+07
1.196101148217952438e+07
1.195967333204882406e+07
1.195831961408244446e+07
1.195704551615383103e+07
1.195613685777584836e+07
1.195536374365851842e+07
1.195522736566867866e+07
1.195529347403388843e+07
1.195587800932187028e+07
1.195666967899315059e+07
1.195769920251233689e+07
1.195831772158847749e+07
1.195940789985262044e+07
