3.936013931194978207e+07
3.935950301742556691e+07
3.936011225185588747e+07
3.936016193498080969e+07
3.936055583107121289e+07
3.936059128956789523e+07
3.936074192203515023e+07
3.936063326884380728e+07
3.936061742610815912e+07
3.936038010566350073e+07
3.936018613207848370e+07
3.935963188317708671e+07
3.935900480129082501e+07
3.935822541567011923e+07
3.935738197312150896e+07
3.935669102755413949e+07
3.935618363252057135e+07
3.935595045990955085e+07
3.935602070208016783e+07
3.935625110911841691e+07
3.935698765937828273e+07
3.935807737401375920e+07
3.935917765717058629e+07
3.936018643352355808e+07
3.936115940395785868e+07
3.936193483736389875e+07
3.936243770879484713e+07
3.936281010460888594e+07
3.936336003141703457e+07
3.936391163296436518e+07
3.936433497586825490e+07
3.936451039976977557e+07
3.936466789090958983e+07
3.936493323875116557e+07
3.936519164544816315e+07
3.936493247559358925e+07
3.936444172640889138e+07
3.936379873562676460e+07
3.936276531229177117e+07
3.936144040563376993e+07
3.935992542104740441e+07
3.935833379125223309e+07
3.935711642289593816e+07
3.935659535243500769e+07
3.935689948943691701e+07
3.935775156700172275e+07
3.935925542376233637e+07
3.936115699088688195e+07
3.936316057439668477e+07
3.936513908262560517e+07
3.936661871441180259e+07
3.936752202164503932e+07
3.936786558515481651e+07
3.936765713494872302e+07
3.936732349322514236e+07
3.936704588428732753e+07
3.936673488175618649e+07
3.936653054172813147e+07
3.936627703694991767e+07
3.936588740747463703e+07
3.936536291673036665e+07
3.936472943720349669e+07
3.936378316800084710e+07
3.936240880904588103e+07
3.936085502669756114e+07
3.935925166490328312e+07
3.935752850022719055e+07
3.935616569898005575e+07
3.935533249875935912e+07
3.935531061616216600e+07
3.935642314966508746e+07
3.935836898435138166e+07
3.936047716017036885e+07
3.936237136371802539e+07
3.936406811870171130e+07
3.936517000120743364e+07
3.936560875808396190e+07
3.936540144600999355e+07
3.936487519946859777e+07
3.936437325310457498e+07
3.936400350893902034e+07
3.936389769386857748e+07
3.936413179781281948e+07
3.936477033764774352e+07
3.936561296856810153e+07
3.936629716425395757e+07
3.936634838531243056e+07
3.936550484993878752e+07
3.936401159708859771e+07
3.936205677798254043e+07
3.935988569237807393e+07
3.935770871717920899e+07
3.935605994177331030e+07
3.935531248556549102e+07
3.935561558734753728e+07
3.935689983083268255e+07
3.935899885699502379e+07
3.936142258337707072e+07
3.936371166412277520e+07
3.936554487016999722e+07
3.936662368456497043e+07
3.936693488352344930e+07
3.936665457268451154e+07
3.936608374836857617e+07
3.936525049772540480e+07
3.936452916321764886e+07
3.936433542765846848e+07
3.936463696193814278e+07
3.936515205306250602e+07
3.936590147715536505e+07
3.936649527189140022e+07
3.936630294655497372e+07
3.936508707930465043e+07
3.936302640232131630e+07
3.936032975928489864e+07
3.935740498433972895e+07
3.935484882410384715e+07
3.935324429560883343e+07
3.935277404083920270e+07
3.935358348436141014e+07
3.935538879300423712e+07
3.935775698595172912e+07
3.936011003221219778e+07
3.936223559963761270e+07
3.936363241292683780e+07
3.936396777353402227e+07
3.936326306193626672e+07
3.936180541879931837e+07
3.936010515542383492e+07
3.935870465938577801e+07
3.935792187839518487e+07
3.935796310533584654e+07
3.935874321885402501e+07
3.936013646600324661e+07
3.936181383576284349e+07
3.936307740383259952e+07
3.936347891056549549e+07
3.936268181755761057e+07
3.936093013307915628e+07
3.935852072808308154e+07
3.935611526777429134e+07
3.935439280865001678e+07
3.935359269721333683e+07
3.935392266337639838e+07
3.935536137654946744e+07
3.935734510600433499e+07
3.935943991259279847e+07
3.936143294350667298e+07
3.936287696385484189e+07
3.936349666483192146e+07
3.936313424645855278e+07
3.936199769736199826e+07
3.936063594444762170e+07
3.935956125006309152e+07
3.935887642366849631e+07
3.935897987270315737e+07
3.936017538713771850e+07
3.936237004432900995e+07
3.936509068448240310e+07
3.936765201027459651e+07
3.936920995873072743e+07
3.936938230863644183e+07
3.936848437898790091e+07
3.936662830450554192e+07
3.936399584572676569e+07
3.936118719599735737e+07
3.935881393824847043e+07
3.935756996757134050e+07
3.935770992232044786e+07
3.935910821720974147e+07
3.936098186321967840e+07
3.936310537266959250e+07
3.936489204299564660e+07
3.936598601083039492e+07
3.936592763880707324e+07
3.936537809449599683e+07
3.936396920256354660e+07
3.936175212674333900e+07
3.935960191851595044e+07
3.935848135941678286e+07
3.935830779147256166e+07
3.935939472117163986e+07
3.936126687633623183e+07
3.936337139489131421e+07
3.936510242054363340e+07
3.936618867816433311e+07
3.936609062229301035e+07
3.936480076606340706e+07
3.936284663904655725e+07
3.936114363662932813e+07
3.935957404543775320e+07
3.935885520993567258e+07
3.935971530802778155e+07
3.936002250605803728e+07
3.936139178314533085e+07
3.936322894622547925e+07
3.936496791985585541e+07
3.936595133403923362e+07
3.936587960341278464e+07
3.936483233433574438e+07
3.936304358480494469e+07
3.936104288733877242e+07
3.935905981472400576e+07
3.935728404222811013e+07
3.935643771871721745e+07
3.935659810694590956e+07
3.935772828057676554e+07
3.935954970435840636e+07
3.936151115455929935e+07
3.936311984752813727e+07
3.936395563242536038e+07
3.936384138842216134e+07
3.936293180879175663e+07
3.936164628568772972e+07
3.936019946375572681e+07
3.935930806935480982e+07
3.935899958373660594e+07
3.935938288781921566e+07
3.936043538850087672e+07
3.936194886411527544e+07
3.936386211027097702e+07
3.936532955547593534e+07
3.936576045721219480e+07
3.936537013141654432e+07
3.936428119279197603e+07
3.936256775805753469e+07
3.936057459055373818e+07
3.935866253980004787e+07
3.935697465528776497e+07
3.935608838883568347e+07
3.935666981726451963e+07
3.935835475330135971e+07
3.936033067615491152e+07
3.936231267340707034e+07
3.936400410857511312e+07
3.936506528914684057e+07
3.936513729929769784e+07
3.936491481477303058e+07
3.936392231312296540e+07
3.936316336363329738e+07
3.936227446943055838e+07
3.936159135182225704e+07
3.936202981185911596e+07
3.936323837892452627e+07
3.936484790121179074e+07
3.936609626760559529e+07
3.936675330489660054e+07
3.936661444717914611e+07
3.936577108020262420e+07
3.936435996864313632e+07
3.936270868840096891e+07
3.936091076343263686e+07
3.935934078004354984e+07
3.935835069167552143e+07
3.935820630734933168e+07
3.935889165887118131e+07
3.936010689599966258e+07
3.936171247155896574e+07
3.936337171006666124e+07
3.936422442651975155e+07
3.936451494004316628e+07
3.936456871014778316e+07
3.936416816782792658e+07
3.936357123726545274e+07
3.936299736677436531e+07
3.936277999118602276e+07
3.936300790228527039e+07
3.936368680735622346e+07
3.936454241973324120e+07
3.936548774275342375e+07
3.936615372932665050e+07
3.936640117877767980e+07
3.936634083746469766e+07
3.936555833620481193e+07
3.936408852784007788e+07
3.936227313026012480e+07
3.936025235029172897e+07
3.935865288499452174e+07
3.935799206659930944e+07
3.935825900412070751e+07
3.935936859839488566e+07
3.936060685561578721e+07
3.936216854122425616e+07
3.936376385003291816e+07
3.936506086528066546e+07
3.936573061725650728e+07
3.936570277270060033e+07
3.936526929457008094e+07
3.936500048757126182e+07
3.936505236765570939e+07
3.936533370368262380e+07
3.936611283510755748e+07
3.936685332387395948e+07
3.936738734394546598e+07
3.936778121649102867e+07
3.936777935133736581e+07
3.936714301081817597e+07
3.936603897188920528e+07
3.936466408124731481e+07
3.936332365907291323e+07
3.936173104581699520e+07
3.936003064258003980e+07
3.935852220808298141e+07
3.935749002171852440e+07
3.935705551608679444e+07
3.935732510230606049e+07
3.935828928867666423e+07
3.935975353266233951e+07
3.936131214636329561e+07
3.936266730356255919e+07
3.936366076799456775e+07
3.936428061965824664e+07
3.936488834828779846e+07
3.936548251500320435e+07
3.936569781016559899e+07
3.936559166573160887e+07
3.936553817136413604e+07
3.936592382982531935e+07
3.936650173038520664e+07
3.936692393542545289e+07
3.936697966605304927e+07
3.936651490990842879e+07
3.936564243808866292e+07
3.936478355443491787e+07
3.936375444629205018e+07
3.936254808558591455e+07
3.936113488059074432e+07
3.935979293386796862e+07
3.935878198370444775e+07
3.935841777464240789e+07
3.935844175462787598e+07
3.935879396021933854e+07
3.935915349955357611e+07
3.935999654224103689e+07
3.936070810920668393e+07
3.936176126859223098e+07
