8.345082747528030537e+06
8.346080983046264388e+06
8.346383315102393739e+06
8.346776380660892464e+06
8.346915338783436455e+06
8.347386478286367841e+06
8.347694217801382765e+06
8.347813660194582306e+06
8.347770088109430857e+06
8.347578246890163049e+06
8.347080471182273701e+06
8.346297045997758396e+06
8.345025944761063904e+06
8.343891346062084660e+06
8.342722283234575763e+06
8.341412904558626004e+06
8.340400396645423956e+06
8.339669249948447570e+06
8.339279015817368403e+06
8.339445082535721362e+06
8.340257478143292479e+06
8.341287482825244777e+06
8.342556856491290033e+06
8.343944438117033802e+06
8.345291128293249756e+06
8.346277749866723083e+06
8.346809823943234980e+06
8.347202692515481263e+06
8.347299733632697724e+06
8.347166225422073156e+06
8.347168184577014297e+06
8.347264534382417798e+06
8.347307702548131347e+06
8.347466706002894789e+06
8.347618802957892418e+06
8.347322707001294009e+06
8.346631413295347244e+06
8.345779311296982691e+06
8.344631937981993891e+06
8.343063052015575580e+06
8.341401526650654152e+06
8.339979142716759816e+06
8.338904302850181237e+06
8.338351050367747433e+06
8.338729475264721550e+06
8.339581565642722882e+06
8.340924321465034038e+06
8.342798328928238712e+06
8.344587118234846741e+06
8.345969533632718027e+06
8.347075239923177287e+06
8.347486171790260822e+06
8.347382424509190023e+06
8.347159017465984449e+06
8.346662190640854649e+06
8.346264603614668362e+06
8.346293337728751823e+06
8.346472599354917184e+06
8.346964379182409495e+06
8.347512383535558358e+06
8.347469251019283198e+06
8.347123642514959909e+06
8.346489757142014802e+06
8.345000898441422731e+06
8.343090655380302109e+06
8.340979508006982505e+06
8.338959399888009764e+06
8.337678840758979321e+06
8.337321962533196434e+06
8.337680898873145692e+06
8.338966822336811572e+06
8.340894820126271807e+06
8.343161258170878515e+06
8.345223886558897793e+06
8.346586900953820907e+06
8.347483358528994955e+06
8.347611840951409191e+06
8.347109316521849483e+06
8.346362382521491498e+06
8.345569516369245015e+06
8.345184358739227057e+06
8.345235347312732600e+06
8.345853387792014517e+06
8.346707219472243451e+06
8.347524926952433772e+06
8.347871923962294124e+06
8.347718426376478747e+06
8.346741253743083216e+06
8.344876401698374189e+06
8.342492111990550533e+06
8.340023625900966115e+06
8.337816647470201366e+06
8.336598249958274886e+06
8.336484861922284588e+06
8.337219741573804989e+06
8.339002918931750581e+06
8.341437896750729531e+06
8.343901792079391889e+06
8.345843691962937824e+06
8.347109074055884965e+06
8.347605374391105957e+06
8.347145046542488039e+06
8.346123708438068628e+06
8.344853503100069240e+06
8.343918378727929667e+06
8.343607930227241479e+06
8.344185063414323144e+06
8.345317052708231844e+06
8.346621492344822735e+06
8.347915753769793548e+06
8.348712924112334847e+06
8.348464890943611041e+06
8.347123735789481550e+06
8.344980744154988788e+06
8.342242827406518161e+06
8.339434109877702780e+06
8.337504521854399703e+06
8.336594824611833319e+06
8.336688954247308895e+06
8.338010884441687725e+06
8.340318962990054861e+06
8.342936732617281377e+06
8.345341532553731464e+06
8.347126295965541154e+06
8.347925843392346986e+06
8.347536170046742074e+06
8.346425208183139563e+06
8.344830090033227578e+06
8.343301920774006285e+06
8.342367703887182288e+06
8.342496110889385454e+06
8.343456553751098923e+06
8.345053430351134390e+06
8.346964633669354022e+06
8.348713550114230253e+06
8.349578115844332613e+06
8.349084967616408132e+06
8.347482020437385887e+06
8.344998054862396792e+06
8.341942695437183604e+06
8.339350955302793533e+06
8.337710051089926623e+06
8.337012810175235383e+06
8.337630160697622225e+06
8.339634757720706053e+06
8.342265817565068603e+06
8.344858123493249528e+06
8.346990877053008415e+06
8.348201695339111611e+06
8.348142890217442065e+06
8.347142833484373987e+06
8.345382445116279647e+06
8.343297140468841419e+06
8.341660520324318670e+06
8.341148475926444866e+06
8.341621276921942830e+06
8.342844256416329183e+06
8.344978923460268416e+06
8.347480580876033753e+06
8.349274982373528183e+06
8.349824560058107600e+06
8.349193506265413947e+06
8.347311398083176464e+06
8.344654463154974394e+06
8.341870599489348941e+06
8.339578028986993246e+06
8.338350901762500405e+06
8.338174107255489565e+06
8.339498059227798134e+06
8.341761228120542131e+06
8.344146654619926587e+06
8.346662040491086431e+06
8.348423146730121225e+06
8.348726430779520422e+06
8.347964154303860851e+06
8.346329019037387334e+06
8.343883392067682929e+06
8.341632695396406576e+06
8.340235774995236658e+06
8.339833557624693960e+06
8.340581793146691285e+06
8.342372819163004868e+06
8.345027678695041686e+06
8.347532702601329423e+06
8.349147992097345181e+06
8.349577026397314854e+06
8.348795620788471773e+06
8.346933899874224328e+06
8.344538184856868349e+06
8.342225678647140972e+06
8.340366452049176209e+06
8.339809794412718154e+06
8.340947966082886793e+06
8.342013795665816404e+06
8.344388945656572469e+06
8.346765554686108604e+06
8.348667530434279703e+06
8.349373348534722812e+06
8.348939177295481786e+06
8.347364167617656291e+06
8.345185366420497186e+06
8.342468841617097147e+06
8.340244971549542621e+06
8.339118595050273463e+06
8.338957055702673271e+06
8.339974677269132808e+06
8.342342326805564575e+06
8.344923595196709968e+06
8.347282808698585257e+06
8.348775167812198400e+06
8.348844211710734293e+06
8.347759972242531367e+06
8.346206934205137193e+06
8.344322703824056312e+06
8.342460381744546816e+06
8.341388782736876979e+06
8.341579099269309081e+06
8.342670077870232053e+06
8.344419512143062428e+06
8.346481598588313907e+06
8.348551645591423847e+06
8.349625802263249643e+06
8.349597230708194897e+06
8.348433310343649238e+06
8.346344263178742491e+06
8.343640597241820768e+06
8.341119587948038243e+06
8.339059454143049195e+06
8.338073417650417425e+06
8.338320518408687785e+06
8.339784793487665243e+06
8.342045458879692480e+06
8.344458827482920140e+06
8.346453005470886827e+06
8.347686328948801383e+06
8.347660259010319598e+06
8.346990027964385226e+06
8.345763074678800069e+06
8.344368487977819517e+06
8.343034460956318304e+06
8.344172290081162937e+06
8.343540267074219882e+06
8.345147039566976950e+06
8.346732444796797819e+06
8.348686822630902752e+06
8.350017721132872626e+06
8.350578847789585590e+06
8.349710932813906111e+06
8.348048041772728786e+06
8.345471417993828654e+06
8.342915053245231509e+06
8.340606807366745546e+06
8.338842538010293618e+06
8.338162162902048789e+06
8.338847468939892016e+06
8.340206576007248834e+06
8.342122330945232883e+06
8.344221205263311975e+06
8.345848955635168590e+06
8.346672471105820499e+06
8.346627183513327502e+06
8.346170899715596810e+06
8.345371888078639284e+06
8.344415800955190323e+06
8.344272558705468662e+06
8.344833185024603270e+06
8.345667531972260214e+06
8.347020141120423563e+06
8.348544645223428495e+06
8.349787703769220039e+06
8.350678340427177027e+06
8.350460474108295515e+06
8.349113301477431320e+06
8.347275382857493125e+06
8.345041295537410304e+06
8.342647623445482925e+06
8.340577680033599958e+06
8.339109911368842237e+06
8.338778515047000721e+06
8.339430756881028414e+06
8.340510736664009281e+06
8.341969766676594503e+06
8.343571186706041917e+06
8.344801819024314173e+06
8.345581796206849627e+06
8.345820525283440948e+06
8.345568299125870690e+06
8.345402609983722679e+06
8.345356346676652320e+06
8.345605229595423676e+06
8.346233715359556489e+06
8.347108090202425607e+06
8.348251951662108302e+06
8.349346330526106060e+06
8.350137142252692953e+06
8.350316875257485546e+06
8.349705033314728178e+06
8.348223045352260582e+06
8.346493508529108949e+06
8.344654047602846287e+06
8.342584832855668850e+06
8.340797286350356415e+06
8.339801925196528435e+06
8.339430501222162507e+06
8.339549597087556496e+06
8.340284000932790339e+06
8.341275135697291233e+06
8.342436997327446006e+06
8.343602324601308443e+06
8.344457769402625039e+06
8.344759528000811115e+06
8.345108610940018669e+06
8.345511288951268420e+06
8.345869434126378037e+06
8.346242140096945688e+06
8.346860088624154218e+06
8.347543065241585486e+06
8.348331286089242436e+06
8.349026134010537528e+06
8.349249778114102781e+06
8.349109044984085485e+06
8.348494264022385702e+06
8.347437801524703391e+06
8.346148033986948431e+06
8.344536846081765369e+06
8.342937246807173826e+06
8.341466520948442630e+06
8.340394423330575228e+06
8.339598556947897188e+06
8.339495330200010911e+06
8.339649444729213603e+06
8.340381386765676551e+06
8.341388970608973876e+06
8.342655420611065812e+06
8.343417597145608626e+06
8.344628442571340129e+06
