1.672777140647772886e+07
1.673014936700501479e+07
1.672982204039780423e+07
1.673045530997154489e+07
1.673015593985098787e+07
1.673039392646570317e+07
1.673003605407254398e+07
1.673004472581249848e+07
1.672983846402706020e+07
1.673000137939281203e+07
1.672992794130329601e+07
1.672940851374137588e+07
1.672821883224140666e+07
1.672700769844856858e+07
1.672544900616573170e+07
1.672424395750889555e+07
1.672298525897846371e+07
1.672190321200139821e+07
1.672076198079621047e+07
1.672034275081662089e+07
1.672066376931624673e+07
1.672204647703908011e+07
1.672361094789095037e+07
1.672521225970237143e+07
1.672664287217578851e+07
1.672760487842237949e+07
1.672843026297475211e+07
1.672899959481216781e+07
1.672927141852795519e+07
1.672918704137724824e+07
1.672889291634578072e+07
1.672850967976582423e+07
1.672843087016335689e+07
1.672864786275719292e+07
1.672908465338520892e+07
1.672932855641559511e+07
1.672940374253449216e+07
1.672914954605202004e+07
1.672841306760472618e+07
1.672740554262013920e+07
1.672577403266495280e+07
1.672397657289924473e+07
1.672255829227043688e+07
1.672143576910919510e+07
1.672097044433039613e+07
1.672119803087887168e+07
1.672223622273873165e+07
1.672402893097393028e+07
1.672598630411003530e+07
1.672738765726181492e+07
1.672858974594372511e+07
1.672944307454355806e+07
1.672992181459547952e+07
1.672955528999616764e+07
1.672882050937183015e+07
1.672798457236509211e+07
1.672746315333114006e+07
1.672741419081055932e+07
1.672810280466530658e+07
1.672892687311806716e+07
1.672980237018068507e+07
1.672970272762148455e+07
1.672846186534348316e+07
1.672672239061800390e+07
1.672483273519575037e+07
1.672310381536695547e+07
1.672105020086500607e+07
1.671877682869771682e+07
1.671769109020497836e+07
1.671777484369341843e+07
1.671900967017476074e+07
1.672102784228911623e+07
1.672391565724622458e+07
1.672655812013216689e+07
1.672831126272630319e+07
1.672883472846840322e+07
1.672909792597145587e+07
1.672914727748618834e+07
1.672861971223308891e+07
1.672733312768191844e+07
1.672605365189242736e+07
1.672552416201656312e+07
1.672579905863516033e+07
1.672686954443061911e+07
1.672819124276662804e+07
1.672955219544392824e+07
1.672997317017964646e+07
1.672908904931407049e+07
1.672753002883401141e+07
1.672518134208557568e+07
1.672288801710308343e+07
1.672036065688960627e+07
1.671819071684077941e+07
1.671725109039198607e+07
1.671739647586370818e+07
1.671861507082790323e+07
1.672108868787036277e+07
1.672415484334453568e+07
1.672611815827467665e+07
1.672727054231464490e+07
1.672772995266897045e+07
1.672721079600471817e+07
1.672642905079803988e+07
1.672520145074775256e+07
1.672348445635259151e+07
1.672230710299354605e+07
1.672217108382985555e+07
1.672296176988144219e+07
1.672457367380133830e+07
1.672600667565027997e+07
1.672664608586744778e+07
1.672672337878818065e+07
1.672599963453123532e+07
1.672447484737145528e+07
1.672261610738525540e+07
1.671949391114203259e+07
1.671660034815737605e+07
1.671459684134653583e+07
1.671361254427911527e+07
1.671436307132854685e+07
1.671681371866230667e+07
1.672024479353257641e+07
1.672351444875754230e+07
1.672528901310235821e+07
1.672640936223737523e+07
1.672634463350441121e+07
1.672540065906667709e+07
1.672415818399878405e+07
1.672226774615906738e+07
1.672021327847111039e+07
1.671926417714706808e+07
1.671983325365334377e+07
1.672144838075771928e+07
1.672388649881375208e+07
1.672638506740315631e+07
1.672742840821994841e+07
1.672755550816746801e+07
1.672605230771914311e+07
1.672375933877544664e+07
1.672103292734738439e+07
1.671806894013889134e+07
1.671502232076684386e+07
1.671327847188249230e+07
1.671262116067957878e+07
1.671355299267716333e+07
1.671577797893820889e+07
1.671924262575774640e+07
1.672298852858809195e+07
1.672608766061939485e+07
1.672694378484681435e+07
1.672590524469883554e+07
1.672350045320703648e+07
1.672097416414911486e+07
1.671853377200014889e+07
1.671725845380705968e+07
1.671664372175236605e+07
1.671721790789747238e+07
1.671905279179128073e+07
1.672198637025364488e+07
1.672490468419802748e+07
1.672686040980068408e+07
1.672705690867665969e+07
1.672588021109927073e+07
1.672376709224536084e+07
1.672107855714866333e+07
1.671781181896979176e+07
1.671534597377127409e+07
1.671389840142706409e+07
1.671423718474067189e+07
1.671595548890963942e+07
1.671869376522810385e+07
1.672146668010405824e+07
1.672392567474837229e+07
1.672510554223607108e+07
1.672499198311964795e+07
1.672372073387455940e+07
1.672172910681048222e+07
1.671903976651689038e+07
1.671653711708251014e+07
1.671494045521078072e+07
1.671486630547812767e+07
1.671603911928992718e+07
1.671847095708147250e+07
1.672148774402214214e+07
1.672419059143986367e+07
1.672535998902366310e+07
1.672509666537633166e+07
1.672360879454733804e+07
1.672160741802982055e+07
1.671907960781843215e+07
1.671658155353170261e+07
1.671471182199935056e+07
1.671555211655711941e+07
1.671590298649955541e+07
1.671844266148615070e+07
1.672139529727805592e+07
1.672415172002412006e+07
1.672603922049758397e+07
1.672674027566485666e+07
1.672590773852490075e+07
1.672403399690134265e+07
1.672147549703647196e+07
1.671931110171748511e+07
1.671698854288513213e+07
1.671569384429117292e+07
1.671579495513296686e+07
1.671751376985290274e+07
1.672009024699629284e+07
1.672304437280567549e+07
1.672513622458130866e+07
1.672622484594927169e+07
1.672560924624701589e+07
1.672423492124895193e+07
1.672216947503072768e+07
1.671997473027506284e+07
1.671813385016446374e+07
1.671714128360978328e+07
1.671720797225943580e+07
1.671875168994274363e+07
1.672103446165293083e+07
1.672399670082599856e+07
1.672654285636145063e+07
1.672805892359576002e+07
1.672766495128860883e+07
1.672649138058306277e+07
1.672383448234507255e+07
1.672118669363869540e+07
1.671856891270133480e+07
1.671655797930989601e+07
1.671568789927550405e+07
1.671671273118633591e+07
1.671831860879982077e+07
1.672083835093080252e+07
1.672300434713943116e+07
1.672476465641925484e+07
1.672519227424107119e+07
1.672515500111845136e+07
1.672389641767220758e+07
1.672328624351138808e+07
1.672100916118401289e+07
1.672210044564767182e+07
1.672019188705001771e+07
1.672141277100566216e+07
1.672278955336991325e+07
1.672505966672712564e+07
1.672687518174944818e+07
1.672798869428764097e+07
1.672746623594099842e+07
1.672623868911823630e+07
1.672439411591332033e+07
1.672208280773599260e+07
1.671964717482252978e+07
1.671727891162622906e+07
1.671551639964091219e+07
1.671555654143569805e+07
1.671665865931738913e+07
1.671868669670814835e+07
1.672101303855055012e+07
1.672281397095188126e+07
1.672352176945775747e+07
1.672356551266862080e+07
1.672293386817849614e+07
1.672235555164037272e+07
1.672198398902470432e+07
1.672186769230807014e+07
1.672152235656228289e+07
1.672162098245698586e+07
1.672260049639593065e+07
1.672423764363267459e+07
1.672603285541118868e+07
1.672748743056311086e+07
1.672788907950271480e+07
1.672715238780556992e+07
1.672545145742937550e+07
1.672319891351553984e+07
1.672080255023592338e+07
1.671846121402634308e+07
1.671657393483762816e+07
1.671594949713510275e+07
1.671624340093642846e+07
1.671725246936131828e+07
1.671867585668628477e+07
1.672016658477939479e+07
1.672151205584754422e+07
1.672257702995838039e+07
1.672332715169572271e+07
1.672369522387558222e+07
1.672400213788067177e+07
1.672427195611450449e+07
1.672452816142094508e+07
1.672458655121585913e+07
1.672509486612667702e+07
1.672613212631043792e+07
1.672735741776103340e+07
1.672838560114614852e+07
1.672908561781400628e+07
1.672850212497144565e+07
1.672732150476580672e+07
1.672574912410586886e+07
1.672369194981737435e+07
1.672163334639312327e+07
1.672015592062157765e+07
1.671880119720078632e+07
1.671795835148543119e+07
1.671774421676218882e+07
1.671817741964540072e+07
1.671920826013593934e+07
1.672050357794362865e+07
1.672175652986917831e+07
1.672215720343083329e+07
1.672226799008972012e+07
1.672235786432683095e+07
1.672273295584537648e+07
1.672328346808447316e+07
1.672377481889514253e+07
1.672419403261335380e+07
1.672475112438070402e+07
1.672560404482831992e+07
1.672650571740677953e+07
1.672729109439371713e+07
1.672761674980744347e+07
1.672706181527623534e+07
1.672609097103416547e+07
1.672484154129470326e+07
1.672337642482359707e+07
1.672197033414344117e+07
1.672071084715122916e+07
1.671955232530307956e+07
1.671837564116792008e+07
1.671792959467258118e+07
1.671763433406938799e+07
1.671829514949679933e+07
1.671886836946785450e+07
1.672013926828508079e+07
1.672120955362297222e+07
1.672315380443000607e+07
