1.446119787116535241e+06
1.449517456838946324e+06
1.449005782619553152e+06
1.449791530683036661e+06
1.449647283646022202e+06
1.450249223956432426e+06
1.450340079924512422e+06
1.450730667819871102e+06
1.450509338734622113e+06
1.450563390024820808e+06
1.450120528502217028e+06
1.449456633244949626e+06
1.448218862400947837e+06
1.447245498993679183e+06
1.445784366050171200e+06
1.444424396035287529e+06
1.443176035330605228e+06
1.442196300372409401e+06
1.441419578457419528e+06
1.441417020207235822e+06
1.441895710611967836e+06
1.442925132351267152e+06
1.444053866176303942e+06
1.445542803360486403e+06
1.446962451107661007e+06
1.448097033346815035e+06
1.448763413443823112e+06
1.449182209963780362e+06
1.449322729968393687e+06
1.449162415666005574e+06
1.448996839503878728e+06
1.449096113134494284e+06
1.449058681190790376e+06
1.449130215761309955e+06
1.449404032016946701e+06
1.449321284792452352e+06
1.448680922074761940e+06
1.448068293762601679e+06
1.447003617089440348e+06
1.445361788393534720e+06
1.443611825097972294e+06
1.441894013652201509e+06
1.440435676726407604e+06
1.439651048559671268e+06
1.439594803713998292e+06
1.440232740544831613e+06
1.441532512046718737e+06
1.443334807552202605e+06
1.445174785767606692e+06
1.446865709567168495e+06
1.448114895022681449e+06
1.448637525586715899e+06
1.448732295882820850e+06
1.448453984742845176e+06
1.447842444924587617e+06
1.447376982595054200e+06
1.447152713031819556e+06
1.447242765166225145e+06
1.447814071551430039e+06
1.448373557212461019e+06
1.448509640981739154e+06
1.448468829473029124e+06
1.447887191684963182e+06
1.446560700850288384e+06
1.444681960030165501e+06
1.442448563195008319e+06
1.440165793502708897e+06
1.438413356413866393e+06
1.437599341993524693e+06
1.437589506420012796e+06
1.438533969383510295e+06
1.440387916099498514e+06
1.442650418569968082e+06
1.444844620804542908e+06
1.446634684093265561e+06
1.447545438677197089e+06
1.447868765995927621e+06
1.447590840798625490e+06
1.446593680356191937e+06
1.445747758525583893e+06
1.445185956193073420e+06
1.444888436115349177e+06
1.445431958318974823e+06
1.446434278408639133e+06
1.447231181693265913e+06
1.447953417493119836e+06
1.448135030652656686e+06
1.447292274109085556e+06
1.445709213426019531e+06
1.443293925785388332e+06
1.440534336395809893e+06
1.438060613418743946e+06
1.436308066230210476e+06
1.435559491930891527e+06
1.436109248127992731e+06
1.437615053112644237e+06
1.439881691909989808e+06
1.442625612737710355e+06
1.444756914871652378e+06
1.446254222357693128e+06
1.447201692566032056e+06
1.446790961732194060e+06
1.445731977083644364e+06
1.444579489448403008e+06
1.443246747238137294e+06
1.442548384200051893e+06
1.443062893049560487e+06
1.444030966894022655e+06
1.445386024348401465e+06
1.446950314763003960e+06
1.448076460358635057e+06
1.448187626403728500e+06
1.447286326456621056e+06
1.445142363678960828e+06
1.442354400217147311e+06
1.439394172869139584e+06
1.436822321919374401e+06
1.435354406807876425e+06
1.435029830107507529e+06
1.435839653819046216e+06
1.438074318447807804e+06
1.440752635537025519e+06
1.443220886007230030e+06
1.445426397679244634e+06
1.446632433637903072e+06
1.446427370926808333e+06
1.445487903842429165e+06
1.443878288745390717e+06
1.442033102138742805e+06
1.440725337805471150e+06
1.440430489405580796e+06
1.441108668049468426e+06
1.442765123038800666e+06
1.444575629326180788e+06
1.446644425315592671e+06
1.447988728891307255e+06
1.447866009138912894e+06
1.446529383577653905e+06
1.444257950915361056e+06
1.441063092304501217e+06
1.438100613364025950e+06
1.435821117434593150e+06
1.434634202248734422e+06
1.434802027259957511e+06
1.436460447701512603e+06
1.438955044718181947e+06
1.441698688900804613e+06
1.444081449426500825e+06
1.445785115771464305e+06
1.446167687929543899e+06
1.445305500506720738e+06
1.443574560155127198e+06
1.441481387807213934e+06
1.439337213022342883e+06
1.438292706291261129e+06
1.438420786049915012e+06
1.439361086652314290e+06
1.441327492854767479e+06
1.444074155229410622e+06
1.446036575566761894e+06
1.447087493893231265e+06
1.446933159298175946e+06
1.445256911220023409e+06
1.442674655867041554e+06
1.439802590353360865e+06
1.436935009161052294e+06
1.435216345889465651e+06
1.434526420272431104e+06
1.435312152588779107e+06
1.437382027702763444e+06
1.439796203668651637e+06
1.442289872138976352e+06
1.444582495458706748e+06
1.445353712388474261e+06
1.444864407240240369e+06
1.443396351703928318e+06
1.441054252913231961e+06
1.438350661435366608e+06
1.436598512024926022e+06
1.435649107196856756e+06
1.435947408137086313e+06
1.437512669831661042e+06
1.440145187792418292e+06
1.442694366251633503e+06
1.444827699855408398e+06
1.445687553570410470e+06
1.445349589223483810e+06
1.443733096470298246e+06
1.441371268891753163e+06
1.438668658740385901e+06
1.436771790125281550e+06
1.435307613833417883e+06
1.435731538879585918e+06
1.437055567338573048e+06
1.439124082240702817e+06
1.441567340601854026e+06
1.443974757790477481e+06
1.445056261336219497e+06
1.445077587134075584e+06
1.444012210374747636e+06
1.441663788219552254e+06
1.438995314182108501e+06
1.436559138833525125e+06
1.434700814705113648e+06
1.434177883032962447e+06
1.434856141880518291e+06
1.436873592174143298e+06
1.439579156853973633e+06
1.442046616655155551e+06
1.443758934649515897e+06
1.444576053084239829e+06
1.443688113651525928e+06
1.442255343516885070e+06
1.440401697263517650e+06
1.438320351113751996e+06
1.436887308566822670e+06
1.436672432627713075e+06
1.437193058083334472e+06
1.438995003559946315e+06
1.441048501212807605e+06
1.443159853128725197e+06
1.444643118356465129e+06
1.445145561169490218e+06
1.444197791655650362e+06
1.442566067170455121e+06
1.439740124326739460e+06
1.436935447238405701e+06
1.434630397315898677e+06
1.433206004044360248e+06
1.432569624477719888e+06
1.434036948475399520e+06
1.435943672773047816e+06
1.438339807828313671e+06
1.440429322598042432e+06
1.442178366912926082e+06
1.442221401424576296e+06
1.442221586464484222e+06
1.440585799436992034e+06
1.439645980270944303e+06
1.437507518966726027e+06
1.437790606302769622e+06
1.437797646885501686e+06
1.439099542106337147e+06
1.440493379552943865e+06
1.442536971493352437e+06
1.444213276018318255e+06
1.444703532635966316e+06
1.444586825053910259e+06
1.443236663003241643e+06
1.440479789826713270e+06
1.438034217936390312e+06
1.435638212212810991e+06
1.433301397003544495e+06
1.432287735248211306e+06
1.432357641657492844e+06
1.433426542163658189e+06
1.435307745406467700e+06
1.437189338111113524e+06
1.439018942372337682e+06
1.440237786639032653e+06
1.440371801344054285e+06
1.440066668342795689e+06
1.439373508047205862e+06
1.438329416991829872e+06
1.438087912806032924e+06
1.438413028998882743e+06
1.438904080520478310e+06
1.440179659654731629e+06
1.441822026196703315e+06
1.443092676377219846e+06
1.444124983751586173e+06
1.444283953653946286e+06
1.443285201539352071e+06
1.441595932705766056e+06
1.439429502865879564e+06
1.436937781653540675e+06
1.434693638692258624e+06
1.432958158725468908e+06
1.432116446372689446e+06
1.432400427734406199e+06
1.433350906477867160e+06
1.434584844012487913e+06
1.436121792547867401e+06
1.437499225447600475e+06
1.438445393710018368e+06
1.438931380668982165e+06
1.438840511523637688e+06
1.438630814705822850e+06
1.438610307211891981e+06
1.438861642210851656e+06
1.439200329051805427e+06
1.439987266190393129e+06
1.441164272016906412e+06
1.442167798117237166e+06
1.442980465403590119e+06
1.443397728697987506e+06
1.442936060286771739e+06
1.441867176810371922e+06
1.440250712914131582e+06
1.438456992887334432e+06
1.436536469335886417e+06
1.434543709121843800e+06
1.433290478667736519e+06
1.432630414181374712e+06
1.432404275865925243e+06
1.432970699607831892e+06
1.433860327131317696e+06
1.434806353256040020e+06
1.436139731175802648e+06
1.437163192814928945e+06
1.437622177730191965e+06
1.438204051580048632e+06
1.438645479417292867e+06
1.439048234918217873e+06
1.439550279075507307e+06
1.440017821190489223e+06
1.440617608895867830e+06
1.441442694784040796e+06
1.442052798965112073e+06
1.442443878265629755e+06
1.442460278954643523e+06
1.442000455494363327e+06
1.441214197012166260e+06
1.440106254079280887e+06
1.438576401784733403e+06
1.437034465577290626e+06
1.435528567533465568e+06
1.434197446486467728e+06
1.433202427729822230e+06
1.432770720998185454e+06
1.432681232782121515e+06
1.433241525550278602e+06
1.434053811750180321e+06
1.435200570396091556e+06
1.436305420382465469e+06
1.437413811832226347e+06
