2.256398207785599399e+06
2.259252237445318606e+06
2.258922275106493384e+06
2.259630871025006752e+06
2.259527433567136526e+06
2.260006428953060415e+06
2.260092182484775782e+06
2.260383182204024866e+06
2.260261777774017770e+06
2.260248923924908508e+06
2.259869294110156596e+06
2.259282521529672202e+06
2.258219401555098128e+06
2.257283665850148536e+06
2.255926810422162525e+06
2.254737168994801119e+06
2.253427758448812645e+06
2.252450649144792464e+06
2.251649399256188422e+06
2.251528480592596345e+06
2.251861262527259532e+06
2.252754953740982804e+06
2.253850380848072004e+06
2.255283599849803373e+06
2.256620149479768705e+06
2.257810331930748187e+06
2.258486406777766068e+06
2.258927666825755965e+06
2.259052950213176198e+06
2.258910552616349421e+06
2.258761141066703945e+06
2.258713812801701017e+06
2.258684744873119052e+06
2.258759996853833087e+06
2.258971543384389021e+06
2.258943707054977771e+06
2.258498701903775800e+06
2.257919612026692368e+06
2.256915206914916635e+06
2.255464609044008888e+06
2.253780425015637651e+06
2.252098635009555146e+06
2.250652923120851163e+06
2.249750732293371111e+06
2.249514375386704225e+06
2.249998147377785761e+06
2.251164959068484604e+06
2.252848883159788791e+06
2.254619110099902842e+06
2.256343541128680576e+06
2.257552657643065322e+06
2.258167346070020460e+06
2.258292993200743571e+06
2.257980338125823997e+06
2.257433507958199829e+06
2.256888492234788369e+06
2.256572887584176380e+06
2.256644681907684542e+06
2.257105814274419099e+06
2.257565553561594337e+06
2.257848639118503779e+06
2.257833569583252072e+06
2.257369718727804720e+06
2.256222694747742265e+06
2.254469235071253031e+06
2.252342006693478208e+06
2.250107881022564601e+06
2.248325737451663241e+06
2.247324032916193362e+06
2.247159518681725487e+06
2.247995256849907804e+06
2.249629356446561404e+06
2.251824232040841132e+06
2.253984595035177656e+06
2.255815767216985114e+06
2.256827047531612683e+06
2.257244000082230195e+06
2.256950503351720981e+06
2.256136247677322477e+06
2.255249927028418053e+06
2.254574604088596068e+06
2.254315786328792572e+06
2.254700501574454829e+06
2.255613337058696896e+06
2.256520154522771947e+06
2.257239702185683884e+06
2.257594738475077320e+06
2.257010153517641127e+06
2.255636061836877372e+06
2.253397807010272983e+06
2.250813749020732474e+06
2.248343726309904829e+06
2.246490026622344740e+06
2.245622432735544164e+06
2.245941955683587119e+06
2.247260670271682087e+06
2.249444136284028180e+06
2.251981618373991922e+06
2.254258489573754836e+06
2.255965985546965618e+06
2.256880062505161390e+06
2.256779264136379585e+06
2.255847638018106576e+06
2.254657677420284133e+06
2.253431958398030140e+06
2.252678251776110381e+06
2.252935792033977341e+06
2.253809315781151876e+06
2.255122463019918185e+06
2.256681204193104990e+06
2.257884438231588341e+06
2.258241911647296045e+06
2.257535186565595213e+06
2.255668591690763831e+06
2.253116430078658741e+06
2.250185727328176610e+06
2.247675687782394234e+06
2.246059923859408591e+06
2.245528776060406584e+06
2.246268276613016147e+06
2.248158509195260704e+06
2.250761833407628350e+06
2.253325480274953414e+06
2.255522463207617402e+06
2.256843884277092759e+06
2.256967357492975425e+06
2.256130151485891547e+06
2.254652080724722706e+06
2.252893822886892129e+06
2.251487105311649386e+06
2.251012160780943464e+06
2.251550745496186893e+06
2.252928660491426010e+06
2.254764998281523585e+06
2.256840576707709115e+06
2.258171701766184531e+06
2.258381654975137673e+06
2.257232215358066373e+06
2.255154942175869830e+06
2.252210141610331833e+06
2.249283136463038158e+06
2.246887907560216729e+06
2.245577764837946277e+06
2.245525430485888850e+06
2.246896601821292192e+06
2.249201770127007272e+06
2.251883485333763063e+06
2.254353200129978359e+06
2.256150928650699090e+06
2.256757256786000449e+06
2.256140484503799118e+06
2.254553903657339048e+06
2.252557505824976601e+06
2.250490115056760143e+06
2.249288159536632709e+06
2.249140882563943975e+06
2.249995552392929792e+06
2.251849184719430283e+06
2.254403164464045782e+06
2.256506889305200893e+06
2.257795015664482489e+06
2.257761704271772876e+06
2.256493074452224653e+06
2.254091157737644855e+06
2.251309600834493060e+06
2.248579928552744444e+06
2.246649737821599003e+06
2.245832001258260105e+06
2.246475473386122379e+06
2.248267218406068627e+06
2.250633550980481785e+06
2.253196281015831511e+06
2.255401154174100142e+06
2.256508666317101102e+06
2.256249601661971770e+06
2.254932930578815285e+06
2.252812060067935381e+06
2.250254679843132850e+06
2.248349745174138807e+06
2.247314255403279793e+06
2.247462467678389512e+06
2.248812559483380523e+06
2.251249488787369337e+06
2.253804176589120179e+06
2.255991972653230187e+06
2.257054433894852176e+06
2.256968074702104088e+06
2.255531035054888111e+06
2.253368660603522789e+06
2.250802675850947388e+06
2.248782311819130089e+06
2.247310870539098978e+06
2.247676694527683780e+06
2.248587992784352973e+06
2.250538270813192707e+06
2.252979852500647772e+06
2.255256866311701015e+06
2.256622924678777810e+06
2.256828876510090195e+06
2.255940494115488138e+06
2.253912381008870900e+06
2.251277947381943464e+06
2.248835325841547921e+06
2.246936807720268611e+06
2.246195227032511961e+06
2.246688918824246619e+06
2.248528973813695833e+06
2.250985936597703956e+06
2.253527374791671056e+06
2.255378967135091778e+06
2.256262734841280151e+06
2.255727261822424829e+06
2.254434036724558100e+06
2.252621562815657817e+06
2.250670008577684872e+06
2.249146745892014820e+06
2.248685566653007176e+06
2.249111005073688459e+06
2.250677162963338196e+06
2.252618570903331041e+06
2.254741464454798028e+06
2.256322769969895948e+06
2.257013399772138335e+06
2.256310247370654251e+06
2.254792421932546888e+06
2.252175120118157472e+06
2.249510502570812125e+06
2.247049492943060584e+06
2.245483659810188226e+06
2.244822127392647788e+06
2.245897371605555061e+06
2.247647250180063769e+06
2.250009724365809001e+06
2.252014741348977666e+06
2.253781650190731976e+06
2.254137402124840766e+06
2.254139333248851821e+06
2.252708194557948969e+06
2.251816778837544378e+06
2.249756898104143795e+06
2.249943359782625921e+06
2.249673949176582973e+06
2.250722417412640061e+06
2.252159165617893450e+06
2.254057590872797649e+06
2.255627822930949740e+06
2.256472680941299070e+06
2.256468033985702321e+06
2.255269069564217702e+06
2.252964439775074366e+06
2.250462388685089536e+06
2.248052647126314230e+06
2.245833467731263023e+06
2.244574903398558032e+06
2.244484622303508688e+06
2.245419959997157101e+06
2.247074349354842678e+06
2.248916084420867264e+06
2.250752163937392179e+06
2.251938624174685683e+06
2.252324362807224970e+06
2.252061043280447833e+06
2.251374562910250388e+06
2.250533292807168327e+06
2.250167719760146458e+06
2.250276992172825616e+06
2.250709500896086451e+06
2.251780287449163385e+06
2.253278149057459086e+06
2.254618572690677829e+06
2.255612676443370990e+06
2.255946687403596938e+06
2.255213259205485694e+06
2.253719093635610770e+06
2.251682771709057502e+06
2.249375322006900329e+06
2.247135082990907598e+06
2.245438592457695864e+06
2.244546827361276839e+06
2.244568714086785447e+06
2.245424941835803911e+06
2.246604848477016203e+06
2.248038963484582957e+06
2.249360330943739507e+06
2.250383714261543937e+06
2.250854773088006768e+06
2.250915604648043867e+06
2.250768056427241769e+06
2.250765458640262485e+06
2.250939391253308393e+06
2.251265896165305749e+06
2.252032931944841985e+06
2.253118672162258532e+06
2.254170785367208999e+06
2.255009418620921671e+06
2.255418463623318356e+06
2.255140946331067476e+06
2.254216813833985943e+06
2.252713976456743665e+06
2.251031687983444892e+06
2.249114316143177915e+06
2.247288254815442022e+06
2.245955447987693362e+06
2.245236440542235505e+06
2.244980582405943889e+06
2.245356007460006978e+06
2.246107127808702644e+06
2.247032935481411871e+06
2.248192269412004855e+06
2.249162274105347693e+06
2.249828231919332873e+06
2.250302142400335055e+06
2.250797115261179395e+06
2.251218479323076084e+06
2.251663409593154211e+06
2.252139481381191406e+06
2.252725298822950106e+06
2.253416550050781574e+06
2.254014899314638693e+06
2.254401663415676914e+06
2.254427561750278808e+06
2.254047412699622102e+06
2.253323907487588935e+06
2.252281461556597613e+06
2.250896452994960360e+06
2.249452375054775737e+06
2.248028022242882755e+06
2.246754689914261457e+06
2.245767141418098472e+06
2.245244314713425469e+06
2.245129908054275438e+06
2.245530951033062767e+06
2.246245562310469802e+06
2.247352405838052277e+06
2.248431033032095525e+06
2.249612770518457051e+06
