5.308420959685932845e+07
5.308473734152584523e+07
5.308520057816404104e+07
5.308550833963491768e+07
5.308582465163967013e+07
5.308618217212323844e+07
5.308654522323080897e+07
5.308668765105615556e+07
5.308670261971020699e+07
5.308651931555548310e+07
5.308618708753976971e+07
5.308549917680512369e+07
5.308452858810982853e+07
5.308352708103601635e+07
5.308239369939971715e+07
5.308123797667967528e+07
5.308023742481939495e+07
5.307955424355487525e+07
5.307933253606441617e+07
5.307968068863019347e+07
5.308058011045537144e+07
5.308171435523918271e+07
5.308303204661542922e+07
5.308450247607251257e+07
5.308587084984617680e+07
5.308693692209398746e+07
5.308760542109008878e+07
5.308803132376127690e+07
5.308819733275099099e+07
5.308816364717447758e+07
5.308817822305204719e+07
5.308827642236876488e+07
5.308843231637223810e+07
5.308860280880888551e+07
5.308876488551151752e+07
5.308853389579229802e+07
5.308793961952815950e+07
5.308721196156338602e+07
5.308620878402917087e+07
5.308486358244124055e+07
5.308334286511699855e+07
5.308206081621996313e+07
5.308117325701336563e+07
5.308082106600481272e+07
5.308116355394196510e+07
5.308205215019512177e+07
5.308346537227512151e+07
5.308526814941128343e+07
5.308714903347013146e+07
5.308882834327434748e+07
5.309006968632611632e+07
5.309077029158052802e+07
5.309099939093335718e+07
5.309087517917572707e+07
5.309058661820193380e+07
5.309033750125272572e+07
5.309029015008217096e+07
5.309053600445290655e+07
5.309103593844689429e+07
5.309147502780138701e+07
5.309154284628753364e+07
5.309124975493449718e+07
5.309054219359503686e+07
5.308925082384727895e+07
5.308748535857484490e+07
5.308556453099252284e+07
5.308376861532998830e+07
5.308252898604300618e+07
5.308202867674943805e+07
5.308226029198239744e+07
5.308321244364059716e+07
5.308479946137627214e+07
5.308677765060508251e+07
5.308871049424096197e+07
5.309020528912837058e+07
5.309113436583524197e+07
5.309148845964212716e+07
5.309129484700449556e+07
5.309079346916559339e+07
5.309025199290382117e+07
5.308989582231959701e+07
5.308990472412899137e+07
5.309035256895527989e+07
5.309110399422793090e+07
5.309180406710796058e+07
5.309219052521649748e+07
5.309200389151901752e+07
5.309098116887474060e+07
5.308916833065987378e+07
5.308690186196904629e+07
5.308463061143169552e+07
5.308269449256046116e+07
5.308150832628515363e+07
5.308123496471430361e+07
5.308189470891631395e+07
5.308340155035115033e+07
5.308556964904821664e+07
5.308784765644280612e+07
5.308970611763907969e+07
5.309101846543790400e+07
5.309153182912734151e+07
5.309122142609823495e+07
5.309036940995032340e+07
5.308939070114561915e+07
5.308862354227495193e+07
5.308836468525213003e+07
5.308886959367007762e+07
5.308990681436972320e+07
5.309113251086076349e+07
5.309236842218320072e+07
5.309313530878615379e+07
5.309302320237599313e+07
5.309185339849396795e+07
5.308980656662227958e+07
5.308731284102460742e+07
5.308482701664484292e+07
5.308293530135153234e+07
5.308192796339232475e+07
5.308191155810449272e+07
5.308307098475092649e+07
5.308507431629055738e+07
5.308738259295639396e+07
5.308944900281281024e+07
5.309106639005425572e+07
5.309178813421453536e+07
5.309157901456408203e+07
5.309058135965971649e+07
5.308926595853541791e+07
5.308790744222361594e+07
5.308700638667675108e+07
5.308697607423864305e+07
5.308782032862285525e+07
5.308916099236603826e+07
5.309074803983053565e+07
5.309216642111417651e+07
5.309278067727760226e+07
5.309233547238467634e+07
5.309086055807591230e+07
5.308867127602344751e+07
5.308604754144182056e+07
5.308367927082438767e+07
5.308201737063156813e+07
5.308133777147244662e+07
5.308184502991853654e+07
5.308353760441228002e+07
5.308590439157392085e+07
5.308832019979269058e+07
5.309040983343590051e+07
5.309163292433687299e+07
5.309179312176763266e+07
5.309094001710029691e+07
5.308946514242026210e+07
5.308773131818772107e+07
5.308628336433254927e+07
5.308566123861540109e+07
5.308596325166559964e+07
5.308702960223379731e+07
5.308890283741776645e+07
5.309100661901928484e+07
5.309252965136624128e+07
5.309301747712352872e+07
5.309233704444248974e+07
5.309056171309650689e+07
5.308802821419928223e+07
5.308542614050979167e+07
5.308332084167335182e+07
5.308205985890475661e+07
5.308191818257776648e+07
5.308296668696229160e+07
5.308480454275067896e+07
5.308683702796668559e+07
5.308885556406788528e+07
5.309025647934944183e+07
5.309059971538128704e+07
5.308977771323624253e+07
5.308818234675529599e+07
5.308606150038375705e+07
5.308402257436486334e+07
5.308274455421825498e+07
5.308240909200632572e+07
5.308308955018407851e+07
5.308475827853012830e+07
5.308707506680251658e+07
5.308929320016129315e+07
5.309075459045107663e+07
5.309117125015015900e+07
5.309042872336016595e+07
5.308867304348552972e+07
5.308637632810763270e+07
5.308416770965495706e+07
5.308245932340600342e+07
5.308186755217117816e+07
5.308272719470235705e+07
5.308385043947894126e+07
5.308605828049547970e+07
5.308836641888124496e+07
5.309033482313287258e+07
5.309137504654868692e+07
5.309135582373806834e+07
5.309031407915335149e+07
5.308846410392010212e+07
5.308621824604406953e+07
5.308432125731937587e+07
5.308313133494834602e+07
5.308285462068422884e+07
5.308371258894200623e+07
5.308567556273257732e+07
5.308793601055404544e+07
5.308998498136772215e+07
5.309137513163751364e+07
5.309171694466108084e+07
5.309093037003847212e+07
5.308962213637232780e+07
5.308804864006771892e+07
5.308652210244838148e+07
5.308556419810057431e+07
5.308557405009138584e+07
5.308643026486115903e+07
5.308794317231854051e+07
5.308983406656305492e+07
5.309157668607144058e+07
5.309262761386852711e+07
5.309263289525568485e+07
5.309159442125326395e+07
5.308967347238292545e+07
5.308715788407089561e+07
5.308464049056479335e+07
5.308260598136001080e+07
5.308130322241275758e+07
5.308106364706166834e+07
5.308200477436575294e+07
5.308377944264636189e+07
5.308573422185018659e+07
5.308743850451342762e+07
5.308849166891317070e+07
5.308859401813331991e+07
5.308797129395689070e+07
5.308680189301928878e+07
5.308544121787294745e+07
5.308436425908108056e+07
5.308581544688367844e+07
5.308403487573792040e+07
5.308554744904185086e+07
5.308675296165275574e+07
5.308858560018499941e+07
5.308960257032974809e+07
5.309011393838100880e+07
5.308941342177217454e+07
5.308785152508692443e+07
5.308538892378111929e+07
5.308292705859147757e+07
5.308058764620970190e+07
5.307882880863664299e+07
5.307788210323053598e+07
5.307824863910537958e+07
5.307949757617735863e+07
5.308140265138107538e+07
5.308340866513566673e+07
5.308515426428901404e+07
5.308610234160111845e+07
5.308628009512656182e+07
5.308585422835979611e+07
5.308509305278609693e+07
5.308429109018357098e+07
5.308411604193949699e+07
5.308436605761037767e+07
5.308509129455113411e+07
5.308628356613570452e+07
5.308781085715050250e+07
5.308908618453793228e+07
5.308991682642143965e+07
5.308994409555224329e+07
5.308909228325099498e+07
5.308747519702384621e+07
5.308541203170491010e+07
5.308312736115864664e+07
5.308104523537015915e+07
5.307949835440202057e+07
5.307892119668615609e+07
5.307923209475006908e+07
5.308024586090780050e+07
5.308165845894021541e+07
5.308323434435469657e+07
5.308461110819103569e+07
5.308569985650295764e+07
5.308624420765571296e+07
5.308637859768950194e+07
5.308629523601212353e+07
5.308628565461707115e+07
5.308641900109678507e+07
5.308673327654244006e+07
5.308738564890646935e+07
5.308830032677427679e+07
5.308917462511465698e+07
5.308976514512289315e+07
5.308990316546134651e+07
5.308941764269986004e+07
5.308834939296521246e+07
5.308689162686166912e+07
5.308527173851364851e+07
5.308338779574644566e+07
5.308169599030082673e+07
5.308047324088381976e+07
5.307987812998744100e+07
5.307987184437501431e+07
5.308049739498847723e+07
5.308148569188505411e+07
5.308264910334245861e+07
5.308382232866181433e+07
5.308479028862013668e+07
5.308544399742319435e+07
5.308607267638947070e+07
5.308666285088983923e+07
5.308729798360522091e+07
5.308783624239499122e+07
5.308848110136795044e+07
5.308908523471575975e+07
5.308983014857971668e+07
5.309041096556932479e+07
5.309073648007180542e+07
5.309059404934669286e+07
5.309019922749568522e+07
5.308936928910468519e+07
5.308835472988288105e+07
5.308697919018859416e+07
5.308569430701721460e+07
5.308443454911171645e+07
5.308359222832908481e+07
5.308292991396840662e+07
5.308287096033103764e+07
5.308294192245136201e+07
5.308363686268732697e+07
5.308426409994713217e+07
5.308537910238492489e+07
5.308591860895612091e+07
5.308730891546417773e+07
