1.498555405755200051e+07
1.498640723217030242e+07
1.498675972498151474e+07
1.498712706940204836e+07
1.498734255643077195e+07
1.498766091395293921e+07
1.498798618028328381e+07
1.498814616589037515e+07
1.498816187295176834e+07
1.498805016464185528e+07
1.498770097791906632e+07
1.498697571531541273e+07
1.498592603347149864e+07
1.498488891761044785e+07
1.498366417704989947e+07
1.498246757667662762e+07
1.498136710338363983e+07
1.498052912840063125e+07
1.498002944424542226e+07
1.498007743848166801e+07
1.498069946394868009e+07
1.498165273359351419e+07
1.498281836182529479e+07
1.498422901927595213e+07
1.498554187576453201e+07
1.498662193030218780e+07
1.498727577834334224e+07
1.498769827493093908e+07
1.498785966952041537e+07
1.498777860841980204e+07
1.498775426256157644e+07
1.498777931925056875e+07
1.498781356726845168e+07
1.498792021101123653e+07
1.498806686761672422e+07
1.498791188395590335e+07
1.498736439458560012e+07
1.498665735596177168e+07
1.498564556389669888e+07
1.498424084692109935e+07
1.498262121955136396e+07
1.498115796509535052e+07
1.497996822024009563e+07
1.497930749371699244e+07
1.497938159827589989e+07
1.498006547339826636e+07
1.498132504044355080e+07
1.498302515512538329e+07
1.498480596716996655e+07
1.498640150406732410e+07
1.498751933227238618e+07
1.498807971212334372e+07
1.498820579948364012e+07
1.498797157562863640e+07
1.498753596835907549e+07
1.498713094667705148e+07
1.498697928272091039e+07
1.498713967888050713e+07
1.498760765632380359e+07
1.498804532951277867e+07
1.498818021145085618e+07
1.498801087404869311e+07
1.498741752579805441e+07
1.498620853030103259e+07
1.498444203232147172e+07
1.498243989191291668e+07
1.498044334324252047e+07
1.497895942744161189e+07
1.497829450568863191e+07
1.497848543810015172e+07
1.497952775838897564e+07
1.498130372845081426e+07
1.498348023318023607e+07
1.498554038499804027e+07
1.498715330936772749e+07
1.498810532429423928e+07
1.498840182491009124e+07
1.498806151519248821e+07
1.498735106181403436e+07
1.498660795770915411e+07
1.498608051310005970e+07
1.498602807910440862e+07
1.498655150786435977e+07
1.498743513345841691e+07
1.498825077556801587e+07
1.498876886080832407e+07
1.498884083923467062e+07
1.498809158208359964e+07
1.498649985573230684e+07
1.498427917055813037e+07
1.498184737292754091e+07
1.497959698350907490e+07
1.497811228116406314e+07
1.497759458531457186e+07
1.497814658585497551e+07
1.497969638539663143e+07
1.498198626729004271e+07
1.498440703453303687e+07
1.498641660435737111e+07
1.498783315632450022e+07
1.498849777218906768e+07
1.498826949866508879e+07
1.498738342378957570e+07
1.498625606215679832e+07
1.498521630702849291e+07
1.498476100516730361e+07
1.498517564708522335e+07
1.498616521420726739e+07
1.498741132533070259e+07
1.498875246717697568e+07
1.498969329993348755e+07
1.498973962663957849e+07
1.498870972374162450e+07
1.498672789233120717e+07
1.498416531309678033e+07
1.498139102005409449e+07
1.497917963811903261e+07
1.497793300806675665e+07
1.497772704372397251e+07
1.497878766534199566e+07
1.498084626390640624e+07
1.498337971990985610e+07
1.498575702776017599e+07
1.498768958940735273e+07
1.498871822332814708e+07
1.498868135157858394e+07
1.498773792566315457e+07
1.498632430995624326e+07
1.498472435040295124e+07
1.498362417577053979e+07
1.498342106782707199e+07
1.498421084841385670e+07
1.498562969774407521e+07
1.498742921597557515e+07
1.498923505463381670e+07
1.499022744908542745e+07
1.499012374357203208e+07
1.498877678062744811e+07
1.498655701042935811e+07
1.498370339733697847e+07
1.498104563513727859e+07
1.497906669476256333e+07
1.497813640662940405e+07
1.497845227564503253e+07
1.498008203827803582e+07
1.498251702110912651e+07
1.498503329733561538e+07
1.498730332060986385e+07
1.498876008937599137e+07
1.498909134637152404e+07
1.498829275580486841e+07
1.498670685101977549e+07
1.498474458347257413e+07
1.498302530581461079e+07
1.498219054741114005e+07
1.498238725396944396e+07
1.498343599951477908e+07
1.498545596198556386e+07
1.498781754963761941e+07
1.498973081029428728e+07
1.499060827613230795e+07
1.499030671472760476e+07
1.498882337180281617e+07
1.498638801150542311e+07
1.498372751063548401e+07
1.498133513266907446e+07
1.497975073167718202e+07
1.497932950090757012e+07
1.498031964236988313e+07
1.498229790700514428e+07
1.498461873099172860e+07
1.498705942976518720e+07
1.498891843168151006e+07
1.498968003812148422e+07
1.498915836485731043e+07
1.498772786730331182e+07
1.498558217689263634e+07
1.498330309588262066e+07
1.498170327251109108e+07
1.498102917636400275e+07
1.498147545656220056e+07
1.498309326946651563e+07
1.498550926634464785e+07
1.498791792750537582e+07
1.498972211844455078e+07
1.499049194239209592e+07
1.499005100842264108e+07
1.498847420192076080e+07
1.498624428602240793e+07
1.498394054135897197e+07
1.498205573119605146e+07
1.498117239125778340e+07
1.498196967770216055e+07
1.498279898391258717e+07
1.498493934853399172e+07
1.498719483373462223e+07
1.498916112654475681e+07
1.499016025963076390e+07
1.499001890379681438e+07
1.498881416240446456e+07
1.498673928044921532e+07
1.498419583343851566e+07
1.498200993579253927e+07
1.498053488853308372e+07
1.498008995617609657e+07
1.498086386032882892e+07
1.498291036614374258e+07
1.498538258148517273e+07
1.498770076600397564e+07
1.498931384197005443e+07
1.498978959896120802e+07
1.498901019619441032e+07
1.498758565683108382e+07
1.498578218962739594e+07
1.498398603504073247e+07
1.498281680514572375e+07
1.498270413346474804e+07
1.498349420373308286e+07
1.498507906796864793e+07
1.498706459862502664e+07
1.498900377098465152e+07
1.499030068642846309e+07
1.499057159768189117e+07
1.498968737607986480e+07
1.498786287530222349e+07
1.498533680513927154e+07
1.498277402188221924e+07
1.498067849996937998e+07
1.497944808420631662e+07
1.497932604077880830e+07
1.498055839885167219e+07
1.498260629069364257e+07
1.498482131897650473e+07
1.498681265801951289e+07
1.498816065173852257e+07
1.498843218739521131e+07
1.498800805597026087e+07
1.498683479933540337e+07
1.498556975303016789e+07
1.498441641601260379e+07
1.498517314745853283e+07
1.498441835572562926e+07
1.498580009093393385e+07
1.498724505538781546e+07
1.498914203964866325e+07
1.499044979743541405e+07
1.499110172732133046e+07
1.499066556633946486e+07
1.498923865677742846e+07
1.498688130303509161e+07
1.498447682673840597e+07
1.498221695463923551e+07
1.498039657308657095e+07
1.497947747630515508e+07
1.497975051300142892e+07
1.498090737467774935e+07
1.498265923544089869e+07
1.498455275297214277e+07
1.498621321435349807e+07
1.498715991683669202e+07
1.498741149205882289e+07
1.498707376336054318e+07
1.498634788154023327e+07
1.498559783558753133e+07
1.498543226491711475e+07
1.498570725486899726e+07
1.498646581833771430e+07
1.498764059828204475e+07
1.498913274072183482e+07
1.499037898149294965e+07
1.499120239083574899e+07
1.499117729151712358e+07
1.499022281080187298e+07
1.498853106758627668e+07
1.498644103643243201e+07
1.498420314118351974e+07
1.498215342562539503e+07
1.498063750569442846e+07
1.498006943138169870e+07
1.498040218340751529e+07
1.498141159896149114e+07
1.498266672682090476e+07
1.498411989181465842e+07
1.498534012826743163e+07
1.498623513894074038e+07
1.498656915884863399e+07
1.498651451794559322e+07
1.498635607787623443e+07
1.498639999088433944e+07
1.498669075965396129e+07
1.498717624879522994e+07
1.498799309601372108e+07
1.498906508920110576e+07
1.499010598336236551e+07
1.499086237838945724e+07
1.499110622875294276e+07
1.499062559156447276e+07
1.498945710916275159e+07
1.498785304320246167e+07
1.498612068917303719e+07
1.498420029278782941e+07
1.498256271381770261e+07
1.498141305188620090e+07
1.498085510212280974e+07
1.498083480842399411e+07
1.498138044230672158e+07
1.498221386289000511e+07
1.498323766320004873e+07
1.498435994881342724e+07
1.498522282036063448e+07
1.498573986753140762e+07
1.498617212668875977e+07
1.498657222016397677e+07
1.498703413348136656e+07
1.498746598547832668e+07
1.498802291597237252e+07
1.498864563817341626e+07
1.498937867217032053e+07
1.498999933471276052e+07
1.499028883294167556e+07
1.499015951316047274e+07
1.498968071408378892e+07
1.498878674582437053e+07
1.498761921784689091e+07
1.498615036604470946e+07
1.498467366597886384e+07
1.498325751824600622e+07
1.498211844877008162e+07
1.498124817868465558e+07
1.498097965089012310e+07
1.498099972085582279e+07
1.498160132547279820e+07
1.498235381580506079e+07
1.498350552920448594e+07
1.498433220288043283e+07
1.498561330174309202e+07
