1.303061505574458279e+07
1.303177688044451177e+07
1.303236637030477636e+07
1.303274845962975174e+07
1.303289699925297126e+07
1.303313780763367936e+07
1.303360089562523551e+07
1.303395158111613989e+07
1.303429339828686044e+07
1.303464990213012509e+07
1.303503457021900080e+07
1.303513352539325692e+07
1.303485803150624037e+07
1.303432181268172339e+07
1.303346582985720038e+07
1.303229859968622401e+07
1.303095792969219200e+07
1.302967716118736006e+07
1.302846144801036827e+07
1.302790529270341247e+07
1.302788335511229187e+07
1.302841209283265285e+07
1.302950081599851511e+07
1.303090471558529511e+07
1.303264715925939195e+07
1.303427785478769802e+07
1.303541824728198349e+07
1.303628831591263413e+07
1.303694339208678715e+07
1.303705652239906788e+07
1.303670903620374389e+07
1.303604172827084363e+07
1.303535126198217645e+07
1.303485258784440346e+07
1.303462724323026836e+07
1.303451849056043848e+07
1.303436565997242369e+07
1.303395667561321892e+07
1.303329365864394605e+07
1.303225693359499611e+07
1.303105954094331153e+07
1.302952347576551512e+07
1.302818292137563415e+07
1.302701295686286688e+07
1.302610200207168050e+07
1.302581873419097997e+07
1.302685595903508738e+07
1.302839739625998773e+07
1.303023005927507579e+07
1.303232259480261989e+07
1.303367918667085655e+07
1.303440083969644271e+07
1.303440470479382388e+07
1.303366486027738824e+07
1.303264509360575676e+07
1.303153892444521189e+07
1.303056116514327563e+07
1.302991220443945006e+07
1.302985558201648109e+07
1.303016662869991176e+07
1.303100599597381614e+07
1.303178721327108890e+07
1.303227927036461607e+07
1.303203480458941869e+07
1.303106905854604207e+07
1.302947614494631439e+07
1.302744475608133152e+07
1.302535177220426872e+07
1.302396961108196713e+07
1.302338455501661822e+07
1.302379062175050005e+07
1.302474624349080771e+07
1.302632422849730775e+07
1.302854582728211023e+07
1.303075313334159181e+07
1.303248551380256750e+07
1.303356334079352766e+07
1.303375223216452263e+07
1.303301232183898240e+07
1.303179368542883173e+07
1.303041019660270028e+07
1.302941238536985591e+07
1.302929169805237837e+07
1.302997024198871478e+07
1.303111096358588710e+07
1.303241180982843973e+07
1.303343861835587211e+07
1.303339205477931164e+07
1.303258502324028313e+07
1.303087133885012008e+07
1.302862483036270365e+07
1.302606010089462064e+07
1.302373175347136892e+07
1.302245436623664014e+07
1.302231594041021541e+07
1.302289868536628783e+07
1.302452522290172800e+07
1.302689201349172741e+07
1.302916413649061136e+07
1.303131546120840311e+07
1.303296925034661032e+07
1.303373349337071180e+07
1.303330441723965108e+07
1.303132682130637579e+07
1.302879160141770728e+07
1.302659949403797463e+07
1.302533561225528270e+07
1.302515766273970343e+07
1.302592115310961567e+07
1.302694648595039174e+07
1.302772859514050744e+07
1.302827473237776756e+07
1.302819205193385109e+07
1.302715603687801957e+07
1.302501641437619552e+07
1.302217843937866762e+07
1.301926073250539228e+07
1.301672451618099585e+07
1.301527785233337432e+07
1.301567779059495591e+07
1.301721455773956329e+07
1.301943788584296405e+07
1.302216763788966089e+07
1.302525100667653605e+07
1.302755343491331674e+07
1.302882138062904403e+07
1.302900340109433979e+07
1.302769818255562708e+07
1.302574395387525670e+07
1.302385713306664862e+07
1.302247050989335030e+07
1.302234550704837963e+07
1.302290634206438065e+07
1.302441011225077510e+07
1.302690037136569805e+07
1.302920135403919592e+07
1.303033208673609234e+07
1.303027157486402616e+07
1.302928196136035584e+07
1.302725184554276802e+07
1.302437349384414032e+07
1.302167117424420081e+07
1.301967937423139438e+07
1.301868046760012396e+07
1.301911038593623042e+07
1.302076738187654689e+07
1.302292545521983691e+07
1.302502699904270656e+07
1.302713966368996724e+07
1.302855343520235084e+07
1.302886539754614793e+07
1.302805439955851994e+07
1.302641662587660365e+07
1.302439240872993693e+07
1.302263453926707059e+07
1.302159875923230685e+07
1.302168409941201471e+07
1.302259421353320405e+07
1.302420084055721201e+07
1.302623022217959538e+07
1.302814116382641159e+07
1.302932560293238238e+07
1.302948062857382745e+07
1.302800392650645971e+07
1.302537983728635125e+07
1.302234637378005870e+07
1.301987337851108424e+07
1.301854733597414382e+07
1.301876436242651567e+07
1.302025889014893956e+07
1.302277967881233618e+07
1.302564214324517176e+07
1.302856843103644066e+07
1.303103329863838851e+07
1.303191355886618607e+07
1.303101057184620015e+07
1.302939625532967038e+07
1.302687364560125209e+07
1.302397696128659137e+07
1.302182791695115529e+07
1.302075554231635109e+07
1.302179554317776673e+07
1.302406185312759690e+07
1.302702501677689888e+07
1.303021912944558077e+07
1.303273615341407619e+07
1.303399625896579586e+07
1.303371064162002318e+07
1.303207650089726038e+07
1.302949839039625414e+07
1.302633435564122908e+07
1.302383356762317009e+07
1.302371854579211958e+07
1.302319464961739630e+07
1.302507467122335546e+07
1.302780306509240344e+07
1.303091396075289883e+07
1.303346762089003436e+07
1.303475200850843079e+07
1.303453378252261877e+07
1.303295269116985053e+07
1.302998661005274765e+07
1.302684756242478639e+07
1.302369570045805909e+07
1.302152097627843916e+07
1.302091577486115135e+07
1.302217290842153877e+07
1.302458601510985568e+07
1.302761127631724626e+07
1.303028578700860776e+07
1.303222852524310350e+07
1.303272387379042804e+07
1.303216332955114357e+07
1.303070901124880090e+07
1.302867012321810424e+07
1.302681534445916861e+07
1.302555762802364491e+07
1.302565628254673816e+07
1.302707225271348841e+07
1.302917367399799451e+07
1.303184268726113997e+07
1.303428268351809867e+07
1.303601085366072319e+07
1.303619712173315138e+07
1.303491827441824600e+07
1.303244362400742061e+07
1.302939670055418648e+07
1.302624120348829031e+07
1.302378856799476407e+07
1.302247392724324390e+07
1.302253109054455534e+07
1.302363082732347213e+07
1.302575430969780684e+07
1.302807528093258664e+07
1.303049261065692641e+07
1.303204484645721130e+07
1.303275888452334888e+07
1.303215174196211062e+07
1.303116126438347436e+07
1.302930490403495543e+07
1.302893504367104545e+07
1.302735291101102158e+07
1.302825213391295448e+07
1.302993763955032639e+07
1.303260972871467844e+07
1.303517275700211525e+07
1.303753512887019850e+07
1.303889656640757620e+07
1.303887756988509186e+07
1.303630563063827157e+07
1.303333909684687480e+07
1.303002385549184121e+07
1.302730017316164263e+07
1.302534069475779869e+07
1.302491413257987238e+07
1.302572687230328843e+07
1.302742292804141715e+07
1.302899307439102046e+07
1.303045417707844451e+07
1.303197950922952034e+07
1.303317546678852104e+07
1.303332343513695896e+07
1.303269966011315398e+07
1.303201308258374035e+07
1.303166423420680873e+07
1.303176244262227416e+07
1.303256056465799548e+07
1.303391969060586020e+07
1.303574248310479149e+07
1.303777207257030345e+07
1.303936002816336975e+07
1.304035745881706849e+07
1.304071091237684712e+07
1.303991554023903422e+07
1.303850686390232109e+07
1.303681195071225800e+07
1.303476876306995749e+07
1.303247949335458875e+07
1.303080170243646204e+07
1.302957561927988008e+07
1.302929370023987256e+07
1.302931988221145794e+07
1.302969426591227762e+07
1.303045187555657141e+07
1.303133849647433683e+07
1.303181618865245022e+07
1.303229377025466226e+07
1.303247052641834505e+07
1.303246913400384784e+07
1.303232274596406892e+07
1.303240223255889677e+07
1.303268371873610839e+07
1.303285347121935152e+07
1.303316927170602605e+07
1.303386462014786899e+07
1.303442643115938827e+07
1.303495355152652226e+07
1.303489467656963132e+07
1.303423354063588753e+07
1.303318626993749104e+07
1.303192035788232088e+07
1.303036620252088644e+07
1.302877341636038199e+07
1.302754751215242967e+07
1.302646642629145645e+07
1.302583701896252297e+07
1.302588391252920032e+07
1.302684590512239933e+07
1.302813811543710344e+07
1.302973087161166780e+07
1.303142073530253768e+07
1.303275659243139997e+07
1.303391802220731415e+07
1.303495983296762593e+07
1.303582713436836191e+07
1.303661476045451500e+07
1.303732945678099990e+07
1.303799697264400497e+07
1.303842136533682980e+07
1.303865081493871287e+07
1.303855951858760789e+07
1.303779160830194689e+07
1.303664070358216576e+07
1.303545043042481877e+07
1.303399656967508607e+07
1.303231111940668151e+07
1.303053460288876295e+07
1.302895045835107937e+07
1.302749977361644804e+07
1.302664199578986689e+07
1.302611281940720603e+07
1.302614353121697530e+07
1.302651043763904087e+07
1.302722210647769086e+07
1.302775825248299912e+07
1.302925367411699705e+07
