1.819548366202175990e+07
1.819825697189011425e+07
1.819793742889285460e+07
1.819857042070445046e+07
1.819830061427786946e+07
1.819882790216214582e+07
1.819898919906190783e+07
1.819961959386824071e+07
1.819997033881449327e+07
1.820040808615264669e+07
1.819983516161365062e+07
1.819909234119395167e+07
1.819774531991413608e+07
1.819682990627021343e+07
1.819581976505560800e+07
1.819489958920002356e+07
1.819394251148588955e+07
1.819329929595014453e+07
1.819282281774061173e+07
1.819304038325276971e+07
1.819379960412031040e+07
1.819492708943651989e+07
1.819613501364240050e+07
1.819750906742477044e+07
1.819882202819193527e+07
1.819997938970094919e+07
1.820073260501725227e+07
1.820166823602120578e+07
1.820225826866155490e+07
1.820257699445611238e+07
1.820275895815056935e+07
1.820302797552875429e+07
1.820322172741512954e+07
1.820342524063036963e+07
1.820356686812084913e+07
1.820318966305390745e+07
1.820220606263934076e+07
1.820118912978610024e+07
1.819989513928020373e+07
1.819839223766212538e+07
1.819674926788205653e+07
1.819543773691796511e+07
1.819456233717735857e+07
1.819435822427776456e+07
1.819490365552615747e+07
1.819580836178010702e+07
1.819720451736183837e+07
1.819923963497934118e+07
1.820102334771245718e+07
1.820223763880416751e+07
1.820305939361598715e+07
1.820328097160175070e+07
1.820296569887753576e+07
1.820259051697533205e+07
1.820190672056069598e+07
1.820146580573621765e+07
1.820146220496601611e+07
1.820175719783147424e+07
1.820248171498207375e+07
1.820338623738826439e+07
1.820344415952266008e+07
1.820310260123753548e+07
1.820237291855285317e+07
1.820077679408205673e+07
1.819881583254015446e+07
1.819671067976585776e+07
1.819461897838459536e+07
1.819323034750498459e+07
1.819275953166799247e+07
1.819308697121084854e+07
1.819459792872910574e+07
1.819670554690352082e+07
1.819898413021935150e+07
1.820108900723547116e+07
1.820260327307961136e+07
1.820370566890840977e+07
1.820401334114075452e+07
1.820375607094404101e+07
1.820331168619187921e+07
1.820271570766663924e+07
1.820221656354923919e+07
1.820222393228291720e+07
1.820270476908385381e+07
1.820349017350136116e+07
1.820425253765885159e+07
1.820476019617766514e+07
1.820481123129362985e+07
1.820413031018348783e+07
1.820240660559771582e+07
1.820015539739069343e+07
1.819773150268002227e+07
1.819580392107615247e+07
1.819474772838364914e+07
1.819446628342530504e+07
1.819517084739115834e+07
1.819693113677533716e+07
1.819911324435168132e+07
1.820127220647602156e+07
1.820287130455797538e+07
1.820403198032878339e+07
1.820452613696527854e+07
1.820419229002156109e+07
1.820328124380004033e+07
1.820210679986175895e+07
1.820122568396133184e+07
1.820093120791665092e+07
1.820155231526392326e+07
1.820290645526152477e+07
1.820437367739136890e+07
1.820584282705734298e+07
1.820680832429559529e+07
1.820663180840431899e+07
1.820538950093624741e+07
1.820323170945724472e+07
1.820023012624686584e+07
1.819719005761284754e+07
1.819496569677750394e+07
1.819382589038008451e+07
1.819380697468317673e+07
1.819502528472670913e+07
1.819754265441218391e+07
1.820045415097679198e+07
1.820313487051323429e+07
1.820497125690535456e+07
1.820593908793645352e+07
1.820588179243652523e+07
1.820492117644308507e+07
1.820336157665873691e+07
1.820187472680731118e+07
1.820086930676772445e+07
1.820105022600384057e+07
1.820207994403900579e+07
1.820370608783490583e+07
1.820560150117155910e+07
1.820733188452199474e+07
1.820829913720072806e+07
1.820772322437639162e+07
1.820592241979527846e+07
1.820322617528892681e+07
1.820013588280308619e+07
1.819772986414526030e+07
1.819610123502874374e+07
1.819515499237614125e+07
1.819537496708336845e+07
1.819702325782086700e+07
1.819958318618280068e+07
1.820220679107449204e+07
1.820453598451439291e+07
1.820602695640388131e+07
1.820631286383211985e+07
1.820551753334884718e+07
1.820389381109720841e+07
1.820194073464774340e+07
1.820046591933698580e+07
1.820011292048737779e+07
1.820051316760282964e+07
1.820163084573229030e+07
1.820362032053949311e+07
1.820579791330258548e+07
1.820714227156829089e+07
1.820729545726500079e+07
1.820629736113221198e+07
1.820431378558005765e+07
1.820201078694995865e+07
1.819971420162121207e+07
1.819766813789565116e+07
1.819657269100193679e+07
1.819637039869515598e+07
1.819752134193560109e+07
1.819939623647336662e+07
1.820142032878544182e+07
1.820353930249875784e+07
1.820499598328141496e+07
1.820520655121203139e+07
1.820471211426474154e+07
1.820330242418587208e+07
1.820115040577598289e+07
1.819887045252617076e+07
1.819736992995322868e+07
1.819674010989071056e+07
1.819730452174654976e+07
1.819877585990434512e+07
1.820125572081514448e+07
1.820358079874760658e+07
1.820512658041082323e+07
1.820542334656653553e+07
1.820472214903882518e+07
1.820302499432750046e+07
1.820104711276023090e+07
1.819857080223916098e+07
1.819676167585308850e+07
1.819539114904560894e+07
1.819309168718291819e+07
1.819356726107038558e+07
1.819415728982364759e+07
1.819569536408046260e+07
1.819675999398279935e+07
1.819697507999272645e+07
1.819619175929211453e+07
1.819450618634973094e+07
1.819230499519503862e+07
1.818965575930242985e+07
1.818767651618324220e+07
1.818688769967958331e+07
1.818689168757613748e+07
1.818818301180617511e+07
1.819073402064194903e+07
1.819356996067136154e+07
1.819616970438309759e+07
1.819802840690561756e+07
1.819839785629295185e+07
1.819758363316133618e+07
1.819633693383484706e+07
1.819473603683076054e+07
1.819311799207599461e+07
1.819202942657621577e+07
1.819213928975939751e+07
1.819315887315705046e+07
1.819484071152354032e+07
1.819688265592487901e+07
1.819903212874491140e+07
1.820008897440908849e+07
1.820004077790388465e+07
1.819837983847187087e+07
1.819584235537568107e+07
1.819262514499033615e+07
1.818948729937463254e+07
1.818671621421421319e+07
1.818537344207865372e+07
1.818523517883284763e+07
1.818647085018146038e+07
1.818839948519228771e+07
1.819077608035536110e+07
1.819269423718618229e+07
1.819423592676662281e+07
1.819434165303484723e+07
1.819410461222584918e+07
1.819277490873004869e+07
1.819167845647636801e+07
1.818973775801748782e+07
1.819335415472454205e+07
1.819043683217284083e+07
1.819268345350697637e+07
1.819389096255883202e+07
1.819585453168659657e+07
1.819674136270554736e+07
1.819714722908756509e+07
1.819588736099734157e+07
1.819422083580812067e+07
1.819150054216770083e+07
1.818911477407200634e+07
1.818685856584841385e+07
1.818554919062533602e+07
1.818518175884811208e+07
1.818618005562049150e+07
1.818769457120629027e+07
1.818974427485534549e+07
1.819162629866084829e+07
1.819292377998497337e+07
1.819348857180049270e+07
1.819334061223614961e+07
1.819289327578517422e+07
1.819246233462413773e+07
1.819211067591252550e+07
1.819223441119465604e+07
1.819280058506151661e+07
1.819349326979557797e+07
1.819440152275320888e+07
1.819554476857391372e+07
1.819648985523971915e+07
1.819752168706525117e+07
1.819738287851136178e+07
1.819608417325171083e+07
1.819440960169395804e+07
1.819222108938560262e+07
1.818980352338676527e+07
1.818783358681567386e+07
1.818636463798243552e+07
1.818587048067780212e+07
1.818625647960557789e+07
1.818722119249243289e+07
1.818875545161735266e+07
1.819048477703921497e+07
1.819191828502298146e+07
1.819287157646330819e+07
1.819344508602454886e+07
1.819358100476694480e+07
1.819366850363046303e+07
1.819382703585954383e+07
1.819422738805912063e+07
1.819489274026210234e+07
1.819558744975409657e+07
1.819646384522465616e+07
1.819733639834605902e+07
1.819787304441568628e+07
1.819791387131192163e+07
1.819732945324201509e+07
1.819594500159331411e+07
1.819436852183764428e+07
1.819271936640054360e+07
1.819084045985714719e+07
1.818934377925584093e+07
1.818872116500037163e+07
1.818872896032015979e+07
1.818903271209129691e+07
1.818979454192706943e+07
1.819060620954849198e+07
1.819152847918112576e+07
1.819239332281140611e+07
1.819305162324193120e+07
1.819320898229325563e+07
1.819359420120830834e+07
1.819396485364685208e+07
1.819434950468251854e+07
1.819476187911320478e+07
1.819560280007577315e+07
1.819650893356749788e+07
1.819740884409334883e+07
1.819807889847941697e+07
1.819842744426365197e+07
1.819829928230417520e+07
1.819780499079121277e+07
1.819683285497056693e+07
1.819577224235272035e+07
1.819424255990345404e+07
1.819299834247227386e+07
1.819164093069108948e+07
1.819072159832104668e+07
1.819000268326589093e+07
1.819024598687662929e+07
1.819072475002136081e+07
1.819190327323209867e+07
1.819282462711993232e+07
1.819426591865927354e+07
1.819461837884238735e+07
1.819633038859323412e+07
