1.550941202745860070e+07
1.553167542002917267e+07
1.552583742395399138e+07
1.553113585217992216e+07
1.552622291194471158e+07
1.552313298084358312e+07
1.551256320704643801e+07
1.550194347474895604e+07
1.549181846084326319e+07
1.548560181781175919e+07
1.547597948762597144e+07
1.547260583777414449e+07
1.548036083243566379e+07
1.549736810212891921e+07
1.550799641030615196e+07
1.551436745751402713e+07
1.551322428668219224e+07
1.551346360209809430e+07
1.551104773794863559e+07
1.551039878254869580e+07
1.550945421248943917e+07
1.551045057264945842e+07
1.550526052606635913e+07
1.550037427985673212e+07
1.548894115950840339e+07
1.547259792814710364e+07
1.547003000676718727e+07
1.547292037679623626e+07
1.547641424845550023e+07
1.547999567308183946e+07
1.548092120220962726e+07
1.547680338974683546e+07
1.547035941387609951e+07
1.546652302451815270e+07
1.545906814111143164e+07
1.545407239741179161e+07
1.545573797037348710e+07
1.547103174048466235e+07
1.548476920814291947e+07
1.549380275906113908e+07
1.550434654162639938e+07
1.550907803927440383e+07
1.551120552624752000e+07
1.550797791244393215e+07
1.549739528139301576e+07
1.549162798445201293e+07
1.548720617588757165e+07
1.548351762750799581e+07
1.548170522733582370e+07
1.547796718883678876e+07
1.547405437586671114e+07
1.547505918599239178e+07
1.547610373985894769e+07
1.547490121947956644e+07
1.547561828674654290e+07
1.548007668070424907e+07
1.548313742790174671e+07
1.548254084157730266e+07
1.547850268694476411e+07
1.547117085254713148e+07
1.546141611157997139e+07
1.545965419046209194e+07
1.546735942132592760e+07
1.547827906830918789e+07
1.548906813931083493e+07
1.549337782627304643e+07
1.549846103620739654e+07
1.550471661033337563e+07
1.550898502802287601e+07
1.550891197663236409e+07
1.550562659947817959e+07
1.550144649554121122e+07
1.550039891504434310e+07
1.549988587675518356e+07
1.549508297174882330e+07
1.549504776233460382e+07
1.549628984747236408e+07
1.549999135057183914e+07
1.550410174310000800e+07
1.550333711689698324e+07
1.550321652138753980e+07
1.550107409108510800e+07
1.549493137604520470e+07
1.548888556640531309e+07
1.548423617509254813e+07
1.548025158797469921e+07
1.548092825107739121e+07
1.548642227423049137e+07
1.549142795129599236e+07
1.549347488528206013e+07
1.549918405174784735e+07
1.550486970816270821e+07
1.550277927157310396e+07
1.550576060402099974e+07
1.551008425597509556e+07
1.550739904765211046e+07
1.550086726939888857e+07
1.549400715133639425e+07
1.549453845562914386e+07
1.549337856287685968e+07
1.548752373644283414e+07
1.548116400158797950e+07
1.547508848884989507e+07
1.547086928692723438e+07
1.546991527595196292e+07
1.547480978368219920e+07
1.548417057743588462e+07
1.549143680846804380e+07
1.549050516878003255e+07
1.547732875730849989e+07
1.546047800974035636e+07
1.544918238123596832e+07
1.545615604911296256e+07
1.547072688883066364e+07
1.547917203709073178e+07
1.548120725180106796e+07
1.548054758281254396e+07
1.547968638695955835e+07
1.547815081254705600e+07
1.548100418558393233e+07
1.548644649855120666e+07
1.548779152415422909e+07
1.548582892711484805e+07
1.548590694236770086e+07
1.548890922511236370e+07
1.548408814718137123e+07
1.548132352107265219e+07
1.547784804943959601e+07
1.547739534608173557e+07
1.547967936562058330e+07
1.547973881935632601e+07
1.547269147009929828e+07
1.546492140461335145e+07
1.545555688996986672e+07
1.544989706499539129e+07
1.544717520882877521e+07
1.545340616426915489e+07
1.546439447209504060e+07
1.547856143407337926e+07
1.548559350332996435e+07
1.548581318306297995e+07
1.548334269151067920e+07
1.548435055948032439e+07
1.548431725569292344e+07
1.548491761119399965e+07
1.547924865110556409e+07
1.547624678891596757e+07
1.546857146098138019e+07
1.546058647924399562e+07
1.545555673736260086e+07
1.546169910907191411e+07
1.546738167469649203e+07
1.547046200374445133e+07
1.547260189348522760e+07
1.547435441315150075e+07
1.547586135930016823e+07
1.547007654331343807e+07
1.546561253114968725e+07
1.545683482231093943e+07
1.544447958360307850e+07
1.543815823266946338e+07
1.543501295547229610e+07
1.544468410744686797e+07
1.545931069815561175e+07
1.546350875959701091e+07
1.546854013095945120e+07
1.546995180012333579e+07
1.546861065434309468e+07
1.546960703774329834e+07
1.546924515183272399e+07
1.546766235582031310e+07
1.546378325110808760e+07
1.546014920119431242e+07
1.546257517644211650e+07
1.546991904589556344e+07
1.547556155307008512e+07
1.548225948746204376e+07
1.548411996793139540e+07
1.548362883917422406e+07
1.548128295237988792e+07
1.548127014654987119e+07
1.547535991669142805e+07
1.546592736303865910e+07
1.545550409238102473e+07
1.543495786491245590e+07
1.541980662358268723e+07
1.542005442014229856e+07
1.542961743085023016e+07
1.544977438567616045e+07
1.547028683634395152e+07
1.548276141041125171e+07
1.548480376799636334e+07
1.547867547481332347e+07
1.547904040610837936e+07
1.547360983994754404e+07
1.547312986793971621e+07
1.546996371133129112e+07
1.546925169653292373e+07
1.547027372847306728e+07
1.547645302930471115e+07
1.547779128258351982e+07
1.547828104576675408e+07
1.547815110107522272e+07
1.547694366718564741e+07
1.547290829843987711e+07
1.547460592058802396e+07
1.548001594144675881e+07
1.547738514056628011e+07
1.546899972895277292e+07
1.545995281637798809e+07
1.545026053589072824e+07
1.545686364344410785e+07
1.547943429511731863e+07
1.548709000654600002e+07
1.548280977032242715e+07
1.547142011638027988e+07
1.546450571692437865e+07
1.545921536750547215e+07
1.546422722748121433e+07
1.547510783775380813e+07
1.548408650532902218e+07
1.547287295242223516e+07
1.546031221062292717e+07
1.545737139160792716e+07
1.546537631650927290e+07
1.547014698195420764e+07
1.547251386144966260e+07
1.547067935318030231e+07
1.546972628652773611e+07
1.547143465126262791e+07
1.547543693206359074e+07
1.547454846820147522e+07
1.546924048709009960e+07
1.545677856963442639e+07
1.544702732996924780e+07
1.543623400228293426e+07
1.543307002878862806e+07
1.543520496309734322e+07
1.545112173331458867e+07
1.544914445138338022e+07
1.547170185535238124e+07
1.545546161659397185e+07
1.545847290094986744e+07
1.546471157469722256e+07
1.547212905350263976e+07
1.546663389737497084e+07
1.546202879333328642e+07
1.545884230559248663e+07
1.545807444427259453e+07
1.545476639036459848e+07
1.545309978825083002e+07
1.545219478841963410e+07
1.544943391275100596e+07
1.544886355401862040e+07
1.544852772249759547e+07
1.544720155977367982e+07
1.544434319713234529e+07
1.544137948001322709e+07
1.543652777071498707e+07
1.543510942123659141e+07
1.543232497471558861e+07
1.543599534197872877e+07
1.544153963846306317e+07
1.544335739830121212e+07
1.544701825257784314e+07
1.545408236200551875e+07
1.545936003221813031e+07
1.546557187022424303e+07
1.546602351414327696e+07
1.546372566405860707e+07
1.546226921151848324e+07
1.546405390186270140e+07
1.546272660624428466e+07
1.545036831130403467e+07
1.543892976201909781e+07
1.544070618976275250e+07
1.545021337767490931e+07
1.545610275799474679e+07
1.545515515704503469e+07
1.545210564925223216e+07
1.545277057906985655e+07
1.545506009066829085e+07
1.545443794565274194e+07
1.545069484272631444e+07
1.544616685012581572e+07
1.544503056534253620e+07
1.543918531118620932e+07
1.543407315884133056e+07
1.543324063449518755e+07
1.543417365269692056e+07
1.543542851724519394e+07
1.543892867425814830e+07
1.544268421410697885e+07
1.544701389101863280e+07
1.544834846668392979e+07
1.544441218383745663e+07
1.543736871285112016e+07
1.543229878933697939e+07
1.543211569692185707e+07
1.544036858735689521e+07
1.544463845178256370e+07
1.544744970347544551e+07
1.544757978303042985e+07
1.544356799776843190e+07
1.544305575104155578e+07
1.544348166597626731e+07
1.544348117861923948e+07
1.544310498317529075e+07
1.544465178119802289e+07
1.544854660117392614e+07
1.545058321147316322e+07
1.545397353108493052e+07
1.545183118562644534e+07
1.544884207178004459e+07
1.544619051334286667e+07
1.544440962209084816e+07
1.544539713486940227e+07
1.544618830480176024e+07
1.544888705076132156e+07
1.544825714542573132e+07
1.543721278687041812e+07
1.542349776679219678e+07
1.541275461983732320e+07
1.541250533129907772e+07
1.541669145921475999e+07
1.542392369783649966e+07
1.542984341267046705e+07
1.543211311599833332e+07
1.543576374837934412e+07
1.543929336476339400e+07
1.544188944335794263e+07
1.545199299245495535e+07
1.546026935160972551e+07
1.547082386911814287e+07
1.547466109974276461e+07
1.548367348055212572e+07
