8.651459764617566019e+06
8.652360399702139199e+06
8.652735372268943116e+06
8.653086470549115911e+06
8.653311777411701158e+06
8.653622490489555523e+06
8.653962015183029696e+06
8.654137474181288853e+06
8.654161046693552285e+06
8.654025152393301949e+06
8.653704781210616231e+06
8.653024772823836654e+06
8.652041690638612956e+06
8.651025394858624786e+06
8.649800140660779551e+06
8.648613582559691742e+06
8.647495129183493555e+06
8.646605343729501590e+06
8.646033581292994320e+06
8.645984261935088784e+06
8.646513069698173553e+06
8.647465040003065020e+06
8.648624017566485330e+06
8.650021644728941843e+06
8.651379839378157631e+06
8.652476829442344606e+06
8.653153556887067854e+06
8.653596174701297656e+06
8.653740770194178447e+06
8.653625464813319966e+06
8.653584706930944696e+06
8.653605410475663841e+06
8.653652151410754770e+06
8.653727250762965530e+06
8.653926281542031094e+06
8.653819980366658419e+06
8.653361486730152741e+06
8.652734292679149657e+06
8.651742986506508663e+06
8.650351465010263026e+06
8.648780669381922111e+06
8.647242128093153238e+06
8.645990975438823923e+06
8.645282336438611150e+06
8.645278587099475786e+06
8.645884962021250278e+06
8.647119436570325866e+06
8.648822523092946038e+06
8.650591586266610771e+06
8.652224517445484176e+06
8.653407669831451029e+06
8.653994853984994814e+06
8.654134484032478184e+06
8.653858009473318234e+06
8.653393140931386501e+06
8.652982884350232780e+06
8.652774084844162688e+06
8.652915079776380211e+06
8.653400426504837349e+06
8.653866853547051549e+06
8.654072641049213707e+06
8.653990853366710246e+06
8.653458769697485492e+06
8.652311760894821957e+06
8.650616224959999323e+06
8.648598088240168989e+06
8.646528735730405897e+06
8.644989434843614697e+06
8.644204042644450441e+06
8.644298448034727946e+06
8.645298533894874156e+06
8.647028796647289768e+06
8.649208085026761517e+06
8.651309037878470495e+06
8.652960430256152526e+06
8.653913287313973531e+06
8.654301718959357589e+06
8.654003525338305160e+06
8.653275662576360628e+06
8.652502887644682080e+06
8.651923457145448774e+06
8.651793904520235956e+06
8.652307256468929350e+06
8.653185051927497610e+06
8.654012685402695090e+06
8.654647725856728852e+06
8.654840765363890678e+06
8.654148203068008646e+06
8.652639418962348253e+06
8.650428046362267807e+06
8.647945421462925151e+06
8.645694163071919233e+06
8.644098039156885818e+06
8.643466715389184654e+06
8.643988529410975054e+06
8.645410121104467660e+06
8.647605425535880029e+06
8.650094957528105006e+06
8.652149660830328241e+06
8.653667238977981731e+06
8.654411862863488495e+06
8.654195450431538746e+06
8.653270474057469517e+06
8.652158533835735172e+06
8.651087627709535882e+06
8.650548523499080911e+06
8.650904503005603328e+06
8.651906715012997389e+06
8.653158742781708017e+06
8.654531583784956485e+06
8.655524845122054219e+06
8.655652039035942405e+06
8.654741466770920902e+06
8.652788244634041563e+06
8.650221170464880764e+06
8.647483868490373716e+06
8.645196599025936797e+06
8.643842554232347757e+06
8.643526901115411893e+06
8.644492912045072764e+06
8.646436792630573735e+06
8.648952718966003507e+06
8.651308389096632600e+06
8.653319637942951173e+06
8.654408528923805803e+06
8.654405296325603500e+06
8.653520671661034226e+06
8.652105980436533689e+06
8.650526897544635460e+06
8.649340638842968270e+06
8.649097291188947856e+06
8.649849046813515946e+06
8.651251764203600585e+06
8.653054734321629629e+06
8.654897547601655126e+06
8.655965114573774859e+06
8.655911998456882313e+06
8.654633326368238777e+06
8.652442395983865485e+06
8.649577677436562255e+06
8.646870504711877555e+06
8.644853294398115948e+06
8.643830967284988612e+06
8.644047951106684282e+06
8.645580518484901637e+06
8.647967961304208264e+06
8.650513281518584117e+06
8.652806353273544461e+06
8.654291036769561470e+06
8.654719831506332383e+06
8.653973243275301531e+06
8.652423712879650295e+06
8.650498216601379216e+06
8.648708100031837821e+06
8.647826785172834992e+06
8.647955580888994038e+06
8.648945836335711181e+06
8.650905129788661376e+06
8.653320735408008099e+06
8.655264887024722993e+06
8.656269300839342177e+06
8.656053304490365088e+06
8.654631488980993629e+06
8.652278170814845711e+06
8.649587382906137034e+06
8.647150623286960647e+06
8.645519605856822804e+06
8.645041708369355649e+06
8.645930693194685504e+06
8.647838742928277701e+06
8.650117751228122041e+06
8.652554790732027963e+06
8.654490141105920076e+06
8.655329987803675234e+06
8.654892396425740793e+06
8.653521063323764130e+06
8.651375111269645393e+06
8.649104034248277545e+06
8.647458818931400776e+06
8.646734924294022843e+06
8.647107100478557870e+06
8.648619632592029870e+06
8.651000532395232469e+06
8.653461279524005949e+06
8.655329054117999971e+06
8.656177740786405280e+06
8.655806258001009002e+06
8.654312349264388904e+06
8.652112239702465013e+06
8.649776089704278857e+06
8.647839204038664699e+06
8.646866251787394285e+06
8.647581851319005713e+06
8.648337253500064835e+06
8.650450808421824127e+06
8.652727391777025536e+06
8.654762995009729639e+06
8.655820683424139395e+06
8.655830860492851585e+06
8.654732785329543054e+06
8.652679369881967083e+06
8.650161413370802999e+06
8.647923243654981256e+06
8.646334048658549786e+06
8.645821340406984091e+06
8.646548002141058445e+06
8.648511967653594911e+06
8.650955593737376854e+06
8.653284543243590742e+06
8.654925106037793681e+06
8.655501608302265406e+06
8.654789103903463110e+06
8.653416125493759289e+06
8.651677493182731792e+06
8.649828297226017341e+06
8.648595361529832706e+06
8.648358608033977449e+06
8.649064843684079126e+06
8.650632710583642125e+06
8.652630509068414569e+06
8.654580901171086356e+06
8.655955981100562960e+06
8.656349427484385669e+06
8.655546117101296782e+06
8.653818005867341533e+06
8.651328775369137526e+06
8.648791977551227435e+06
8.646703263519221917e+06
8.645382306770920753e+06
8.645110359040888026e+06
8.646285808583609760e+06
8.648214697987914085e+06
8.650410534606434405e+06
8.652420988755581900e+06
8.653814953828038648e+06
8.654138475572595373e+06
8.653800540867965668e+06
8.652658159883085638e+06
8.651411168893733993e+06
8.650224663469288498e+06
8.650904812078384683e+06
8.650065958393903449e+06
8.651457854223752394e+06
8.652871738489337265e+06
8.654831266389535740e+06
8.656180217457132414e+06
8.656905742414679378e+06
8.656619013066368178e+06
8.655301841475663707e+06
8.653008979266438633e+06
8.650628784833308309e+06
8.648344736891711131e+06
8.646480697859818116e+06
8.645431847194133326e+06
8.645593852975303307e+06
8.646666684666076675e+06
8.648362683319671080e+06
8.650175942727014422e+06
8.651849684937564656e+06
8.652893016758693382e+06
8.653167075560674071e+06
8.652874776301879436e+06
8.652198378776496276e+06
8.651434797767257318e+06
8.651201530420374125e+06
8.651453761863613501e+06
8.652126168111465871e+06
8.653276036380963400e+06
8.654755752163635567e+06
8.656079881754362956e+06
8.656987045258915052e+06
8.657104279675865546e+06
8.656259835443111137e+06
8.654643742337251082e+06
8.652589689680757001e+06
8.650336689092399552e+06
8.648270518714964390e+06
8.646713241736216471e+06
8.646069623693780974e+06
8.646321357204038650e+06
8.647257034746870399e+06
8.648476768534101546e+06
8.649922076334407553e+06
8.651171645368866622e+06
8.652089302575066686e+06
8.652477709859015420e+06
8.652441786506425589e+06
8.652320406470227987e+06
8.652342586559535936e+06
8.652575170611018315e+06
8.652973337356129661e+06
8.653805850092502311e+06
8.654886576758639887e+06
8.655940834290320054e+06
8.656746111464034766e+06
8.657046899867011234e+06
8.656641506040723994e+06
8.655572283506695181e+06
8.653997706787947565e+06
8.652305540817869827e+06
8.650408323864083737e+06
8.648663419683910906e+06
8.647473220549989492e+06
8.646900672233590856e+06
8.646807960442012176e+06
8.647288833842124790e+06
8.648059173657597974e+06
8.649012312005801126e+06
8.650079388067688793e+06
8.650953020518565550e+06
8.651502172600032762e+06
8.651941590680709109e+06
8.652339711067000404e+06
8.652793379568625242e+06
8.653258487633464858e+06
8.653790587631752715e+06
8.654396688942270353e+06
8.655146221086883917e+06
8.655724176845304668e+06
8.656060441268092021e+06
8.655998512154567987e+06
8.655571904557354748e+06
8.654687640639329329e+06
8.653615014485253021e+06
8.652205649218404666e+06
8.650768111622851342e+06
8.649320738687796518e+06
8.648219744840908796e+06
8.647367235881244764e+06
8.647045955251939595e+06
8.646967284367214888e+06
8.647513363910291344e+06
8.648213330733297393e+06
8.649324839893894270e+06
8.650154566985163838e+06
8.651426652855899185e+06
