1.748764307775362581e+07
1.748964776476088911e+07
1.748981422156044096e+07
1.749036326246591657e+07
1.749042671115009859e+07
1.749097336626733467e+07
1.749099298364043981e+07
1.749118809526693448e+07
1.749118538640527800e+07
1.749107915165653825e+07
1.749084575426073000e+07
1.749046271597216651e+07
1.748970940444445238e+07
1.748907639023154974e+07
1.748806149364507943e+07
1.748721475699032098e+07
1.748621966100002453e+07
1.748523594094676524e+07
1.748444394237524271e+07
1.748423403837851435e+07
1.748428637650210410e+07
1.748504116537465155e+07
1.748635342900972441e+07
1.748802683332273737e+07
1.748974856879962981e+07
1.749153524588604644e+07
1.749265853556266427e+07
1.749317923942809179e+07
1.749302213720872253e+07
1.749237938403123245e+07
1.749191191725855693e+07
1.749137073488716409e+07
1.749081866617909819e+07
1.749050266223603860e+07
1.749035793411859125e+07
1.749041468369259313e+07
1.749030896860221773e+07
1.749019599315770715e+07
1.748983499324769154e+07
1.748883481021364406e+07
1.748740969468500093e+07
1.748586001010396332e+07
1.748447683899053931e+07
1.748350782754023373e+07
1.748312185517841950e+07
1.748362358830101416e+07
1.748480885409272462e+07
1.748642665332033858e+07
1.748828685928552225e+07
1.749013707399565727e+07
1.749162611893146113e+07
1.749270111016693711e+07
1.749343120123717189e+07
1.749347453380877152e+07
1.749294871447044984e+07
1.749180533922319859e+07
1.749022285732723773e+07
1.748899325883561745e+07
1.748833493689982966e+07
1.748809306097768620e+07
1.748807323821035400e+07
1.748807938516058400e+07
1.748786560462136939e+07
1.748713993157080561e+07
1.748586800598338246e+07
1.748400356601780653e+07
1.748173161126303673e+07
1.747981303959240764e+07
1.747845106802191585e+07
1.747795069547551125e+07
1.747853353860215098e+07
1.748011824089690670e+07
1.748246286014153063e+07
1.748517126174706221e+07
1.748769443307892606e+07
1.748988915080135688e+07
1.749140141743922234e+07
1.749191445484184101e+07
1.749144928367190808e+07
1.749038716468920931e+07
1.748949980213298649e+07
1.748868389555515349e+07
1.748768762791576609e+07
1.748730088408296555e+07
1.748754362778358161e+07
1.748830495996621251e+07
1.748902800208827853e+07
1.748886948739062622e+07
1.748794157012116536e+07
1.748611550094691664e+07
1.748381759402844310e+07
1.748154781619349867e+07
1.747967055617171898e+07
1.747865533837306499e+07
1.747899709264625609e+07
1.748012228920067474e+07
1.748216414867214859e+07
1.748480854232543707e+07
1.748747435069157183e+07
1.748962137169464678e+07
1.749046016810312867e+07
1.749032315575164184e+07
1.748952790188828856e+07
1.748836394448380545e+07
1.748710493858357519e+07
1.748623969807663932e+07
1.748581561395787448e+07
1.748575159052198753e+07
1.748625198304035887e+07
1.748725549410403520e+07
1.748867680053856224e+07
1.748992085967375711e+07
1.749035860340041295e+07
1.748945054308876395e+07
1.748742982705022022e+07
1.748461596286228299e+07
1.748165702930617332e+07
1.747936053124227747e+07
1.747825232630822808e+07
1.747828751869518682e+07
1.747951313750273734e+07
1.748150974420515820e+07
1.748390898278561980e+07
1.748623916778257117e+07
1.748793569398498163e+07
1.748861002458153293e+07
1.748831877167320251e+07
1.748722552452540398e+07
1.748549793113352358e+07
1.748359199430369958e+07
1.748254207047120854e+07
1.748292513944150507e+07
1.748447159849578142e+07
1.748654479569697008e+07
1.748858651712900400e+07
1.748979457668313384e+07
1.749022420147561654e+07
1.748951737844764441e+07
1.748788302994792536e+07
1.748522283455284312e+07
1.748197365215361491e+07
1.747883442352657020e+07
1.747644007263809815e+07
1.747529471395167708e+07
1.747591693535391614e+07
1.747794331348600239e+07
1.748060975278323889e+07
1.748368933837835118e+07
1.748639019880208001e+07
1.748812900737098232e+07
1.748868681425168365e+07
1.748780177188253775e+07
1.748614835099151731e+07
1.748428909109940752e+07
1.748315025294967368e+07
1.748261536000650376e+07
1.748273960385322943e+07
1.748369635229599103e+07
1.748544762048630416e+07
1.748750973960419744e+07
1.748927323191449046e+07
1.748996429953631014e+07
1.748942906687849015e+07
1.748779193687517196e+07
1.748524863842546940e+07
1.748237066472193971e+07
1.748006919639949501e+07
1.747885194788001105e+07
1.747908634786069021e+07
1.748028134370572492e+07
1.748240661234633625e+07
1.748525389929294214e+07
1.748803777081308886e+07
1.748978244126454741e+07
1.749007818539242819e+07
1.748901424904925749e+07
1.748692847480543703e+07
1.748424619486295059e+07
1.748183131624323130e+07
1.748029131795739383e+07
1.747992902044507116e+07
1.748105198527650535e+07
1.748323963615327701e+07
1.748597674722023681e+07
1.748865752336246148e+07
1.749051701932548732e+07
1.749122011861446500e+07
1.749073534679113328e+07
1.748920405732315406e+07
1.748682136078105494e+07
1.748439296609843895e+07
1.748231481662150100e+07
1.748175104899802431e+07
1.748186713995611295e+07
1.748308498200086504e+07
1.748506156656943634e+07
1.748739608469811827e+07
1.748951777097058669e+07
1.749061830089743435e+07
1.749048744407999143e+07
1.748884808185230941e+07
1.748644061061252281e+07
1.748419023021206260e+07
1.748219504888610542e+07
1.748079787521875277e+07
1.748043071365844831e+07
1.748145897126273811e+07
1.748319963416779414e+07
1.748521047082023695e+07
1.748697234356996417e+07
1.748820089268779382e+07
1.748849266431573778e+07
1.748791096521066129e+07
1.748652104348449036e+07
1.748448166395862401e+07
1.748275366354831308e+07
1.748163549833133817e+07
1.748160741416491941e+07
1.748283555764597654e+07
1.748459381645591184e+07
1.748692618293106928e+07
1.748892885133818164e+07
1.749031185519845039e+07
1.749070933966925740e+07
1.749027654678404331e+07
1.748848621125200018e+07
1.748614030010737851e+07
1.748369647200045735e+07
1.748191020356529951e+07
1.748103322590183839e+07
1.748163254056265578e+07
1.748294547056653351e+07
1.748497798265966028e+07
1.748675976741933078e+07
1.748814681223542616e+07
1.748836844968070835e+07
1.748833915234560892e+07
1.748734926439092681e+07
1.748641077194743603e+07
1.748423840101098269e+07
1.748241399849965796e+07
1.748278543395359442e+07
1.748281571988575906e+07
1.748410966844347492e+07
1.748559891673708707e+07
1.748740552341144904e+07
1.748891255319333822e+07
1.748962103741773218e+07
1.748933465729442984e+07
1.748802610107415542e+07
1.748610109001598880e+07
1.748377765922741964e+07
1.748136389941749349e+07
1.747973452291530743e+07
1.747937575363943726e+07
1.747984495321737602e+07
1.748077644442884997e+07
1.748234992765197903e+07
1.748420761547408625e+07
1.748575247823908180e+07
1.748686115624839813e+07
1.748714754414994642e+07
1.748681686915966868e+07
1.748639768314770609e+07
1.748632764788064361e+07
1.748582759944664687e+07
1.748466938631451502e+07
1.748405982078951970e+07
1.748452360340125486e+07
1.748552927851134539e+07
1.748630343774570152e+07
1.748700767207140103e+07
1.748701916607348993e+07
1.748622878316674754e+07
1.748484491967121512e+07
1.748303702066659555e+07
1.748103481955435500e+07
1.747927240702014416e+07
1.747840966468870267e+07
1.747850740150470287e+07
1.747937942986682057e+07
1.748074456398764998e+07
1.748245040213054791e+07
1.748414332785735279e+07
1.748543920557133481e+07
1.748602047764133662e+07
1.748645479382703826e+07
1.748680293055628985e+07
1.748713888259809092e+07
1.748732771601846814e+07
1.748642862424854934e+07
1.748534995858821645e+07
1.748472373660228029e+07
1.748430830804618821e+07
1.748498150729878992e+07
1.748551676531877741e+07
1.748578639354795590e+07
1.748569825117265806e+07
1.748520025084912032e+07
1.748402463714890182e+07
1.748238840602662414e+07
1.748079211190654337e+07
1.747963604788780212e+07
1.747903220599322394e+07
1.747877706027311459e+07
1.747894587057549879e+07
1.747940381799605489e+07
1.748016504142865911e+07
1.748109590128871426e+07
1.748194785918342695e+07
1.748271306403343007e+07
1.748333600642419234e+07
1.748412020400097594e+07
1.748480828267983347e+07
1.748526974739329889e+07
1.748514680276514962e+07
1.748461098406314477e+07
1.748405186158940941e+07
1.748374627204862237e+07
1.748396544124254212e+07
1.748391955905741826e+07
1.748334129025885463e+07
1.748283729085319489e+07
1.748223117650390416e+07
1.748140962672615796e+07
1.748027380005707592e+07
1.747915048190726712e+07
1.747783483990832046e+07
1.747665476505672559e+07
1.747564532642977312e+07
1.747519257489579543e+07
1.747521191257728264e+07
1.747567841239927709e+07
1.747666993095764518e+07
1.747842038347380608e+07
1.748016085058923066e+07
