2.319675190711762384e+07
2.319812717729562894e+07
2.319822039865643531e+07
2.319871630380333215e+07
2.319898351464125514e+07
2.319953126750302315e+07
2.319984071657426283e+07
2.320007201789567247e+07
2.320007186338835210e+07
2.320012282918475568e+07
2.319989121188292652e+07
2.319901472172890231e+07
2.319772852172640711e+07
2.319643681837359816e+07
2.319501139290829375e+07
2.319360674002412707e+07
2.319258788677467778e+07
2.319202465630206838e+07
2.319191308361512050e+07
2.319206016688483953e+07
2.319259779136580974e+07
2.319332690683181584e+07
2.319415847542776912e+07
2.319523893254695460e+07
2.319619601732176170e+07
2.319694065302271768e+07
2.319729179421851784e+07
2.319757802516805753e+07
2.319760159505834430e+07
2.319742198882811889e+07
2.319733061341440305e+07
2.319730407136147097e+07
2.319727181781043857e+07
2.319737591687344015e+07
2.319758569562556222e+07
2.319749406048272923e+07
2.319702113552385569e+07
2.319637411672563851e+07
2.319546115834114701e+07
2.319408167755996808e+07
2.319244881359108910e+07
2.319101391843484715e+07
2.318990323699146882e+07
2.318936211745628715e+07
2.318965547327745706e+07
2.319050103874843940e+07
2.319185350912406296e+07
2.319361166921486333e+07
2.319537161570748687e+07
2.319681317124256119e+07
2.319790210179039836e+07
2.319840217861730233e+07
2.319849075993866473e+07
2.319845163435282558e+07
2.319823181637902558e+07
2.319798467342244834e+07
2.319798138693818450e+07
2.319820655694537610e+07
2.319860564812705666e+07
2.319896812284724042e+07
2.319888749903592840e+07
2.319843948933235183e+07
2.319757751038438082e+07
2.319613112179884687e+07
2.319430092442566901e+07
2.319238703600586578e+07
2.319070950366944075e+07
2.318958512504447997e+07
2.318927357986114174e+07
2.318946426362935826e+07
2.319032251136342064e+07
2.319180791329778358e+07
2.319361057196565345e+07
2.319528018891068548e+07
2.319640435691963136e+07
2.319703939876437187e+07
2.319708073226581141e+07
2.319662176261109486e+07
2.319589988298816979e+07
2.319511726012413576e+07
2.319467408318682387e+07
2.319472447010081634e+07
2.319525720867040753e+07
2.319593248331288621e+07
2.319649278908945620e+07
2.319670312817984819e+07
2.319649783232785761e+07
2.319558070399546251e+07
2.319383852333901823e+07
2.319163993457818776e+07
2.318940544859324768e+07
2.318741702091528103e+07
2.318625443910246342e+07
2.318603536832519993e+07
2.318681928381733596e+07
2.318854190076715872e+07
2.319091411531567946e+07
2.319333189369947836e+07
2.319527397650573775e+07
2.319652046119207889e+07
2.319702794071147963e+07
2.319669558542475104e+07
2.319586871015762165e+07
2.319482844644616172e+07
2.319407947142894939e+07
2.319389687038847059e+07
2.319456847478401661e+07
2.319576195214244723e+07
2.319709098753330112e+07
2.319843690621882305e+07
2.319931902646388859e+07
2.319924867372193560e+07
2.319820794206606224e+07
2.319651773366580904e+07
2.319465115054512769e+07
2.319264663811514527e+07
2.319117993570224568e+07
2.319059433867649361e+07
2.319119629726190865e+07
2.319275041984732822e+07
2.319491601262019575e+07
2.319734868894423172e+07
2.319954189032560214e+07
2.320150455556466058e+07
2.320223369378843904e+07
2.320168984302768856e+07
2.320028953969064355e+07
2.319853552156594023e+07
2.319685990673710033e+07
2.319573493100404739e+07
2.319560012730024755e+07
2.319646134375096485e+07
2.319802595326551050e+07
2.319983747599583864e+07
2.320146973951711133e+07
2.320249449068589509e+07
2.320236879057916626e+07
2.320110275358230621e+07
2.319890177064299956e+07
2.319597095114380494e+07
2.319335148498180136e+07
2.319158276204982400e+07
2.319093871920624748e+07
2.319148554722042382e+07
2.319313236075647920e+07
2.319541710859618336e+07
2.319777795516965166e+07
2.319990122216261178e+07
2.320119079380059987e+07
2.320170189740710706e+07
2.320101124680159986e+07
2.319939591500370577e+07
2.319735510303808004e+07
2.319608868562229723e+07
2.319583240544281527e+07
2.319621851281061023e+07
2.319743733411136642e+07
2.319963705634782836e+07
2.320216755382600054e+07
2.320403320477988943e+07
2.320483875828856975e+07
2.320442386874050274e+07
2.320248396246911213e+07
2.319942867319998145e+07
2.319633792337604985e+07
2.319386830254780129e+07
2.319248589958311990e+07
2.319212493889318779e+07
2.319293961264064535e+07
2.319458312201942131e+07
2.319661168157120049e+07
2.319887697923615947e+07
2.320051042892051116e+07
2.320069859400240704e+07
2.319983107867717370e+07
2.319805117710172385e+07
2.319571254042536393e+07
2.319349704249466583e+07
2.319206053935302421e+07
2.319154022543575987e+07
2.319225261989640072e+07
2.319379072873444855e+07
2.319610665413656458e+07
2.319849880841211230e+07
2.320054238426413015e+07
2.320128829944163561e+07
2.320056023140390217e+07
2.319849056466200575e+07
2.319591152341483906e+07
2.319339550146691874e+07
2.319152943612541631e+07
2.319076030921160802e+07
2.319201359424437582e+07
2.319317403738689423e+07
2.319552623095080629e+07
2.319822568070079759e+07
2.320047774717786908e+07
2.320151401528346911e+07
2.320110405967432633e+07
2.319955938354831561e+07
2.319747012104231119e+07
2.319522373946930841e+07
2.319304771719536185e+07
2.319138014069010317e+07
2.319082085072657093e+07
2.319168150313167274e+07
2.319394823104541376e+07
2.319637050865740329e+07
2.319875031113455817e+07
2.320029241156188026e+07
2.320041769154628366e+07
2.319955523398444429e+07
2.319833460945876315e+07
2.319676378756456077e+07
2.319507988044618815e+07
2.319390430327916145e+07
2.319371778938151896e+07
2.319451290550899506e+07
2.319620235467403755e+07
2.319856281695693731e+07
2.320088707145028934e+07
2.320209366072501615e+07
2.320211635555400327e+07
2.320068289508342743e+07
2.319816803759218380e+07
2.319535060851590335e+07
2.319311643723531440e+07
2.319103179656400904e+07
2.318982386448625103e+07
2.318973960746524110e+07
2.319077723778706789e+07
2.319269194002839923e+07
2.319511670434004441e+07
2.319734999034675956e+07
2.319866376431934163e+07
2.319863917440098152e+07
2.319802599196147174e+07
2.319659593582399935e+07
2.319525153520724922e+07
2.319383875373076648e+07
2.319147396804794297e+07
2.319534861744977161e+07
2.319616702966189012e+07
2.319847236100732535e+07
2.320006378453736380e+07
2.320160505653455108e+07
2.320172501695219800e+07
2.320107504233912751e+07
2.319902092196940631e+07
2.319648790665301681e+07
2.319368877709671482e+07
2.319140857630463317e+07
2.318948679388445988e+07
2.318885435952365026e+07
2.318921072906770185e+07
2.319045625076183304e+07
2.319205425257573277e+07
2.319394283898045868e+07
2.319519733591848984e+07
2.319584369399331883e+07
2.319575437277951837e+07
2.319541233175143227e+07
2.319462175471710414e+07
2.319385019458023459e+07
2.319357455984201282e+07
2.319392903539909795e+07
2.319464974217882380e+07
2.319586401639461890e+07
2.319721481995776296e+07
2.319842152115430683e+07
2.319908474783671647e+07
2.319874952373682335e+07
2.319734962422100827e+07
2.319539874583154544e+07
2.319318919075947255e+07
2.319081104341778532e+07
2.318879413694131374e+07
2.318759397827399522e+07
2.318747173488035053e+07
2.318805457158275694e+07
2.318911710204960033e+07
2.319034777865793556e+07
2.319146140097111091e+07
2.319227667178730294e+07
2.319300342724754661e+07
2.319344269943865761e+07
2.319339242887394875e+07
2.319291682192878798e+07
2.319285068401534110e+07
2.319306618527957797e+07
2.319359510818006471e+07
2.319427223019282892e+07
2.319512531730034947e+07
2.319602802749123052e+07
2.319676915434926003e+07
2.319692045554442331e+07
2.319652918477601185e+07
2.319507489138503000e+07
2.319278257403669879e+07
2.319053428889210895e+07
2.318829580272334069e+07
2.318661863235933334e+07
2.318587553475685045e+07
2.318556101491807774e+07
2.318584845785977319e+07
2.318681995404559001e+07
2.318815209940261766e+07
2.318939030717274919e+07
2.319073181425226852e+07
2.319166886955065653e+07
2.319207302692168951e+07
2.319237268687199429e+07
2.319271356746790186e+07
2.319304366595716029e+07
2.319332176761266217e+07
2.319324944886967912e+07
2.319325284745151922e+07
2.319328032781866193e+07
2.319342638498129323e+07
2.319318155483463779e+07
2.319269754254410788e+07
2.319171735597870126e+07
2.319050822497144341e+07
2.318887474835142493e+07
2.318720644023197889e+07
2.318547600831477717e+07
2.318418868151087686e+07
2.318301122755237669e+07
2.318246004475576431e+07
2.318218953653950244e+07
2.318268385473057628e+07
2.318330334571386501e+07
2.318467705489473790e+07
2.318562287237337977e+07
2.318714715248354152e+07
2.318759581979617476e+07
