8.357903710172927938e+06
8.358896827119751833e+06
8.359201744129655883e+06
8.359594568071286194e+06
8.359733449791016057e+06
8.360204357122182846e+06
8.360513502551873215e+06
8.360631569008780643e+06
8.360590006457918324e+06
8.360397452502892353e+06
8.359899855934286490e+06
8.359116136945254169e+06
8.357843168525980785e+06
8.356709175060800277e+06
8.355539728479899466e+06
8.354229273394726217e+06
8.353218801438412629e+06
8.352486368418255821e+06
8.352095448041272350e+06
8.352263003424942493e+06
8.353076658181049861e+06
8.354105905938542448e+06
8.355375862188795581e+06
8.356764144047074951e+06
8.358111073105547577e+06
8.359097698887340724e+06
8.359629477798070759e+06
8.360024379747919738e+06
8.360118737962916493e+06
8.359986724694645964e+06
8.359986111099180765e+06
8.360084900566473603e+06
8.360127061348537914e+06
8.360287543294669129e+06
8.360440435921535827e+06
8.360144119829942472e+06
8.359454337704735808e+06
8.358600724876627326e+06
8.357454307986908592e+06
8.355884691018684767e+06
8.354223015596255660e+06
8.352799932996953838e+06
8.351725678668184206e+06
8.351171957448566332e+06
8.351550515821930952e+06
8.352401851316386834e+06
8.353746446421007626e+06
8.355619307903958485e+06
8.357407825914909132e+06
8.358793763227697462e+06
8.359896014394735917e+06
8.360307195185209624e+06
8.360203037602950819e+06
8.359980831149057485e+06
8.359486860767715611e+06
8.359085897847097367e+06
8.359115881529174745e+06
8.359296632637188770e+06
8.359785213039103895e+06
8.360333369484512135e+06
8.360293606093337759e+06
8.359947317588201724e+06
8.359311636931863613e+06
8.357822651090614498e+06
8.355912392792286351e+06
8.353802937362925150e+06
8.351783455970798619e+06
8.350502099421377294e+06
8.350143486284854822e+06
8.350505378217867576e+06
8.351789159730099142e+06
8.353719087947276421e+06
8.355986177957165055e+06
8.358047717048339546e+06
8.359409642500115559e+06
8.360308606798186898e+06
8.360437388068987057e+06
8.359935635773196816e+06
8.359190048560406081e+06
8.358393280207094736e+06
8.358009139977868646e+06
8.358060077733369544e+06
8.358677139176772907e+06
8.359530092726068571e+06
8.360351921736350283e+06
8.360696940077897161e+06
8.360544637966226786e+06
8.359567192170798779e+06
8.357699215211561881e+06
8.355315868456300348e+06
8.352848076566777192e+06
8.350641023999684490e+06
8.349420838927260600e+06
8.349308449809193611e+06
8.350043834249183536e+06
8.351825690992769785e+06
8.354261020517501049e+06
8.356727597920073196e+06
8.358666921231690794e+06
8.359933262324340641e+06
8.360431970519496128e+06
8.359968932591606863e+06
8.358946078970940784e+06
8.357679625490562059e+06
8.356741918792452663e+06
8.356431866952894256e+06
8.357009746479833499e+06
8.358142681828404777e+06
8.359446616521196440e+06
8.360742901070793159e+06
8.361538634603060782e+06
8.361292424752401188e+06
8.359951642354399897e+06
8.357808100043297745e+06
8.355067618207644671e+06
8.352259159912985750e+06
8.350329599777490832e+06
8.349421653911017813e+06
8.349514136950201355e+06
8.350834342031806707e+06
8.353141564145567827e+06
8.355761130485840142e+06
8.358168830175999552e+06
8.359953692093311809e+06
8.360752400360587053e+06
8.360362656550529413e+06
8.359251506626931019e+06
8.357655469236562960e+06
8.356126999139580876e+06
8.355193120856300928e+06
8.355321796613409184e+06
8.356283954816529527e+06
8.357877338464638218e+06
8.359790040800782852e+06
8.361538175820739008e+06
8.362405112025571056e+06
8.361909918397251517e+06
8.360307281248074956e+06
8.357823023521958850e+06
8.354767205981177278e+06
8.352176641946735792e+06
8.350532738705678843e+06
8.349835988961555064e+06
8.350452564651636407e+06
8.352459091575745493e+06
8.355088451172973029e+06
8.357682568158077076e+06
8.359817184034961276e+06
8.361026369294390082e+06
8.360967225988119841e+06
8.359967290411383845e+06
8.358206666030784138e+06
8.356120091769777238e+06
8.354483159401440062e+06
8.353970444175585173e+06
8.354443174782903865e+06
8.355667010162582621e+06
8.357801860969522968e+06
8.360304442595415749e+06
8.362100278141731396e+06
8.362648680494818836e+06
8.362017143073447980e+06
8.360134704705862328e+06
8.357476030364484526e+06
8.354691493606668897e+06
8.352399678961306810e+06
8.351171281037652865e+06
8.350996918902094476e+06
8.352319114140718244e+06
8.354582230863724835e+06
8.356967942464915104e+06
8.359486428064133972e+06
8.361245588858822361e+06
8.361549464365587570e+06
8.360787268025065772e+06
8.359153188740530051e+06
8.356704699468342587e+06
8.354453755162454210e+06
8.353055773944195360e+06
8.352656682721307501e+06
8.353404636121314019e+06
8.355193133076227270e+06
8.357851226414934732e+06
8.360355228815798648e+06
8.361970048493358307e+06
8.362398979450185783e+06
8.361617402209622785e+06
8.359755702187616378e+06
8.357357494057225995e+06
8.355047905155873857e+06
8.353185523213715293e+06
8.352631399331617169e+06
8.353773740161815658e+06
8.354836013735144399e+06
8.357209848809595220e+06
8.359589713098398410e+06
8.361489757911344059e+06
8.362196903743264265e+06
8.361763096575562842e+06
8.360186980901815929e+06
8.358007458200392313e+06
8.355291539445857517e+06
8.353069611046493053e+06
8.351941172338564880e+06
8.351781863827430643e+06
8.352799753735363483e+06
8.355169458370127715e+06
8.357750195280870423e+06
8.360108719078793190e+06
8.361603296091868542e+06
8.361672176673798822e+06
8.360587179550982080e+06
8.359035846258388832e+06
8.357152745991311967e+06
8.355287216581070796e+06
8.354216552802494727e+06
8.354407833402993158e+06
8.355498418723113835e+06
8.357249096419675276e+06
8.359311285818339325e+06
8.361382092126164585e+06
8.362455808734230697e+06
8.362427822818507440e+06
8.361263045802211389e+06
8.359175069664970040e+06
8.356472980623422191e+06
8.353949627126025967e+06
8.351890003899271600e+06
8.350904231102677993e+06
8.351150184642729349e+06
8.352614663562095724e+06
8.354877538224691525e+06
8.357288763203774579e+06
8.359287674266747199e+06
8.360519838358213194e+06
8.360493432389350608e+06
8.359822484019316733e+06
8.358595402933422476e+06
8.357199763404550031e+06
8.355868636997667141e+06
8.357008118750731461e+06
8.356371753708837554e+06
8.357979778542964719e+06
8.359566311545768753e+06
8.361521627948487177e+06
8.362850384496845305e+06
8.363413055734939873e+06
8.362544151728105731e+06
8.360882109242511913e+06
8.358305634241658263e+06
8.355748198070540093e+06
8.353439577433253638e+06
8.351675064974894747e+06
8.350993773070971482e+06
8.351679726210685447e+06
8.353040138566239737e+06
8.354954873967662454e+06
8.357054150607173331e+06
8.358683074983537197e+06
8.359505560077466071e+06
8.359460347619572654e+06
8.359002008567874320e+06
8.358204131408560090e+06
8.357247115024111234e+06
8.357106483805323951e+06
8.357666782390640117e+06
8.358498649676548317e+06
8.359852386227825657e+06
8.361377879390931688e+06
8.362619581983804703e+06
8.363508030277481303e+06
8.363292488456742838e+06
8.361943909317691810e+06
8.360106903447334655e+06
8.357871892110333778e+06
8.355479462063627318e+06
8.353407342478299513e+06
8.351939442758614197e+06
8.351608422162585892e+06
8.352260969446831383e+06
8.353338280692048371e+06
8.354799281690122560e+06
8.356400431936967187e+06
8.357632133349644952e+06
8.358412261230468750e+06
8.358651222081087530e+06
8.358397907318989746e+06
8.358232281802202575e+06
8.358185026113486849e+06
8.358436020293894224e+06
8.359063220115294680e+06
8.359936924321700819e+06
8.361081722904739901e+06
8.362177131062997505e+06
8.362967324406632222e+06
8.363146331669872627e+06
8.362535595093936659e+06
8.361055357641428709e+06
8.359324052467881702e+06
8.357484438684470952e+06
8.355413496229580604e+06
8.353627686751782894e+06
8.352633195621305145e+06
8.352259985502047464e+06
8.352378498731826432e+06
8.353113512575285509e+06
8.354104584000497125e+06
8.355266410931644961e+06
8.356433442839539610e+06
8.357289258546265773e+06
8.357589502266931348e+06
8.357939150413131341e+06
8.358343134002322331e+06
8.358701863717748784e+06
8.359074817311585881e+06
8.359694440358339809e+06
8.360378296419466846e+06
8.361164161007262766e+06
8.361861144839892164e+06
8.362083732875990681e+06
8.361945610028335825e+06
8.361329046708946116e+06
8.360274979921096005e+06
8.358983055434227921e+06
8.357371804964145645e+06
8.355771523527465761e+06
8.354302756724284962e+06
8.353228973563080654e+06
8.352433911953585222e+06
8.352329893959433772e+06
8.352484721386248246e+06
8.353217651572657749e+06
8.354225106216123328e+06
8.355493660599336959e+06
8.356256013935850933e+06
8.357468906275100075e+06
