2.283115047231666371e+07
2.283305744750719890e+07
2.283436036209762469e+07
2.283556187399181724e+07
2.283527608392428979e+07
2.283475419897958264e+07
2.283412098236845434e+07
2.283451057433824986e+07
2.283523942484359816e+07
2.283550788639103249e+07
2.283576897520152852e+07
2.283511154918709025e+07
2.283343376553694904e+07
2.283180061027436703e+07
2.283124060414676741e+07
2.283002397244492918e+07
2.282876531394486874e+07
2.282816145876940712e+07
2.282708485975950956e+07
2.282674809165544435e+07
2.282658293391434848e+07
2.282696127128899843e+07
2.282812556725459918e+07
2.282931678889947757e+07
2.283041062562216446e+07
2.283154674841254577e+07
2.283209671654994041e+07
2.283251636517409608e+07
2.283296638413461670e+07
2.283325066594918072e+07
2.283328736667631939e+07
2.283303883026484028e+07
2.283272641944186389e+07
2.283289585413527489e+07
2.283338102173019573e+07
2.283303595243388414e+07
2.283218596975650266e+07
2.283159460414479673e+07
2.283059762831149623e+07
2.282917648145266622e+07
2.282774466676346585e+07
2.282651916698155925e+07
2.282564211090923473e+07
2.282550991002918035e+07
2.282551266869910806e+07
2.282571860297004133e+07
2.282640096976294369e+07
2.282803936815594509e+07
2.282992847937928885e+07
2.283167887796062976e+07
2.283290122616836801e+07
2.283429013684648648e+07
2.283507307835170254e+07
2.283521637533102185e+07
2.283518613667315245e+07
2.283421767821589485e+07
2.283337382508162037e+07
2.283291288670971990e+07
2.283330404905794561e+07
2.283395569707980379e+07
2.283460090673275292e+07
2.283514906588327885e+07
2.283476704517482221e+07
2.283397960022334382e+07
2.283275744769450277e+07
2.283049203960612044e+07
2.282788561031924933e+07
2.282546351663978770e+07
2.282399446884495765e+07
2.282339915826840326e+07
2.282442171400092170e+07
2.282658345454165339e+07
2.282885893755939975e+07
2.283080863879399374e+07
2.283224420794594288e+07
2.283310600103148073e+07
2.283349751629932970e+07
2.283334086104920506e+07
2.283304351100872084e+07
2.283269353064775094e+07
2.283277957381150872e+07
2.283321275637841597e+07
2.283366653398549557e+07
2.283465537855964899e+07
2.283496804107449204e+07
2.283533904511209205e+07
2.283495450871159509e+07
2.283376249984696135e+07
2.283199796354684979e+07
2.282952446238862351e+07
2.282639225608875975e+07
2.282355259852980822e+07
2.282174470773303881e+07
2.282080617295448110e+07
2.282098328958486393e+07
2.282201265883982182e+07
2.282384502643613145e+07
2.282625429915694520e+07
2.282885682312475890e+07
2.283056735410751775e+07
2.283183443507751450e+07
2.283269267138469219e+07
2.283289747310246155e+07
2.283202134083610028e+07
2.283087568197550252e+07
2.283018872314658761e+07
2.283025881345048919e+07
2.283106282005466521e+07
2.283189940097440779e+07
2.283266248366366327e+07
2.283343889443890005e+07
2.283347738018613309e+07
2.283279012076520547e+07
2.283113067452449352e+07
2.282865330728334561e+07
2.282561019675128907e+07
2.282282318121370301e+07
2.282077909243496880e+07
2.281997677188085765e+07
2.282031194817197323e+07
2.282186971733602881e+07
2.282422040434804186e+07
2.282676152843725309e+07
2.282942575538875535e+07
2.283206548278496042e+07
2.283275268796505779e+07
2.283183735307830572e+07
2.283014207127084956e+07
2.282815739278950915e+07
2.282644012619269639e+07
2.282554216460380703e+07
2.282567923775328323e+07
2.282690362228694186e+07
2.282871775741466135e+07
2.283057475773390383e+07
2.283204686449508369e+07
2.283280401872880384e+07
2.283283964016586542e+07
2.283211533186458051e+07
2.283022518543852866e+07
2.282798905318960920e+07
2.282552319446818903e+07
2.282381242281770706e+07
2.282307107489893213e+07
2.282374051860414445e+07
2.282556976353244111e+07
2.282891756742595881e+07
2.283187916864911839e+07
2.283328757168957591e+07
2.283368615102776885e+07
2.283303941623678431e+07
2.283137077689315379e+07
2.282927969957396761e+07
2.282700271528238058e+07
2.282541912982884049e+07
2.282479798586528376e+07
2.282533043994733319e+07
2.282703174294155464e+07
2.283019835311082751e+07
2.283297947418655455e+07
2.283420043239412829e+07
2.283408638273408636e+07
2.283252284585291147e+07
2.282977193907045200e+07
2.282683446335624903e+07
2.282425175318914279e+07
2.282223090777207166e+07
2.282101459811538085e+07
2.282106016817424074e+07
2.282240160966929048e+07
2.282457449594891816e+07
2.282704336790128425e+07
2.282978590095228702e+07
2.283161453321826458e+07
2.283156332703016698e+07
2.283010414208050445e+07
2.282795790795138851e+07
2.282567245376967266e+07
2.282391912493850291e+07
2.282304998004719242e+07
2.282315643281878904e+07
2.282415998451419547e+07
2.282599824614105746e+07
2.282818271996161342e+07
2.283027263536696136e+07
2.283186808913603425e+07
2.283256929077795148e+07
2.283138660043919086e+07
2.282894746613844857e+07
2.282609697344883531e+07
2.282384253462674841e+07
2.282238530201380327e+07
2.282300845712372661e+07
2.282269496268345416e+07
2.282429192139931023e+07
2.282634142144032568e+07
2.282862178496836871e+07
2.283040097306295112e+07
2.283156017094920576e+07
2.283106914109950885e+07
2.282880938213460147e+07
2.282580773675449193e+07
2.282336681770457700e+07
2.282162359070096537e+07
2.282103277946728840e+07
2.282153387901858240e+07
2.282321008153687045e+07
2.282537976883440092e+07
2.282786969583258778e+07
2.282981503429218382e+07
2.283109294940551743e+07
2.283170199946160614e+07
2.283110904611811042e+07
2.282936470445364714e+07
2.282742428785184771e+07
2.282608801592529193e+07
2.282606196039397642e+07
2.282665771952224895e+07
2.282791355251755193e+07
2.282965708335184306e+07
2.283141929877752811e+07
2.283282283180429414e+07
2.283403232612365112e+07
2.283434555428334326e+07
2.283369489299428090e+07
2.283144748167141154e+07
2.282877502647040039e+07
2.282638771622130275e+07
2.282484835261299834e+07
2.282402364258014411e+07
2.282432860263633728e+07
2.282550799576792121e+07
2.282747008661238104e+07
2.282942036242649704e+07
2.283103711951662228e+07
2.283216028757537529e+07
2.283246350651315972e+07
2.283111508833295479e+07
2.282973746865688637e+07
2.282800394031192735e+07
2.282876028179578856e+07
2.282725438727354631e+07
2.282821026464741305e+07
2.282927521540113911e+07
2.283108449126264453e+07
2.283251708752316236e+07
2.283413795031386241e+07
2.283451214685565978e+07
2.283348395947996154e+07
2.283119927934845909e+07
2.282849857813410833e+07
2.282579897615274787e+07
2.282411960137004033e+07
2.282344472288803011e+07
2.282343376710817590e+07
2.282420385119972751e+07
2.282560642293882370e+07
2.282748248080745712e+07
2.282911898756561428e+07
2.283039189116734639e+07
2.283159957458420843e+07
2.283214594848493114e+07
2.283130250229528174e+07
2.283004105368011072e+07
2.282973977442738414e+07
2.283013024176659063e+07
2.283139616169411317e+07
2.283260766697954759e+07
2.283366297889780253e+07
2.283453928049590811e+07
2.283513959088570252e+07
2.283552503688183799e+07
2.283539254326438904e+07
2.283472801496271417e+07
2.283275597435279936e+07
2.283019116684653983e+07
2.282768454406294227e+07
2.282557230392451212e+07
2.282364190036496893e+07
2.282290334619028121e+07
2.282320329638564214e+07
2.282394869670214504e+07
2.282518375586223230e+07
2.282680867367277667e+07
2.282785054355543479e+07
2.282809898739547282e+07
2.282831918278633803e+07
2.282852151927428320e+07
2.282840710931703448e+07
2.282815041996767744e+07
2.282878169023701921e+07
2.282976628517169133e+07
2.283132468546224385e+07
2.283275059504349157e+07
2.283403855111793056e+07
2.283484779282654449e+07
2.283446537677163258e+07
2.283388130490175262e+07
2.283263788215563446e+07
2.283054508507892489e+07
2.282798436660539731e+07
2.282579135443913937e+07
2.282396807403166220e+07
2.282287920963072777e+07
2.282230112410637364e+07
2.282247362614228576e+07
2.282344550233346224e+07
2.282584770923113078e+07
2.282777741454732418e+07
2.282940582713865116e+07
2.283047441678135470e+07
2.283058825958970934e+07
2.283100058465902135e+07
2.283189591239940375e+07
2.283283293169720843e+07
2.283291309492603689e+07
2.283281563351920620e+07
2.283345229287863150e+07
2.283417183498451114e+07
2.283501551532358676e+07
2.283531758783253282e+07
2.283531429607484490e+07
2.283418862892920151e+07
2.283257585331980512e+07
2.283118924051746354e+07
2.282987467278595641e+07
2.282865085410743579e+07
2.282756162777466327e+07
2.282667351091254875e+07
2.282647711942645162e+07
2.282683703395409137e+07
2.282743874391231313e+07
2.282792574567146227e+07
2.282854697418710962e+07
2.282885085916761681e+07
2.282979361619810015e+07
