2.532722972066748142e+07
2.532865084828038141e+07
2.532882762487436086e+07
2.532933967687950283e+07
2.532950882923409343e+07
2.532996979161004350e+07
2.533024632157608122e+07
2.533041259227452800e+07
2.533032872205296159e+07
2.533014592900684848e+07
2.532968526650736853e+07
2.532893084380584955e+07
2.532776277461224049e+07
2.532666013100323826e+07
2.532544062553852797e+07
2.532428526293179020e+07
2.532330409054828808e+07
2.532263396380946785e+07
2.532229503063633665e+07
2.532248308902632445e+07
2.532328052884308621e+07
2.532435021640184522e+07
2.532565222591244057e+07
2.532716781094576791e+07
2.532859344534000009e+07
2.532960658491816744e+07
2.532999726971352473e+07
2.533025174693556130e+07
2.533025407223768905e+07
2.533009470155044645e+07
2.533001982506578788e+07
2.533005756012202427e+07
2.533006797160580009e+07
2.533010269543727860e+07
2.533014677501080185e+07
2.532985461961396039e+07
2.532910919427398965e+07
2.532808280367660895e+07
2.532678037354370952e+07
2.532523487690910324e+07
2.532362538656528667e+07
2.532217369225617126e+07
2.532100273588648811e+07
2.532050203221250325e+07
2.532086166235704720e+07
2.532164943966389075e+07
2.532295156964264438e+07
2.532465908530740067e+07
2.532637395595545694e+07
2.532781113337932900e+07
2.532888779259483516e+07
2.532939935761488974e+07
2.532941780178324133e+07
2.532921647655979544e+07
2.532888038172775507e+07
2.532858652912489697e+07
2.532859154790277779e+07
2.532879143411359191e+07
2.532922626933130249e+07
2.532958300280884653e+07
2.532951777017389610e+07
2.532920762414126098e+07
2.532852494311768934e+07
2.532717568924383819e+07
2.532535345136686042e+07
2.532338371940500662e+07
2.532152923473754525e+07
2.532023518321843073e+07
2.531981310319327563e+07
2.532026500514058769e+07
2.532153809448277205e+07
2.532349093279478326e+07
2.532573127430824935e+07
2.532776750580224767e+07
2.532922370870267972e+07
2.533006978913979977e+07
2.533028370425270870e+07
2.532993240091723576e+07
2.532932077081695199e+07
2.532870446916372702e+07
2.532837917566910386e+07
2.532846659484610707e+07
2.532907992191486433e+07
2.532993125845336169e+07
2.533065580354610085e+07
2.533102772990759090e+07
2.533086918295288458e+07
2.532986175051094219e+07
2.532791817885161564e+07
2.532548608645519987e+07
2.532303334704278409e+07
2.532080931141706556e+07
2.531949710646276921e+07
2.531929352199684083e+07
2.532013495759975910e+07
2.532191944605136663e+07
2.532438211058278382e+07
2.532678784005316347e+07
2.532867128355911374e+07
2.532997503505972773e+07
2.533044278856619820e+07
2.532994291560696810e+07
2.532889139555129036e+07
2.532773793387731537e+07
2.532692646171458438e+07
2.532664942183289677e+07
2.532726168511715904e+07
2.532837192780444399e+07
2.532954831313990057e+07
2.533074902932636812e+07
2.533145471846097708e+07
2.533116811861310899e+07
2.532988611218420789e+07
2.532769355286982283e+07
2.532496037625957653e+07
2.532214500447618216e+07
2.532002708530895039e+07
2.531885700133334100e+07
2.531880701409636810e+07
2.532004310621827468e+07
2.532232878760172799e+07
2.532495337242409214e+07
2.532726109056676924e+07
2.532904386282455921e+07
2.532983801286213472e+07
2.532966045065172017e+07
2.532871297754193097e+07
2.532735067264806852e+07
2.532586511800220981e+07
2.532493394651931897e+07
2.532498814652058110e+07
2.532582781142424420e+07
2.532724903087969497e+07
2.532902793722055107e+07
2.533066011988216639e+07
2.533142138232175261e+07
2.533097051739317179e+07
2.532936756372911483e+07
2.532700082485104725e+07
2.532413300218431279e+07
2.532168735943808034e+07
2.532004967258612812e+07
2.531945180900596827e+07
2.532000809870896488e+07
2.532178618324020877e+07
2.532427634471780062e+07
2.532680662485903129e+07
2.532889285071939975e+07
2.533010225461964309e+07
2.533018414995783195e+07
2.532927063619640097e+07
2.532769271334548667e+07
2.532586187424888834e+07
2.532436704824908823e+07
2.532383113929779455e+07
2.532416462145818770e+07
2.532518514151028171e+07
2.532713922054551914e+07
2.532941805381577462e+07
2.533100335990716144e+07
2.533146635744600371e+07
2.533090818414280564e+07
2.532922055588872358e+07
2.532639055627566576e+07
2.532357457108850032e+07
2.532132505336571857e+07
2.531993862938066572e+07
2.531969280037866160e+07
2.532085077818472683e+07
2.532290084049914032e+07
2.532523619079564139e+07
2.532760307054189220e+07
2.532939177274689451e+07
2.532998845139190927e+07
2.532931988743634149e+07
2.532773679432888702e+07
2.532552895355425775e+07
2.532335445414688066e+07
2.532199147026332468e+07
2.532159585625892878e+07
2.532238962479059771e+07
2.532418582997407764e+07
2.532671634267321602e+07
2.532909143025338277e+07
2.533072671695864946e+07
2.533116434148643911e+07
2.533038970959204063e+07
2.532843601174420491e+07
2.532596032448775694e+07
2.532354655171570554e+07
2.532176093450054526e+07
2.532107030219638720e+07
2.532218543089482933e+07
2.532333679352487996e+07
2.532571020650877059e+07
2.532795521161030233e+07
2.532973272349942476e+07
2.533045868694149703e+07
2.533010947663484141e+07
2.532868919638368487e+07
2.532659162017722428e+07
2.532398223972472921e+07
2.532174775486698747e+07
2.532043101516994461e+07
2.532018115749515593e+07
2.532119048964616656e+07
2.532352429026822373e+07
2.532605420911285654e+07
2.532828997855154052e+07
2.532977509020278230e+07
2.533001460521528497e+07
2.532895018543436006e+07
2.532737251738661528e+07
2.532550690160046518e+07
2.532382687536650151e+07
2.532288382715429366e+07
2.532309762761838362e+07
2.532420821983253583e+07
2.532584593912185356e+07
2.532763953565708175e+07
2.532934413920650259e+07
2.533026602286498621e+07
2.533022266437195987e+07
2.532911755488732085e+07
2.532718844985970482e+07
2.532462906730638817e+07
2.532222648116787523e+07
2.532021882852174342e+07
2.531925503745709360e+07
2.531943296096641198e+07
2.532098777486123890e+07
2.532315292378660664e+07
2.532536300006524846e+07
2.532705747641611844e+07
2.532831190666973218e+07
2.532843068390103057e+07
2.532801631588108838e+07
2.532679282380870357e+07
2.532563568318715692e+07
2.532428648826257512e+07
2.532495467847597599e+07
2.532465262776636705e+07
2.532607170709689707e+07
2.532772269326142594e+07
2.532964510392046347e+07
2.533091133736658096e+07
2.533141248558620363e+07
2.533066949805662781e+07
2.532888698842008039e+07
2.532636432467414811e+07
2.532391881117430329e+07
2.532180978390358016e+07
2.532015880810205266e+07
2.531939699774027988e+07
2.531983308769713715e+07
2.532112140733265132e+07
2.532294606703449413e+07
2.532487567849539965e+07
2.532644190165654197e+07
2.532727483961731568e+07
2.532727358127538487e+07
2.532677632519861311e+07
2.532599069951852784e+07
2.532522638987166807e+07
2.532519430922276899e+07
2.532571432631763816e+07
2.532657407771268114e+07
2.532783060503948852e+07
2.532935965034276620e+07
2.533058716045460850e+07
2.533127479691798612e+07
2.533101647078894451e+07
2.532975181945589557e+07
2.532785643617462739e+07
2.532563378929396346e+07
2.532334023801454529e+07
2.532136672605875880e+07
2.531995710736490041e+07
2.531965927024604008e+07
2.532028508930786327e+07
2.532142409763393179e+07
2.532280366716221720e+07
2.532419837796389684e+07
2.532528227490031347e+07
2.532604276021689922e+07
2.532626162800424546e+07
2.532607144127858058e+07
2.532588402066542953e+07
2.532595491750938818e+07
2.532629081353584304e+07
2.532687332838317752e+07
2.532774364000336081e+07
2.532882182240050286e+07
2.532985873200016469e+07
2.533054800635157153e+07
2.533066859700855613e+07
2.533003250697280094e+07
2.532861859817669913e+07
2.532683573783034831e+07
2.532496652568358928e+07
2.532295055713716894e+07
2.532129592314676195e+07
2.532028869150090218e+07
2.531991387818984315e+07
2.532003149376861379e+07
2.532068048936874792e+07
2.532164074203019217e+07
2.532266588343474269e+07
2.532370325349895284e+07
2.532445826589411870e+07
2.532481410492863879e+07
2.532519060860758275e+07
2.532559608316568285e+07
2.532605328130286187e+07
2.532649809502454847e+07
2.532715103878242895e+07
2.532781751194869354e+07
2.532859129334599525e+07
2.532924838268474862e+07
2.532955164331443980e+07
2.532939833297424763e+07
2.532880470160133764e+07
2.532777782243308052e+07
2.532649619167375937e+07
2.532496627211081609e+07
2.532346173407575488e+07
2.532206831433689594e+07
2.532102726825248823e+07
2.532028985288682953e+07
2.532012738131923229e+07
2.532028560601214319e+07
2.532096965596831217e+07
2.532187029373751208e+07
2.532303075540360063e+07
2.532387125265903026e+07
2.532504186380068585e+07
