2.264405639811872691e+07
2.264493225845874101e+07
2.264534006137602031e+07
2.264579789968632907e+07
2.264601727079034224e+07
2.264630386347440630e+07
2.264657561836408451e+07
2.264663816036285087e+07
2.264658811783020571e+07
2.264627340152745694e+07
2.264575140540347993e+07
2.264502721322834864e+07
2.264412696687475592e+07
2.264302136987956986e+07
2.264191704920431226e+07
2.264085163238712400e+07
2.263989742857602984e+07
2.263905101617506146e+07
2.263850772948045656e+07
2.263858914724446088e+07
2.263957718265548721e+07
2.264087116953059286e+07
2.264230697109190002e+07
2.264385040209272876e+07
2.264482996909288689e+07
2.264541231526311859e+07
2.264579205209192634e+07
2.264605357154884562e+07
2.264625401639108732e+07
2.264634233133847266e+07
2.264644403315953538e+07
2.264642556144544855e+07
2.264641900872228667e+07
2.264646041330159083e+07
2.264657552546928078e+07
2.264633769482632726e+07
2.264580003154929727e+07
2.264523110829733312e+07
2.264425820187764615e+07
2.264281729456144571e+07
2.264104616539711878e+07
2.263944797596156225e+07
2.263828919755079970e+07
2.263769602383732796e+07
2.263796818405082077e+07
2.263883941187618300e+07
2.264050189798700064e+07
2.264243074448926747e+07
2.264427937062266469e+07
2.264583130958616734e+07
2.264679786847686395e+07
2.264713408613868803e+07
2.264704727994291484e+07
2.264677119963987917e+07
2.264630037977991253e+07
2.264590594037516788e+07
2.264576328267932683e+07
2.264587845923223719e+07
2.264618763178520650e+07
2.264647753334774077e+07
2.264647887767228857e+07
2.264621486965957657e+07
2.264553696799632907e+07
2.264430864095360041e+07
2.264271656845846027e+07
2.264098182864478230e+07
2.263907898300736398e+07
2.263756471353304014e+07
2.263694089291955158e+07
2.263713247203144431e+07
2.263823358283555508e+07
2.264005518931346014e+07
2.264212471448456496e+07
2.264407739998794347e+07
2.264553926840945706e+07
2.264643887507124618e+07
2.264680306080206856e+07
2.264661447221611068e+07
2.264627958789226413e+07
2.264586279545351863e+07
2.264563864410448819e+07
2.264586245104103535e+07
2.264667169795080647e+07
2.264767331640225649e+07
2.264842064632931724e+07
2.264860265366579220e+07
2.264822530168291181e+07
2.264705081497240439e+07
2.264517838454604521e+07
2.264293217061802000e+07
2.264075068448615819e+07
2.263880403561101481e+07
2.263747087463178486e+07
2.263715056900856644e+07
2.263778448557337746e+07
2.263931749365987256e+07
2.264149714761409163e+07
2.264379806917037815e+07
2.264567728022795543e+07
2.264704124757955596e+07
2.264762838382431492e+07
2.264732661278790981e+07
2.264642515187406540e+07
2.264534001672169194e+07
2.264459012691685185e+07
2.264445863816336915e+07
2.264495844444491714e+07
2.264567893357551843e+07
2.264650505810260400e+07
2.264738851792049035e+07
2.264786607283344865e+07
2.264752567893544585e+07
2.264621755992414057e+07
2.264419572296041623e+07
2.264174202899363264e+07
2.263928778631532565e+07
2.263744198060198128e+07
2.263641959370096028e+07
2.263647251568976790e+07
2.263764434427608177e+07
2.263966784942440689e+07
2.264205883059883490e+07
2.264427055784182250e+07
2.264613745680226013e+07
2.264732712478688359e+07
2.264745494980026782e+07
2.264637404877071828e+07
2.264472070070340857e+07
2.264306464968748763e+07
2.264200705579996109e+07
2.264196665424051881e+07
2.264287412458942086e+07
2.264442274409728870e+07
2.264623070347748697e+07
2.264780291225574538e+07
2.264857479030485079e+07
2.264819911090217158e+07
2.264664626351103187e+07
2.264426411012278870e+07
2.264136482625038177e+07
2.263878774310475960e+07
2.263696096789358556e+07
2.263615793149382621e+07
2.263659879687613621e+07
2.263836461696531996e+07
2.264085550374104828e+07
2.264334727573698014e+07
2.264548781153753772e+07
2.264674648240416497e+07
2.264678723405075446e+07
2.264575339121398330e+07
2.264408985423433036e+07
2.264219938614673540e+07
2.264064568451748043e+07
2.264002386633900926e+07
2.264024473745778948e+07
2.264140276783443987e+07
2.264349901975740865e+07
2.264571207376625761e+07
2.264727161509802565e+07
2.264788809071466327e+07
2.264740071346680820e+07
2.264579454277940094e+07
2.264333531314099953e+07
2.264060367113966867e+07
2.263823980697840825e+07
2.263676405865645036e+07
2.263651799382107705e+07
2.263762073502568528e+07
2.263962752144069597e+07
2.264182450482759252e+07
2.264417286653428897e+07
2.264579154678688571e+07
2.264621884354772046e+07
2.264554678613423556e+07
2.264386090618248656e+07
2.264137174600647762e+07
2.263898502036128566e+07
2.263744822649406269e+07
2.263711904646244645e+07
2.263795575558131561e+07
2.263991998541884124e+07
2.264255284294487163e+07
2.264497303713794425e+07
2.264664037440503761e+07
2.264721733101323992e+07
2.264660682883273438e+07
2.264483754224626347e+07
2.264256773520971462e+07
2.264036412635954842e+07
2.263849228056700528e+07
2.263790755603342876e+07
2.263925992288994417e+07
2.264001431889903918e+07
2.264243189195451513e+07
2.264481597645400837e+07
2.264684531716138870e+07
2.264779409415484965e+07
2.264757919989974797e+07
2.264607855483686179e+07
2.264382268344017118e+07
2.264115169686667994e+07
2.263900123009248823e+07
2.263779909083742276e+07
2.263760376792636141e+07
2.263859861506222934e+07
2.264088953503610939e+07
2.264343763273832947e+07
2.264582345131857693e+07
2.264726077103371918e+07
2.264751372884258255e+07
2.264647172881055996e+07
2.264483818294704333e+07
2.264294866930712014e+07
2.264122325177599862e+07
2.264004711668234318e+07
2.264012075533067062e+07
2.264111940478000045e+07
2.264283176871604845e+07
2.264501022070178017e+07
2.264698574055469781e+07
2.264839795643512905e+07
2.264873162725094333e+07
2.264777182678640634e+07
2.264590689384683222e+07
2.264324403425494581e+07
2.264073407338274270e+07
2.263866851386297494e+07
2.263754950851346925e+07
2.263753863819043711e+07
2.263889101564018801e+07
2.264101210855657607e+07
2.264337271819278225e+07
2.264527654267841205e+07
2.264659817479976639e+07
2.264688929154543951e+07
2.264649299508920684e+07
2.264539191265848652e+07
2.264392984558208659e+07
2.264268037295901030e+07
2.264179380865900591e+07
2.264302059063332155e+07
2.264397428580029681e+07
2.264581287167959288e+07
2.264754695805612579e+07
2.264892315377139300e+07
2.264933700143060461e+07
2.264874203540759906e+07
2.264688563911091909e+07
2.264442245454520360e+07
2.264184265485068783e+07
2.263954449386221915e+07
2.263767285763064027e+07
2.263691660399466008e+07
2.263719531531851739e+07
2.263845110159006715e+07
2.263993014827727154e+07
2.264103723055027053e+07
2.264196161736353859e+07
2.264227759444907680e+07
2.264216187287319079e+07
2.264180002856242657e+07
2.264086266656919569e+07
2.264002474959960580e+07
2.263986004183899239e+07
2.264044965748012438e+07
2.264141006939334422e+07
2.264268567227530107e+07
2.264400541535118967e+07
2.264524359807736427e+07
2.264601209758126363e+07
2.264601248554887995e+07
2.264516506525272131e+07
2.264362946522418037e+07
2.264192631345364451e+07
2.263984958018395677e+07
2.263797792819092050e+07
2.263637915346292034e+07
2.263579531543970108e+07
2.263612797202542052e+07
2.263696615110316500e+07
2.263825940389932320e+07
2.263985714694002271e+07
2.264118540983844548e+07
2.264217304217830300e+07
2.264252468620419875e+07
2.264253394443274289e+07
2.264245133453805372e+07
2.264242747268695384e+07
2.264261643880963326e+07
2.264309526247305796e+07
2.264387668923600763e+07
2.264500374598153308e+07
2.264610669292344898e+07
2.264692927212785929e+07
2.264701937491296604e+07
2.264630202492326498e+07
2.264471932126864791e+07
2.264273468946100399e+07
2.264069537010703236e+07
2.263866433950131014e+07
2.263718032001002505e+07
2.263619785097149760e+07
2.263572524212737009e+07
2.263570040265958756e+07
2.263634707430508733e+07
2.263738691828672215e+07
2.263842976940002292e+07
2.263928188379972801e+07
2.263964186863634363e+07
2.263954596882474795e+07
2.263979838848272339e+07
2.264069322521134093e+07
2.264127836401168257e+07
2.264182014097904041e+07
2.264243633893283457e+07
2.264325778620532900e+07
2.264430805040946975e+07
2.264549759295598045e+07
2.264614501051455736e+07
2.264588523866773397e+07
2.264500132378187403e+07
2.264376912918912992e+07
2.264213865326825529e+07
2.264040157223298773e+07
2.263870973004272953e+07
2.263734889134814590e+07
2.263628636700708419e+07
2.263554013651078194e+07
2.263531326782209426e+07
2.263563771506457776e+07
2.263630967502573505e+07
2.263735800845885277e+07
2.263840311808517575e+07
2.263947883951622620e+07
2.264028847721229121e+07
