2.455315488653229177e+07
2.455473289055638760e+07
2.455500214204112068e+07
2.455538811998368427e+07
2.455533983213675022e+07
2.455541782393782958e+07
2.455537337812516466e+07
2.455542420485071093e+07
2.455538297638567537e+07
2.455541057152790576e+07
2.455526541259954497e+07
2.455491424505402893e+07
2.455421944550579414e+07
2.455344706399890408e+07
2.455224916870082170e+07
2.455105847772291675e+07
2.454971188213450089e+07
2.454845274169664457e+07
2.454735505178299174e+07
2.454677047218481824e+07
2.454666447319250181e+07
2.454729973627702892e+07
2.454851089553603157e+07
2.455015013470772654e+07
2.455187603062733635e+07
2.455350589596091211e+07
2.455468517130803689e+07
2.455538303749224171e+07
2.455562703989383206e+07
2.455539300973761454e+07
2.455496915136817098e+07
2.455462452540716156e+07
2.455431668657494709e+07
2.455428618082137033e+07
2.455443149099608883e+07
2.455465644143168628e+07
2.455472730221396312e+07
2.455462160278806463e+07
2.455408650476461649e+07
2.455308263259265199e+07
2.455164530335827172e+07
2.454981272671745345e+07
2.454801568148744106e+07
2.454659374330237135e+07
2.454576877459017560e+07
2.454577819400098175e+07
2.454676330583006516e+07
2.454841549579047784e+07
2.455037980115908012e+07
2.455257962757540122e+07
2.455429554446684942e+07
2.455549314076662064e+07
2.455607876433480158e+07
2.455586608989455551e+07
2.455520024770535901e+07
2.455428070114151016e+07
2.455346332975010574e+07
2.455310087122154236e+07
2.455319328058300912e+07
2.455357942525363714e+07
2.455416859889182448e+07
2.455463874751276150e+07
2.455477033803281188e+07
2.455428127611874789e+07
2.455301571633116156e+07
2.455101321360655501e+07
2.454855441415321082e+07
2.454638684724988788e+07
2.454471101150952652e+07
2.454385193808653578e+07
2.454421864886072651e+07
2.454565708981160447e+07
2.454795110740770772e+07
2.455058339081421122e+07
2.455302743745720759e+07
2.455476324952896684e+07
2.455573736859092116e+07
2.455575622660848126e+07
2.455494387596324086e+07
2.455360610000040755e+07
2.455225247373069450e+07
2.455126003675318509e+07
2.455098001547062770e+07
2.455150029819411039e+07
2.455260694752591103e+07
2.455387485876615718e+07
2.455494210950904712e+07
2.455521553051659092e+07
2.455456733299908414e+07
2.455276208088945597e+07
2.455016494180644676e+07
2.454727680867559090e+07
2.454458603741918877e+07
2.454274807662606984e+07
2.454223161241958290e+07
2.454290968643712625e+07
2.454491527630328014e+07
2.454774397670325637e+07
2.455063789648256823e+07
2.455319839980763569e+07
2.455494938105266914e+07
2.455560299564196169e+07
2.455504283166522160e+07
2.455362500378667563e+07
2.455177322159383819e+07
2.455012312856812030e+07
2.454934048569826037e+07
2.454958919609083980e+07
2.455072318875851855e+07
2.455252161372715980e+07
2.455437223053802550e+07
2.455572784679858387e+07
2.455604105617305636e+07
2.455498704154831916e+07
2.455273984912943840e+07
2.454966287997848168e+07
2.454641273537762091e+07
2.454371419021552801e+07
2.454208065051668882e+07
2.454196185836872086e+07
2.454324942582127824e+07
2.454579934207744896e+07
2.454886542371345684e+07
2.455185227121748030e+07
2.455431564810295030e+07
2.455549937582836300e+07
2.455529050352602825e+07
2.455385599584877118e+07
2.455181685262260959e+07
2.454956557460400090e+07
2.454799538129863888e+07
2.454756536707055196e+07
2.454836606559059769e+07
2.455022696967495978e+07
2.455274509013412148e+07
2.455497209425079077e+07
2.455636997219942883e+07
2.455632414341846853e+07
2.455495606681787223e+07
2.455237356982402131e+07
2.454892079702980444e+07
2.454552036129672825e+07
2.454297973092401028e+07
2.454180906411455199e+07
2.454234713663475588e+07
2.454421747523129731e+07
2.454709929322839901e+07
2.455028792222981155e+07
2.455316917904199287e+07
2.455503259957683831e+07
2.455543256515480578e+07
2.455431780520251766e+07
2.455224171554132178e+07
2.454963820516360179e+07
2.454736508018096164e+07
2.454593651595780626e+07
2.454581393242212385e+07
2.454707698533847183e+07
2.454945146762026846e+07
2.455216393525572121e+07
2.455454436133182049e+07
2.455578326952482387e+07
2.455561647320613638e+07
2.455403675190047547e+07
2.455120775559062511e+07
2.454797813471669331e+07
2.454503290371554345e+07
2.454301713343043998e+07
2.454250749443224818e+07
2.454353230729150400e+07
2.454577351482484862e+07
2.454882395767166838e+07
2.455193841533020884e+07
2.455438678231988102e+07
2.455549384698988870e+07
2.455508304790780693e+07
2.455347149181852117e+07
2.455079773451814055e+07
2.454795947993617132e+07
2.454584199949967861e+07
2.454483609982112795e+07
2.454534336972774938e+07
2.454716210792980343e+07
2.454995340354445204e+07
2.455281494602748007e+07
2.455510900561220571e+07
2.455629237773476169e+07
2.455593190905387700e+07
2.455425852506641671e+07
2.455174673533732817e+07
2.454902426413981616e+07
2.454672277582198381e+07
2.454621598757530376e+07
2.454572754977824539e+07
2.454723574817366898e+07
2.454968848785128817e+07
2.455253488226580620e+07
2.455498052060739696e+07
2.455634602786123380e+07
2.455645332145759836e+07
2.455513389448216930e+07
2.455259944444385543e+07
2.454970701861677691e+07
2.454685761350066960e+07
2.454489416148984432e+07
2.454434721875609457e+07
2.454540947067679837e+07
2.454746486255084723e+07
2.455024152730922773e+07
2.455282776114435494e+07
2.455478983032232895e+07
2.455540230656482279e+07
2.455484412084779143e+07
2.455338303564218804e+07
2.455122011460052803e+07
2.454913267851904780e+07
2.454743388484850153e+07
2.454689166263425350e+07
2.454760625148461014e+07
2.454914465493934229e+07
2.455152573174638301e+07
2.455381542677868158e+07
2.455552565117715299e+07
2.455593962517103180e+07
2.455533022709288076e+07
2.455328686248921603e+07
2.455062311416595057e+07
2.454772416197657213e+07
2.454526284555805475e+07
2.454365237121373415e+07
2.454371543083979562e+07
2.454500425625687465e+07
2.454730251748625189e+07
2.454985304485430941e+07
2.455223575858281553e+07
2.455365600993058458e+07
2.455432578379257023e+07
2.455361247940839082e+07
2.455269329461533204e+07
2.455070266702976078e+07
2.454971729870568588e+07
2.454886613848153129e+07
2.454899486913692206e+07
2.454997379273315892e+07
2.455163792963344976e+07
2.455365235309936479e+07
2.455535028199910745e+07
2.455612665325665846e+07
2.455582149851930514e+07
2.455427872286016867e+07
2.455221388014237210e+07
2.454963103137652203e+07
2.454714068557832763e+07
2.454516997007999942e+07
2.454437834214076772e+07
2.454479534308960289e+07
2.454604194739985093e+07
2.454798364356476441e+07
2.455017872804516181e+07
2.455203431092410535e+07
2.455327080069680884e+07
2.455365209494900703e+07
2.455341012934028730e+07
2.455273450835780054e+07
2.455199750406143442e+07
2.455144975140232593e+07
2.455139331868895143e+07
2.455191984390169010e+07
2.455297525789307430e+07
2.455440719077703357e+07
2.455569227303019166e+07
2.455661261300231144e+07
2.455681677771962434e+07
2.455604339214685559e+07
2.455461074242445827e+07
2.455261590604031831e+07
2.455029401509695873e+07
2.454808591325978562e+07
2.454661511504450813e+07
2.454598259749757499e+07
2.454629089358178526e+07
2.454715354293817654e+07
2.454853809157781675e+07
2.455000431438279897e+07
2.455140640940483660e+07
2.455236620299600810e+07
2.455292722025231645e+07
2.455308895156829432e+07
2.455313455513324961e+07
2.455313632508408651e+07
2.455310172187051550e+07
2.455336440829520300e+07
2.455394665490942076e+07
2.455461137882130966e+07
2.455542050278910249e+07
2.455588265789891034e+07
2.455602280942157656e+07
2.455552814383411780e+07
2.455458137871610001e+07
2.455323613349408656e+07
2.455151687852039561e+07
2.454963917344200611e+07
2.454797545790658519e+07
2.454677324005771801e+07
2.454594235824301094e+07
2.454572051267510280e+07
2.454592110070332140e+07
2.454674311928170919e+07
2.454778635724281147e+07
2.454897565686839074e+07
2.455012934847380593e+07
2.455095262588158622e+07
2.455170042481628433e+07
2.455235880697649717e+07
2.455286102207805961e+07
2.455323087079269439e+07
2.455356340470487624e+07
2.455402097080354020e+07
2.455434018426334485e+07
2.455459205031286553e+07
2.455461803554923087e+07
2.455437401150667667e+07
2.455388800184252113e+07
2.455315424095501378e+07
2.455216979420235753e+07
2.455092536066490784e+07
2.454961853472524881e+07
2.454831401676447317e+07
2.454705008698004857e+07
2.454610995884248987e+07
2.454548326715723425e+07
2.454541121697345003e+07
2.454574050318276510e+07
2.454663885887452960e+07
2.454775182645108923e+07
2.454917267972124740e+07
