2.399172375869612023e+07
2.398903180525536835e+07
2.399048782896094769e+07
2.398930343100408092e+07
2.398915384401917458e+07
2.398822858262692392e+07
2.398836137777055427e+07
2.398815101627043262e+07
2.398880094788483903e+07
2.398903201750186458e+07
2.399000933773244917e+07
2.399076589750067145e+07
2.399120221619298309e+07
2.399138789147792384e+07
2.399213869502564892e+07
2.399209166545483842e+07
2.399118549867100641e+07
2.398932531394616887e+07
2.398781691284015030e+07
2.398702532410420105e+07
2.398677312650170922e+07
2.398656630061535165e+07
2.398706743042658269e+07
2.398837487771498039e+07
2.399043546034470573e+07
2.399253874608112872e+07
2.399423880752583221e+07
2.399489810513458028e+07
2.399487565399549156e+07
2.399495216148959845e+07
2.399576166016288847e+07
2.399720078337502107e+07
2.399951174805514514e+07
2.400134184953659028e+07
2.400249090472481772e+07
2.400262928790162131e+07
2.400190543359078094e+07
2.399995248573910445e+07
2.399777829447364062e+07
2.399594652927886322e+07
2.399502901659696177e+07
2.399405943332804739e+07
2.399315479451542348e+07
2.399217467509206384e+07
2.399232033330575377e+07
2.399314836195202172e+07
2.399419669553868100e+07
2.399541953283349052e+07
2.399659851336757466e+07
2.399761127411901206e+07
2.399832684291510284e+07
2.399782364923732355e+07
2.399610602012403682e+07
2.399368987707215920e+07
2.399115129546451196e+07
2.398924640324938297e+07
2.398844959370068461e+07
2.398806746106296405e+07
2.398779015433200821e+07
2.398697134018224850e+07
2.398560663919123262e+07
2.398441296372824162e+07
2.398364145305961743e+07
2.398228023352684826e+07
2.397999081937982515e+07
2.397730406237962469e+07
2.397461566187213734e+07
2.397215799207776785e+07
2.397054489175626263e+07
2.396991000543360040e+07
2.397031940252523869e+07
2.397162277687247843e+07
2.397336257648000121e+07
2.397487132595888898e+07
2.397602797439925373e+07
2.397717759964809567e+07
2.397821430547666550e+07
2.397853901995567977e+07
2.397842284097628668e+07
2.397818138051481545e+07
2.397791858141453564e+07
2.397773304068705067e+07
2.397798501701942459e+07
2.397811567163024470e+07
2.397793911335163936e+07
2.397741009702834859e+07
2.397672844656310230e+07
2.397577718513147905e+07
2.397457922904550284e+07
2.397351151520759985e+07
2.397254869711909816e+07
2.397196796068320423e+07
2.397198080581366271e+07
2.397226492017753050e+07
2.397317659394267574e+07
2.397426912290102616e+07
2.397563351491831988e+07
2.397725030170178413e+07
2.397860461772771180e+07
2.397949011318290234e+07
2.397978268571394309e+07
2.397959159468656406e+07
2.397907692495983839e+07
2.397818307438472658e+07
2.397693701851664111e+07
2.397594421339515597e+07
2.397560087879169732e+07
2.397608685121281445e+07
2.397728878776531294e+07
2.397972828695086390e+07
2.398297637557719275e+07
2.398635901045663282e+07
2.398865358291323856e+07
2.398967557050914317e+07
2.398972763676204160e+07
2.398932437158204615e+07
2.398873464417334273e+07
2.398863931546412408e+07
2.398960877515528724e+07
2.399112327892284095e+07
2.399253291491356120e+07
2.399221742142523453e+07
2.399106334143560752e+07
2.398949965480548143e+07
2.398712181141236797e+07
2.398432445635835081e+07
2.398166667643063515e+07
2.397976517286400497e+07
2.397818579948211089e+07
2.397690702424436808e+07
2.397590387516684830e+07
2.397527004254612699e+07
2.397520926919051260e+07
2.397554253772775829e+07
2.397593520918608829e+07
2.397583330856244639e+07
2.397542944453635439e+07
2.397444929704524949e+07
2.397344879913282022e+07
2.397274162896015495e+07
2.397217370919863135e+07
2.397195647111089528e+07
2.397213655467612669e+07
2.397312122271613032e+07
2.397488180770112574e+07
2.397601849107920006e+07
2.397654164733545482e+07
2.397802632246494293e+07
2.397929222703448683e+07
2.398061650661850348e+07
2.398151383621306717e+07
2.398197419172425568e+07
2.398155145558800921e+07
2.398121952088287473e+07
2.398070354734780639e+07
2.398085161183616519e+07
2.398216323030307516e+07
2.398467645598136634e+07
2.398561247716879100e+07
2.398582614596892148e+07
2.398506416864813492e+07
2.398341612426304445e+07
2.398106779172360152e+07
2.397859733736167476e+07
2.397621447166118771e+07
2.397498297704870254e+07
2.397536482602550834e+07
2.397756118424292654e+07
2.398006346503886580e+07
2.398233936161243916e+07
2.398548715392500907e+07
2.398878935703364015e+07
2.399066592469039187e+07
2.399114661312260851e+07
2.398966543357826024e+07
2.398734119438964128e+07
2.398413078670531139e+07
2.398150196805483848e+07
2.397985812193644047e+07
2.397962232177959755e+07
2.398034350378052890e+07
2.398262346434246376e+07
2.398560669259604067e+07
2.398939551951555908e+07
2.399228913687396422e+07
2.399371646071076021e+07
2.399316644236220047e+07
2.399183803585434332e+07
2.398965107367873192e+07
2.398854551850221306e+07
2.398760524154748023e+07
2.398811512750561163e+07
2.399044712179050222e+07
2.398844727602773160e+07
2.399053129541543499e+07
2.399319571404441446e+07
2.399574892862075567e+07
2.399677308512577042e+07
2.399670947031327710e+07
2.399534779513231292e+07
2.399367394099074230e+07
2.399191500257723033e+07
2.399053916986040398e+07
2.398935842630880699e+07
2.398886467213296890e+07
2.398969124926182255e+07
2.399198778718926385e+07
2.399563425229116529e+07
2.399895937678098306e+07
2.400036335661980882e+07
2.399992820999262482e+07
2.399841660328795016e+07
2.399707440601951256e+07
2.399593468477982283e+07
2.399485378832628950e+07
2.399422495095184818e+07
2.399367117538756505e+07
2.399382368148763850e+07
2.399494470998388529e+07
2.399794921147957072e+07
2.400184118350038305e+07
2.400452736440660805e+07
2.400496870903616771e+07
2.400428994444330782e+07
2.400265293357316777e+07
2.400126968464056775e+07
2.400069614171859995e+07
2.400040441054770350e+07
2.399968546755643189e+07
2.399986170105405152e+07
2.400001084060033038e+07
2.400107635383794084e+07
2.400161673481976986e+07
2.400209337256519124e+07
2.400161770676086470e+07
2.400117562593628839e+07
2.399956554652257636e+07
2.399896712812510878e+07
2.399734385711409524e+07
2.399881081900494546e+07
2.399762452275459096e+07
2.400274534980430827e+07
2.400437814095773920e+07
2.400677433131055906e+07
2.400867496334684640e+07
2.400998489871028438e+07
2.401014259702235088e+07
2.401065653384491429e+07
2.400928957874589041e+07
2.400624430621502176e+07
2.400296824860430881e+07
2.400052172987780347e+07
2.399862295211567357e+07
2.399866799867909029e+07
2.399966967039097100e+07
2.400076581867245585e+07
2.400117243078749627e+07
2.400124081404975802e+07
2.400154606868158653e+07
2.400135252334813029e+07
2.400008030919582397e+07
2.399950878404303640e+07
2.399948881617948785e+07
2.399938454692106321e+07
2.399926984332900122e+07
2.399954407671000808e+07
2.399936686391980574e+07
2.399810445185724646e+07
2.399650583610529453e+07
2.399514049135852978e+07
2.399295578768149763e+07
2.399009468820825219e+07
2.398686931708810478e+07
2.398435835956358910e+07
2.398193651171057671e+07
2.398012008645617589e+07
2.397912430670109019e+07
2.397899147939238697e+07
2.397924626487674937e+07
2.397899791070026159e+07
2.397790436933564767e+07
2.397676332292373106e+07
2.397610009965769574e+07
2.397587953051914647e+07
2.397594222825678438e+07
2.397565420237290114e+07
2.397518823013391718e+07
2.397522862218878046e+07
2.397559704729793593e+07
2.397666651501531526e+07
2.397794534553785250e+07
2.397994924976259097e+07
2.398153788548580185e+07
2.398274760636586323e+07
2.398326604616951942e+07
2.398283996870023012e+07
2.398139854341417551e+07
2.397875207718812302e+07
2.397632054094643146e+07
2.397435321143049002e+07
2.397244715787547454e+07
2.397099748716996238e+07
2.397040201448178291e+07
2.397070510807243735e+07
2.397186359494632110e+07
2.397441461550161615e+07
2.397751026667996868e+07
2.397974665582933649e+07
2.398099783766411617e+07
2.398144143792216107e+07
2.398149107134151459e+07
2.398176285674336180e+07
2.398206376891520247e+07
2.398212646555974707e+07
2.398226282798169181e+07
2.398337411770870909e+07
2.398499099062209204e+07
2.398682383245274052e+07
2.398869646977320313e+07
2.399045681854112819e+07
2.399226738376456499e+07
2.399423915525152162e+07
2.399585429660944268e+07
2.399622486758711934e+07
2.399552821600249037e+07
2.399541013911225647e+07
2.399571387269211188e+07
2.399534966732441634e+07
2.399401825080666319e+07
2.399224635835462809e+07
2.399077794497278705e+07
2.398995298856418580e+07
2.398999226630510762e+07
2.399055426739245281e+07
2.399234599374929070e+07
2.399340853454595059e+07
