3.368021469783633947e+07
3.368134045256023109e+07
3.368154750698821247e+07
3.368195060608114302e+07
3.368230516957388818e+07
3.368291167732506245e+07
3.368330570766338706e+07
3.368348959776930511e+07
3.368363881441082060e+07
3.368378218447031826e+07
3.368374539178641140e+07
3.368324684506812692e+07
3.368236634908640385e+07
3.368137829391562939e+07
3.368046995993596315e+07
3.367938916855472326e+07
3.367796014971173555e+07
3.367649174457101524e+07
3.367517813049360365e+07
3.367456278782798350e+07
3.367471698337209970e+07
3.367527130841538310e+07
3.367606466163970530e+07
3.367735324946732819e+07
3.367902795592229813e+07
3.368048693316125870e+07
3.368145982119406015e+07
3.368208936480690539e+07
3.368242415341620147e+07
3.368248341263732314e+07
3.368220860988524556e+07
3.368197005216862261e+07
3.368161294031926244e+07
3.368135712749451399e+07
3.368150804350088537e+07
3.368189553272315115e+07
3.368201868725898117e+07
3.368168329286991060e+07
3.368125588584890217e+07
3.368007340685863793e+07
3.367829105813837796e+07
3.367663978441971540e+07
3.367505869842245430e+07
3.367403509599376470e+07
3.367361742731551081e+07
3.367379446611360461e+07
3.367469828753239661e+07
3.367592046397861093e+07
3.367761556793013960e+07
3.367974173864939809e+07
3.368138660981782526e+07
3.368221603066323698e+07
3.368253388809643686e+07
3.368233823665813357e+07
3.368196060463522375e+07
3.368169766437403858e+07
3.368118961084990948e+07
3.368100632488316298e+07
3.368144950994471461e+07
3.368199010635432601e+07
3.368219212789893895e+07
3.368200789418514073e+07
3.368163351695411652e+07
3.368071447617559880e+07
3.367915658261600137e+07
3.367692382158801705e+07
3.367452329728621244e+07
3.367248855825742334e+07
3.367110828276516497e+07
3.367048487158822268e+07
3.367087617865330726e+07
3.367208436386270076e+07
3.367407091560217738e+07
3.367641806147375703e+07
3.367852569463256747e+07
3.368008632382190973e+07
3.368116688326714188e+07
3.368131425174141675e+07
3.368082637564955652e+07
3.367982632764400542e+07
3.367861055349976569e+07
3.367760783133684844e+07
3.367743099643836170e+07
3.367793104820380360e+07
3.367877286675605923e+07
3.367966708995667845e+07
3.368038832439969480e+07
3.368052777775019407e+07
3.368024423222524673e+07
3.367906038545443118e+07
3.367698926441675425e+07
3.367410796418470889e+07
3.367167688938052952e+07
3.367004049705462903e+07
3.366952351846846193e+07
3.367014221078075469e+07
3.367224059674122185e+07
3.367498762797791511e+07
3.367766801549496502e+07
3.367994260036448389e+07
3.368165032670299709e+07
3.368264312539966404e+07
3.368258884126263857e+07
3.368136201251541078e+07
3.367952775652128458e+07
3.367795398788453639e+07
3.367726866830351949e+07
3.367733443397624791e+07
3.367788623519817740e+07
3.367896470567073673e+07
3.368026569427761436e+07
3.368127265153438598e+07
3.368124745071219653e+07
3.368001623712305725e+07
3.367792804872478545e+07
3.367522588102120906e+07
3.367253140924134851e+07
3.367031773760383576e+07
3.366904068439262360e+07
3.366907944079152495e+07
3.367048886155284941e+07
3.367309985255510360e+07
3.367635603467353433e+07
3.367928880196666718e+07
3.368142181851810217e+07
3.368242491319478303e+07
3.368209695084593445e+07
3.368089136708340794e+07
3.367906921704348177e+07
3.367708104258530587e+07
3.367574130324754119e+07
3.367534206446312368e+07
3.367586051936607808e+07
3.367706633778256923e+07
3.367884959856934845e+07
3.368063513929441571e+07
3.368191786392621696e+07
3.368210134601444751e+07
3.368090413567230105e+07
3.367829975384618342e+07
3.367504954096353054e+07
3.367193764453615993e+07
3.366980537390924245e+07
3.366900664051558822e+07
3.366969034825576097e+07
3.367154398454239219e+07
3.367434968261870742e+07
3.367725281218522787e+07
3.367944303781142831e+07
3.368070646173020452e+07
3.368111284813993424e+07
3.368030948686471581e+07
3.367835866013259441e+07
3.367584212261570990e+07
3.367389566720288247e+07
3.367270026544277370e+07
3.367284130642555654e+07
3.367412294606238604e+07
3.367641503481571376e+07
3.367915990128365904e+07
3.368155604988618940e+07
3.368280811148875952e+07
3.368289353645274043e+07
3.368181029928619415e+07
3.367963311532833427e+07
3.367679372206874937e+07
3.367402022800841928e+07
3.367210997281817347e+07
3.367160701420208812e+07
3.367252160628794134e+07
3.367461352822622657e+07
3.367721632692295313e+07
3.367961622357600182e+07
3.368129562436467409e+07
3.368183854099421948e+07
3.368144741379140317e+07
3.368015878330381960e+07
3.367770728739861399e+07
3.367499350345048308e+07
3.367296601205863059e+07
3.367191562605115771e+07
3.367236777077022195e+07
3.367411293557348847e+07
3.367669262345206738e+07
3.367938211320489645e+07
3.368142894483143836e+07
3.368215268778033555e+07
3.368156908814453334e+07
3.368007780318689346e+07
3.367811242260646075e+07
3.367562576433229446e+07
3.367350447738521546e+07
3.367311956503882259e+07
3.367238770928154886e+07
3.367403272364080697e+07
3.367642734578511119e+07
3.367920185078456998e+07
3.368156467061100155e+07
3.368303521028199047e+07
3.368335878849314898e+07
3.368240217213253677e+07
3.368010439692468941e+07
3.367730220204394311e+07
3.367434023893307149e+07
3.367246138211191446e+07
3.367192961930017918e+07
3.367275405185383558e+07
3.367461397299049795e+07
3.367691036511924118e+07
3.367907377963252366e+07
3.368070932657591999e+07
3.368120315169587731e+07
3.368087174898374826e+07
3.367969158285330236e+07
3.367774615133988112e+07
3.367580743619659543e+07
3.367439588883487135e+07
3.367415512247518450e+07
3.367484560083098710e+07
3.367598252809306979e+07
3.367786610472016037e+07
3.367981248746284842e+07
3.368149341134937853e+07
3.368206486156270653e+07
3.368147884739369899e+07
3.367972863384059072e+07
3.367710851985903829e+07
3.367421088642180711e+07
3.367192649602726847e+07
3.367067968531826138e+07
3.367082496996483207e+07
3.367201841299714893e+07
3.367416274471420050e+07
3.367660139581818879e+07
3.367890358196434379e+07
3.368029407511673123e+07
3.368116200914034247e+07
3.368079516809149086e+07
3.368005685717304796e+07
3.367836637495117635e+07
3.367736514120308310e+07
3.367663765312334150e+07
3.367668274997795373e+07
3.367737767468609661e+07
3.367863721424480528e+07
3.368016560272622108e+07
3.368147550055740774e+07
3.368206331905481964e+07
3.368171419411632419e+07
3.368049174013485759e+07
3.367886429474500567e+07
3.367639505633424222e+07
3.367400715326950699e+07
3.367233454835177958e+07
3.367158801385312527e+07
3.367177106241357327e+07
3.367300560994937271e+07
3.367487296873994917e+07
3.367686164055860788e+07
3.367840515386120975e+07
3.367930111731827259e+07
3.367973103203622252e+07
3.367955679909308255e+07
3.367885618659303337e+07
3.367808742286311090e+07
3.367751324523647130e+07
3.367744121634020656e+07
3.367795438926334679e+07
3.367889520622302592e+07
3.368000763300714642e+07
3.368102246049612015e+07
3.368175883014921099e+07
3.368188029354132712e+07
3.368134055282282829e+07
3.367998285697384179e+07
3.367780315953627229e+07
3.367530854839935154e+07
3.367307183633468300e+07
3.367171000731085986e+07
3.367129035666117072e+07
3.367181440751592815e+07
3.367283197159367055e+07
3.367431851716072112e+07
3.367572672502359003e+07
3.367683304799114168e+07
3.367763302769567072e+07
3.367831129153196514e+07
3.367851255197231472e+07
3.367832609765213728e+07
3.367823989686342329e+07
3.367816562541656196e+07
3.367840819086136669e+07
3.367912355072484165e+07
3.367990495991773903e+07
3.368069966372885555e+07
3.368121706169749051e+07
3.368116183405293524e+07
3.368053640016045421e+07
3.367944060322972387e+07
3.367830357431911677e+07
3.367713380486287177e+07
3.367568690144535154e+07
3.367433959053995460e+07
3.367328672249452770e+07
3.367253394195655733e+07
3.367233359486801177e+07
3.367250346545635164e+07
3.367318350610839576e+07
3.367402761077595502e+07
3.367494815779121220e+07
3.367586231113836914e+07
3.367648882650303841e+07
3.367711645291303098e+07
3.367774104502483457e+07
3.367823261697249115e+07
3.367870552522803843e+07
3.367903308137001097e+07
3.367943924255324900e+07
3.367977776146203279e+07
3.368002748784042895e+07
3.368015882286921144e+07
3.368007119903547317e+07
3.367968395123121142e+07
3.367888516184805334e+07
3.367785665484307706e+07
3.367666048787089437e+07
3.367540302083721012e+07
3.367425685028563440e+07
3.367326722667466104e+07
3.367262332314982265e+07
3.367228875184167176e+07
3.367243433522357047e+07
3.367296102030447870e+07
3.367401203245006502e+07
3.367533472876764089e+07
3.367692564641728252e+07
