1.007882020159306377e+07
1.007979141269275919e+07
1.008014902875358798e+07
1.008052519709302112e+07
1.008067770718713850e+07
1.008119013391729817e+07
1.008149837920965999e+07
1.008169838411921076e+07
1.008172097193825059e+07
1.008155965158038400e+07
1.008107740791686252e+07
1.008032116498607956e+07
1.007900516991719417e+07
1.007787070907099545e+07
1.007669845668761246e+07
1.007534027447609603e+07
1.007434978770982288e+07
1.007356031175171211e+07
1.007311171779550798e+07
1.007332787188033573e+07
1.007415698530645669e+07
1.007515770396156795e+07
1.007638076376832835e+07
1.007778000112722628e+07
1.007912817429441214e+07
1.008013956497950479e+07
1.008071807512220740e+07
1.008111341304390877e+07
1.008122921573794074e+07
1.008109923931917176e+07
1.008111355725665577e+07
1.008118752605345659e+07
1.008125158287271857e+07
1.008142783586127684e+07
1.008156041506113857e+07
1.008129458836022206e+07
1.008059543637586012e+07
1.007975332170921564e+07
1.007861701609127223e+07
1.007705361819045432e+07
1.007535843741149269e+07
1.007390575736113451e+07
1.007284908921770006e+07
1.007227638172220439e+07
1.007265159665979259e+07
1.007352100850353204e+07
1.007484570418247208e+07
1.007671511287696660e+07
1.007846017433528043e+07
1.007978820955373533e+07
1.008092636416023038e+07
1.008134642588293925e+07
1.008125147779797949e+07
1.008108592110861093e+07
1.008059072172106802e+07
1.008025389422117546e+07
1.008033261530896090e+07
1.008049184486008435e+07
1.008106703649960458e+07
1.008166059392547980e+07
1.008151962497506663e+07
1.008112274036687054e+07
1.008044334331668355e+07
1.007887845253924280e+07
1.007699670366480201e+07
1.007488597445814312e+07
1.007289777665261179e+07
1.007163670372118615e+07
1.007126460984414257e+07
1.007155741025549918e+07
1.007285215992104262e+07
1.007483067074852809e+07
1.007712535150048882e+07
1.007915511580744013e+07
1.008045519920703955e+07
1.008135216247364320e+07
1.008147168615418486e+07
1.008099892683021165e+07
1.008026019067524001e+07
1.007951054406828061e+07
1.007917413960669935e+07
1.007924225434115157e+07
1.007991006233466230e+07
1.008086838725107536e+07
1.008169790723029524e+07
1.008200927371273004e+07
1.008185645428483188e+07
1.008087760815521888e+07
1.007904302448050492e+07
1.007662591418624856e+07
1.007414658973335288e+07
1.007195930142912641e+07
1.007074708401750028e+07
1.007060743213992380e+07
1.007127487486504391e+07
1.007305717792556807e+07
1.007548997065364011e+07
1.007788038291914202e+07
1.007972956129112281e+07
1.008091652934250794e+07
1.008140720894194208e+07
1.008094624331752770e+07
1.007992833380776457e+07
1.007872160766318627e+07
1.007786520268753916e+07
1.007768111884805188e+07
1.007831004581039026e+07
1.007948770605838113e+07
1.008085512511450611e+07
1.008216935012336448e+07
1.008295859770327434e+07
1.008270805905563198e+07
1.008135762259497866e+07
1.007917109812714718e+07
1.007635931845701858e+07
1.007354424331275187e+07
1.007159120306205004e+07
1.007063537877655588e+07
1.007071622883584723e+07
1.007200256216366217e+07
1.007435397913794406e+07
1.007693750248681195e+07
1.007931709108955599e+07
1.008100178865626082e+07
1.008179821839877591e+07
1.008138760241952352e+07
1.008031578713138774e+07
1.007871118703675456e+07
1.007722438504726812e+07
1.007634925493866391e+07
1.007653018094621599e+07
1.007752796702067181e+07
1.007913444265421480e+07
1.008103465965160728e+07
1.008276357488463819e+07
1.008357723471905291e+07
1.008299359810667858e+07
1.008134447471973673e+07
1.007879321043881588e+07
1.007572749863651954e+07
1.007306342275865935e+07
1.007146464461710490e+07
1.007080118258591555e+07
1.007143917131328210e+07
1.007342955290855654e+07
1.007605315598034486e+07
1.007865504062708654e+07
1.008072253417614661e+07
1.008189038955014013e+07
1.008179746137507074e+07
1.008082707280587405e+07
1.007903219390894845e+07
1.007692293447269127e+07
1.007531944453666732e+07
1.007490639628209174e+07
1.007538956139242277e+07
1.007663104416912794e+07
1.007879170161591657e+07
1.008135269921743870e+07
1.008312153852191009e+07
1.008359189433320798e+07
1.008294153700535558e+07
1.008105256868275627e+07
1.007843893890775554e+07
1.007562319058217108e+07
1.007334772227249108e+07
1.007223915122270212e+07
1.007212182409362309e+07
1.007345922463733889e+07
1.007570891548318043e+07
1.007810800741188042e+07
1.008058322617749125e+07
1.008228565504746512e+07
1.008245731887308322e+07
1.008171017155583203e+07
1.008001444040881656e+07
1.007756129666569084e+07
1.007534723719018884e+07
1.007399125909968279e+07
1.007366338886419311e+07
1.007444390419926867e+07
1.007619763591738790e+07
1.007883651329211146e+07
1.008137402880509198e+07
1.008295084254892729e+07
1.008331539410367608e+07
1.008253397172911279e+07
1.008068325282847881e+07
1.007828735680529848e+07
1.007596912686887570e+07
1.007415349036575109e+07
1.007369504415396787e+07
1.007487696855252422e+07
1.007593398226587288e+07
1.007830619472577982e+07
1.008069776318992488e+07
1.008254318298490718e+07
1.008312880085199513e+07
1.008260248786575161e+07
1.008099720350386202e+07
1.007879287002999522e+07
1.007600634709183127e+07
1.007380784126641415e+07
1.007280878542323969e+07
1.007270192090462334e+07
1.007370361028310470e+07
1.007610341555662826e+07
1.007868852527305856e+07
1.008109494870391674e+07
1.008254471669346280e+07
1.008251438154055178e+07
1.008146261922435462e+07
1.007994681225195527e+07
1.007810269278946333e+07
1.007620209267408773e+07
1.007523847593147680e+07
1.007551254098962620e+07
1.007666542224859633e+07
1.007839016996544227e+07
1.008042249261442758e+07
1.008255241378253512e+07
1.008355406569600850e+07
1.008348599354709126e+07
1.008226097345893085e+07
1.008017921901053935e+07
1.007742587491277978e+07
1.007489156269241869e+07
1.007282485275182687e+07
1.007192295387179218e+07
1.007221589565148391e+07
1.007361014280251600e+07
1.007585599537526444e+07
1.007821935842824727e+07
1.008019256203009002e+07
1.008135551129055955e+07
1.008126428810041212e+07
1.008059774740307964e+07
1.007946092620451935e+07
1.007801344611261599e+07
1.007672123843043856e+07
1.007789912553874217e+07
1.007736945370405912e+07
1.007895739140246250e+07
1.008051291971928440e+07
1.008250004767871276e+07
1.008385947950812243e+07
1.008438292819789052e+07
1.008341706293423101e+07
1.008178789978477359e+07
1.007917925161187723e+07
1.007665883401677944e+07
1.007434303864098899e+07
1.007263858569118753e+07
1.007199726384634711e+07
1.007264569340669736e+07
1.007388253050253354e+07
1.007575687411003932e+07
1.007780821407419071e+07
1.007940990502998419e+07
1.008021881348352693e+07
1.008015223448998295e+07
1.007970548455293663e+07
1.007892686875513382e+07
1.007796315375744179e+07
1.007785426853841171e+07
1.007850911866811104e+07
1.007934376166347973e+07
1.008070705908137932e+07
1.008220417397540249e+07
1.008347150020357780e+07
1.008443125177271292e+07
1.008413248143580556e+07
1.008272699268337898e+07
1.008094413391498104e+07
1.007868897206800804e+07
1.007628947193161212e+07
1.007417994274892844e+07
1.007271364611128531e+07
1.007241948677277379e+07
1.007303590006785654e+07
1.007400883936284296e+07
1.007545996602261625e+07
1.007708495204099454e+07
1.007827932834309340e+07
1.007901582878080383e+07
1.007922616695236787e+07
1.007896564862331375e+07
1.007886966978657804e+07
1.007879406870533340e+07
1.007911752413310297e+07
1.007985629564063437e+07
1.008073095616589673e+07
1.008188020182099007e+07
1.008297822178970464e+07
1.008376509813056700e+07
1.008393620036977157e+07
1.008330766742562130e+07
1.008181335939108394e+07
1.008012673427155614e+07
1.007830845411533304e+07
1.007622574407914467e+07
1.007445874329881556e+07
1.007351161405473389e+07
1.007309161012449674e+07
1.007317252816182002e+07
1.007388197979277186e+07
1.007483267601465993e+07
1.007601156427916698e+07
1.007715298369961418e+07
1.007797392306282185e+07
1.007824548763528094e+07
1.007866907091472857e+07
1.007914391087642685e+07
1.007953237922010385e+07
1.007995404133590683e+07
1.008059713355341926e+07
1.008126531831052527e+07
1.008205637687992677e+07
1.008277049344388768e+07
1.008301850508112647e+07
1.008285422305813804e+07
1.008223734418615885e+07
1.008122988692278787e+07
1.007993066178831831e+07
1.007832354799226858e+07
1.007673475388439558e+07
1.007528008404239826e+07
1.007423462335672416e+07
1.007340675019169413e+07
1.007329108452500775e+07
1.007342340447128937e+07
1.007414349920308217e+07
1.007512174312935211e+07
1.007632780909816921e+07
1.007705966401183791e+07
1.007828929778942838e+07
