6.444136729307460040e+07
6.444069166537463665e+07
6.444175462942910939e+07
6.444207141993576288e+07
6.444247145862241834e+07
6.444255894053905457e+07
6.444289455240457505e+07
6.444291459026169032e+07
6.444314248663065583e+07
6.444320633252916485e+07
6.444352402250227332e+07
6.444385595139691234e+07
6.444405083623212576e+07
6.444365255548810214e+07
6.444299345624092966e+07
6.444220407977078110e+07
6.444133151190220565e+07
6.444037001093241572e+07
6.443996782926794142e+07
6.444005298442067206e+07
6.444064063674539328e+07
6.444119959528444707e+07
6.444156756300904602e+07
6.444198809550953656e+07
6.444233784898462892e+07
6.444251105510116369e+07
6.444244746489895135e+07
6.444242276031664014e+07
6.444255332128252089e+07
6.444269339825073630e+07
6.444293835928910226e+07
6.444336055344504118e+07
6.444411362459391356e+07
6.444527351202952862e+07
6.444653523543343693e+07
6.444746678183634579e+07
6.444798084704612941e+07
6.444802202666030079e+07
6.444767832344305515e+07
6.444717786349491030e+07
6.444681293799391389e+07
6.444594492737487704e+07
6.444426598466892540e+07
6.444231470925571024e+07
6.444060528265342861e+07
6.443944766115585715e+07
6.443889868836805969e+07
6.443904775702620298e+07
6.443965139797009528e+07
6.444047010108376294e+07
6.444126590410046279e+07
6.444201001655820012e+07
6.444262762404040247e+07
6.444303245944264531e+07
6.444348651753100008e+07
6.444394908765137941e+07
6.444460985270862281e+07
6.444541502570562065e+07
6.444663440325577557e+07
6.444835115912018716e+07
6.445014361530365050e+07
6.445103981119361520e+07
6.445120203979374468e+07
6.445082135909648240e+07
6.444987166682156175e+07
6.444862095619086176e+07
6.444712922776120156e+07
6.444553849499326199e+07
6.444406679992727190e+07
6.444290121044706553e+07
6.444229047864497453e+07
6.444229276713937521e+07
6.444267211776492745e+07
6.444358319288013130e+07
6.444451974249876291e+07
6.444526115359508246e+07
6.444575787114963681e+07
6.444657721187703311e+07
6.444753463334911317e+07
6.444801226563500613e+07
6.444855618999557942e+07
6.444920549552185833e+07
6.445046604252778739e+07
6.445178022043789923e+07
6.445268338356845081e+07
6.445298655468752235e+07
6.445276314663280547e+07
6.445167955456192791e+07
6.444996673132391274e+07
6.444804530453307927e+07
6.444672203659198433e+07
6.444489611999764293e+07
6.444286672167959809e+07
6.444142418995731324e+07
6.444053105502473563e+07
6.444062237850439548e+07
6.444158757004799694e+07
6.444299250532189012e+07
6.444412185044703633e+07
6.444490134977172315e+07
6.444518548136533052e+07
6.444511107130046934e+07
6.444480303683225065e+07
6.444454219329866767e+07
6.444487075448236614e+07
6.444549849012459069e+07
6.444630001491076499e+07
6.444769984094654769e+07
6.444866321624664962e+07
6.444895509708564728e+07
6.444860016849815100e+07
6.444779039860679954e+07
6.444659218170175701e+07
6.444530101263662428e+07
6.444368732298357040e+07
6.444194548600292951e+07
6.444011311255135387e+07
6.443867231081598252e+07
6.443794079348076880e+07
6.443833466876764596e+07
6.443940860679896921e+07
6.444129231109894067e+07
6.444350615322727710e+07
6.444534263577300310e+07
6.444629418707625568e+07
6.444656768057137728e+07
6.444632990212365240e+07
6.444569061029905826e+07
6.444472832165807486e+07
6.444361084371125698e+07
6.444268044252592325e+07
6.444226475493734330e+07
6.444222532397305965e+07
6.444263414689452946e+07
6.444327509012918919e+07
6.444385848455455899e+07
6.444423866194193810e+07
6.444418514417350292e+07
6.444348182074587047e+07
6.444231914599545300e+07
6.444087838657630980e+07
6.443959692102664709e+07
6.443864335811232775e+07
6.443844750230576843e+07
6.443898641231323034e+07
6.444010916034945101e+07
6.444140877840650082e+07
6.444286645752838254e+07
6.444419617224863917e+07
6.444513603480337560e+07
6.444529618330340087e+07
6.444494641269668937e+07
6.444393980532974750e+07
6.444269838376552612e+07
6.444159643381822854e+07
6.444108277872573584e+07
6.444135517598692328e+07
6.444245315441416949e+07
6.444422692510640621e+07
6.444606267395351827e+07
6.444755181886016577e+07
6.444846188298177719e+07
6.444873153545863181e+07
6.444815577167294174e+07
6.444678241704437882e+07
6.444539080040787160e+07
6.444406178448572755e+07
6.444328382787713408e+07
6.444300291372558475e+07
6.444357462870620191e+07
6.444452548572696000e+07
6.444580465395948291e+07
6.444681234013815969e+07
6.444749851882070303e+07
6.444753639743615687e+07
6.444710591363982856e+07
6.444616863625127077e+07
6.444522924956177920e+07
6.444420409563104808e+07
6.444379996503984183e+07
6.444384980069131404e+07
6.444488276674911380e+07
6.444657837048314512e+07
6.444904857406091690e+07
6.445147253735855967e+07
6.445326813990880549e+07
6.445450671119577438e+07
6.445524155341460556e+07
6.445457273692540079e+07
6.445301883932398260e+07
6.445064991185292602e+07
6.444841580611465871e+07
6.444590101634614915e+07
6.444496583397256583e+07
6.444505187663031369e+07
6.444588838203527778e+07
6.444670512616057694e+07
6.444723372021313012e+07
6.444726611137756705e+07
6.444721195728921890e+07
6.444659649358265102e+07
6.444511305939630419e+07
6.444320147769279033e+07
6.444153870583231747e+07
6.444036123777776957e+07
6.443999887344995141e+07
6.444037996845883131e+07
6.444142178504247218e+07
6.444279542717761546e+07
6.444428989197386056e+07
6.444531201271257550e+07
6.444581193733806908e+07
6.444564519042608887e+07
6.444510278093332052e+07
6.444396091937355697e+07
6.444297161530092359e+07
6.444227365409217775e+07
6.444248197218596935e+07
6.444336531603808701e+07
6.444511674486882240e+07
6.444700622507132590e+07
6.444834083604510874e+07
6.444898475015447289e+07
6.444902789229513705e+07
6.444825929498457164e+07
6.444740449354633689e+07
6.444647210176604241e+07
6.444526967974349111e+07
6.444371080183616281e+07
6.444237428902425617e+07
6.444179944767418504e+07
6.444216897690356523e+07
6.444281510309876502e+07
6.444379295839348435e+07
6.444453028413544595e+07
6.444507957720244676e+07
6.444516757972797006e+07
6.444516715809044242e+07
6.444463019834983349e+07
6.444498887571638077e+07
6.444441822586657107e+07
6.444559921568074077e+07
6.444661075476207584e+07
6.444797907288676500e+07
6.444887816049716622e+07
6.444966898352694511e+07
6.445009894573938102e+07
6.445035746181385219e+07
6.444984707232721895e+07
6.444880553496173769e+07
6.444747566196794063e+07
6.444599426408051699e+07
6.444445113149074465e+07
6.444324768985424191e+07
6.444272557508890331e+07
6.444279235182999820e+07
6.444311727291058749e+07
6.444367838932720572e+07
6.444431005617874116e+07
6.444469066050880402e+07
6.444471755188126862e+07
6.444447743842382729e+07
6.444420780065412074e+07
6.444414175294561684e+07
6.444444641009514779e+07
6.444545586024166644e+07
6.444666372351294011e+07
6.444793119397902489e+07
6.444910368144913763e+07
6.445004583715482801e+07
6.445060210267966241e+07
6.445072172062740475e+07
6.445023411287828535e+07
6.444915481822501868e+07
6.444782080197460204e+07
6.444650819749457389e+07
6.444552991484919935e+07
6.444509136939771473e+07
6.444510983956317604e+07
6.444529239331131428e+07
6.444564407903419435e+07
6.444638303732702881e+07
6.444741699153821915e+07
6.444808707175759971e+07
6.444820344118992239e+07
6.444783018221613020e+07
6.444741088978417218e+07
6.444693005559126288e+07
6.444687853214105219e+07
6.444769199569913000e+07
6.444917568148697168e+07
6.445097871457976848e+07
6.445295074555084854e+07
6.445392599262308329e+07
6.445405375056000054e+07
6.445386118637602776e+07
6.445308098073316365e+07
6.445162969694260508e+07
6.444990183513194323e+07
6.444831036494491994e+07
6.444707489412911981e+07
6.444618029851277173e+07
6.444545077384062856e+07
6.444498646289695799e+07
6.444485750047014654e+07
6.444498721686093509e+07
6.444549096420742571e+07
6.444640278442736715e+07
6.444751557199449092e+07
6.444804142064333707e+07
6.444850112735652924e+07
6.444908243753903359e+07
6.444988108074434102e+07
6.444988668131133169e+07
6.444886980890276283e+07
6.444791646917898953e+07
6.444748535696009547e+07
6.444751909613651037e+07
6.444786989400102943e+07
6.444836961764603853e+07
6.444888095900775492e+07
6.444942721377468854e+07
6.445089706984440982e+07
6.445190881858413666e+07
6.445207192319133133e+07
6.445172632712314278e+07
6.445090471365606040e+07
6.444944232564250380e+07
6.444784528855948895e+07
6.444669456896946579e+07
6.444627484750180691e+07
6.444556104376168549e+07
6.444473631129051000e+07
6.444390070640959591e+07
6.444348983153171092e+07
6.444331593014992774e+07
