2.251393154945598915e+06
2.254263015758857131e+06
2.253926614355948754e+06
2.254639031659772620e+06
2.254531721108180005e+06
2.255012439926580526e+06
2.255097866042875219e+06
2.255389024006424472e+06
2.255266814931795932e+06
2.255255075463435147e+06
2.254874539435454179e+06
2.254288270425905474e+06
2.253222949069328606e+06
2.252290376994596329e+06
2.250931544054379221e+06
2.249742199764888734e+06
2.248432047244352754e+06
2.247453175021112897e+06
2.246651877033830155e+06
2.246532159888492897e+06
2.246863054898126982e+06
2.247757000089764129e+06
2.248854175994228106e+06
2.250286546380445361e+06
2.251621870831956156e+06
2.252813209524344653e+06
2.253488270074905828e+06
2.253927028594978619e+06
2.254054080104718916e+06
2.253910648666519206e+06
2.253757865582124796e+06
2.253713229842364788e+06
2.253684416466883384e+06
2.253759087296593003e+06
2.253968552661241032e+06
2.253941808009915985e+06
2.253496175850672182e+06
2.252918176784764975e+06
2.251913983143663034e+06
2.250462576819852460e+06
2.248779354330506176e+06
2.247097547631605063e+06
2.245649828050366603e+06
2.244747635287128855e+06
2.244511168179006316e+06
2.244993881003732327e+06
2.246162112457018811e+06
2.247843661365985405e+06
2.249612875531616621e+06
2.251337723905141000e+06
2.252546025043824222e+06
2.253164592348454986e+06
2.253289921611217782e+06
2.252977290381683502e+06
2.252427097786600702e+06
2.251883025709957816e+06
2.251565735616207123e+06
2.251636986186293419e+06
2.252098405996588990e+06
2.252560621051366441e+06
2.252840271958618425e+06
2.252825744861615822e+06
2.252361730581028387e+06
2.251212159147188999e+06
2.249459553363220766e+06
2.247331717995634302e+06
2.245095627749194391e+06
2.243315260988459457e+06
2.242311688236218411e+06
2.242148269811904058e+06
2.242981376092238352e+06
2.244617033482805826e+06
2.246813811109082308e+06
2.248972690098188352e+06
2.250801333646314219e+06
2.251812812096633483e+06
2.252229448697078042e+06
2.251936867083788849e+06
2.251121319661446381e+06
2.250234534963363782e+06
2.249560676210272126e+06
2.249300910184682813e+06
2.249684720063447021e+06
2.250596549506417010e+06
2.251505043773593381e+06
2.252222377021650318e+06
2.252579360684765037e+06
2.251991834334292915e+06
2.250620932174120564e+06
2.248380208529373631e+06
2.245794564082645811e+06
2.243325535311799031e+06
2.241472108919731807e+06
2.240605118956894148e+06
2.240926044490803033e+06
2.242242743881106842e+06
2.244427960031343158e+06
2.246964151565815788e+06
2.249244949530320708e+06
2.250947104840332177e+06
2.251862936009579804e+06
2.251761199859364424e+06
2.250829496151607018e+06
2.249637054801514372e+06
2.248413074645328801e+06
2.247658040854055434e+06
2.247915111951330211e+06
2.248788329028631095e+06
2.250103881112164818e+06
2.251662358381476719e+06
2.252865159834268037e+06
2.253222268093486317e+06
2.252515798324427102e+06
2.250649062786552589e+06
2.248097306791271549e+06
2.245163819676359184e+06
2.242653915020326152e+06
2.241037491182916798e+06
2.240508356047377456e+06
2.241247904202972539e+06
2.243135943737224676e+06
2.245741221831296571e+06
2.248304104792798404e+06
2.250499622637206223e+06
2.251823174353954848e+06
2.251943198908735532e+06
2.251107352181715891e+06
2.249628385676179081e+06
2.247872188317832071e+06
2.246464568310794886e+06
2.245989634687668644e+06
2.246527484599879012e+06
2.247908522331291810e+06
2.249740444958281703e+06
2.251816620887268800e+06
2.253147565390087198e+06
2.253355646811524406e+06
2.252208259099898860e+06
2.250129993330129422e+06
2.247183949375836179e+06
2.244256094213339500e+06
2.241862034199200105e+06
2.240552072713774629e+06
2.240500732943424024e+06
2.241872309665812179e+06
2.244175400063828100e+06
2.246853395667220466e+06
2.249324619014626835e+06
2.251121892702578101e+06
2.251728932867036667e+06
2.251113856588940602e+06
2.249525078056618571e+06
2.247528529756525531e+06
2.245460635796675924e+06
2.244259898979688995e+06
2.244111046255162451e+06
2.244964013737443835e+06
2.246818660202289000e+06
2.249372746257973369e+06
2.251474289267352782e+06
2.252765345991532318e+06
2.252729334663678892e+06
2.251461346344919875e+06
2.249057913226130418e+06
2.246278854984207544e+06
2.243548152865256649e+06
2.241617682579520624e+06
2.240796622703215573e+06
2.241443030463958159e+06
2.243234944704541005e+06
2.245602746356626973e+06
2.248164041123180650e+06
2.250364352911872324e+06
2.251474162689907942e+06
2.251212738213763107e+06
2.249896021769354586e+06
2.247775592580501456e+06
2.245218565257728565e+06
2.243315731785648037e+06
2.242279315700596664e+06
2.242425624761416111e+06
2.243775441988153383e+06
2.246212761287632864e+06
2.248765805830616038e+06
2.250953799152773805e+06
2.252017524153360166e+06
2.251928740318919998e+06
2.250489565664001741e+06
2.248329659888492431e+06
2.245763648497625720e+06
2.243743584267043974e+06
2.242268000820998102e+06
2.242632832859853748e+06
2.243547892888627481e+06
2.245498531744697131e+06
2.247939393211678602e+06
2.250215209306357428e+06
2.251580500051219482e+06
2.251788935002001468e+06
2.250898789819891099e+06
2.248867775394266006e+06
2.246237384147143923e+06
2.243792728362941649e+06
2.241891129241592716e+06
2.241151848563229665e+06
2.241646427922785748e+06
2.243484561103266198e+06
2.245942503523653373e+06
2.248484361683380790e+06
2.250334911683652084e+06
2.251218411757852882e+06
2.250680259012129623e+06
2.249389067946253810e+06
2.247576026234079152e+06
2.245625426741985604e+06
2.244102847478348762e+06
2.243642549961769022e+06
2.244066561722736806e+06
2.245632186398021411e+06
2.247574415153632406e+06
2.249695059508960694e+06
2.251274691383245401e+06
2.251965722412228119e+06
2.251264077234071214e+06
2.249745197620176710e+06
2.247127709297883790e+06
2.244462792641758453e+06
2.242001581963174511e+06
2.240436103117658291e+06
2.239771744207668118e+06
2.240852320350322872e+06
2.242597453468308784e+06
2.244960426081286278e+06
2.246962477192607243e+06
2.248731875106642488e+06
2.249085802376809530e+06
2.249092515476691537e+06
2.247654951625175774e+06
2.246765833974116948e+06
2.244702464495426975e+06
2.244887841076882090e+06
2.244622873178237583e+06
2.245670989238977432e+06
2.247107908379619941e+06
2.249002618274707813e+06
2.250573437806679867e+06
2.251419871544534806e+06
2.251414404746531975e+06
2.250216923271017149e+06
2.247910822319661733e+06
2.245409671103276778e+06
2.242997162373072933e+06
2.240778327543931548e+06
2.239519088759289123e+06
2.239430545834516641e+06
2.240366493025614880e+06
2.242018050386899617e+06
2.243861495794117451e+06
2.245693196905551013e+06
2.246882633328120224e+06
2.247270155555970035e+06
2.247004022879836150e+06
2.246318613412020262e+06
2.245474794276695233e+06
2.245108181029400323e+06
2.245220032042823266e+06
2.245650576766363811e+06
2.246723216685817111e+06
2.248220734788469039e+06
2.249561368294815999e+06
2.250553736373595893e+06
2.250889068111770786e+06
2.250154869137185160e+06
2.248660426688371226e+06
2.246625123295126017e+06
2.244317826989709400e+06
2.242077418456487358e+06
2.240380948472405318e+06
2.239489256495107897e+06
2.239508887499536853e+06
2.240365769802144729e+06
2.241546732153562363e+06
2.242982817700560670e+06
2.244303422368458938e+06
2.245322087387899403e+06
2.245794393137419596e+06
2.245856325625871308e+06
2.245708905318661127e+06
2.245705311226754915e+06
2.245881367409764323e+06
2.246205756716574077e+06
2.246972653715421911e+06
2.248060408534449525e+06
2.249110755337080453e+06
2.249948542605014518e+06
2.250358028514673468e+06
2.250081526519377250e+06
2.249156297462930903e+06
2.247653395325793419e+06
2.245972248016902711e+06
2.244052835024239495e+06
2.242228134701471310e+06
2.240895748956224415e+06
2.240175622203574982e+06
2.239918867955646012e+06
2.240295671497410629e+06
2.241046964770219754e+06
2.241973194391396828e+06
2.243133566961665638e+06
2.244101304401214700e+06
2.244767798282287084e+06
2.245243026910506189e+06
2.245737090790383983e+06
2.246158546014213003e+06
2.246602380376801826e+06
2.247078810370135587e+06
2.247664595500085969e+06
2.248355363049414475e+06
2.248955831147565972e+06
2.249339756099164486e+06
2.249368362752409652e+06
2.248986897892664187e+06
2.248262790126703680e+06
2.247221072876962833e+06
2.245836228636814281e+06
2.244391779416837730e+06
2.242967724712004885e+06
2.241694396752492059e+06
2.240703945641643833e+06
2.240184856535197701e+06
2.240070267520914320e+06
2.240470217564026825e+06
2.241185190032821149e+06
2.242290971780105960e+06
2.243370099434227683e+06
2.244551158876547590e+06
