1.904936349228871986e+07
1.904365782413649559e+07
1.904320696553651989e+07
1.904073351619406790e+07
1.903992860053758323e+07
1.903781022107460722e+07
1.903746437480074912e+07
1.903919634699941427e+07
1.904332721241783723e+07
1.904647092814952135e+07
1.904908619183131680e+07
1.905120557813216001e+07
1.905299079280935973e+07
1.905198266775733605e+07
1.904912356126087531e+07
1.904539666502432525e+07
1.904248532928282022e+07
1.904078446131609380e+07
1.904085218283307180e+07
1.904270773973696306e+07
1.904591426201791689e+07
1.904758384243196622e+07
1.904708069365456700e+07
1.904542307035084069e+07
1.904361351460459828e+07
1.904139092364443466e+07
1.903964837158949301e+07
1.903920654717245698e+07
1.903974958297760412e+07
1.904086676504877582e+07
1.904431976756548882e+07
1.904878331131881103e+07
1.905281780402661487e+07
1.905503961580202729e+07
1.905633768747856095e+07
1.905621252508093044e+07
1.905460329352044314e+07
1.905092198074334487e+07
1.904639521112579852e+07
1.904169615839260817e+07
1.903791429308744892e+07
1.903557549151900038e+07
1.903540974504860863e+07
1.903734768372402340e+07
1.904102837197250873e+07
1.904612715108508617e+07
1.905064943448045477e+07
1.905254163309990242e+07
1.905363740086026862e+07
1.905407798407747224e+07
1.905361594454745576e+07
1.905257976817300543e+07
1.905131426076240093e+07
1.904918326138411462e+07
1.904779550566280633e+07
1.904870553622120619e+07
1.905067481018216163e+07
1.905335120382652804e+07
1.905687792105913162e+07
1.905947741938216984e+07
1.905827334637154266e+07
1.905403219069016725e+07
1.904920979918240383e+07
1.904425122608236223e+07
1.903992499698358774e+07
1.903624899494206533e+07
1.903366046607099846e+07
1.903256509315676615e+07
1.903361641857720912e+07
1.903690956327496842e+07
1.904067806280855834e+07
1.904288623373188823e+07
1.904479392896693200e+07
1.904473197275452688e+07
1.904387687663305178e+07
1.904219285931228101e+07
1.904050625340649486e+07
1.903816233027120680e+07
1.903589680230753496e+07
1.903456675427762046e+07
1.903560822073707730e+07
1.903868289559965581e+07
1.904203161945568025e+07
1.904501066824457049e+07
1.904629859412186220e+07
1.904600525762756914e+07
1.904383862100914866e+07
1.904044646394329518e+07
1.903610789787994325e+07
1.903179383518297598e+07
1.902858312197367847e+07
1.902659990037354454e+07
1.902588476921326295e+07
1.902651944752364978e+07
1.902872843420456722e+07
1.903159350028203428e+07
1.903493606011310965e+07
1.903659588735725731e+07
1.903820979462744668e+07
1.903924696985558420e+07
1.903890658510942757e+07
1.903802156683598459e+07
1.903723127480616048e+07
1.903621809982192144e+07
1.903570655192744732e+07
1.903615781806432083e+07
1.903766778560807556e+07
1.904064672614312917e+07
1.904265902509328723e+07
1.904334589691805467e+07
1.904339361053104699e+07
1.904401246927683055e+07
1.904279006281913444e+07
1.903923882904689014e+07
1.903537842853047699e+07
1.903165903007756546e+07
1.902883166122694314e+07
1.902751093618179858e+07
1.902825731753807142e+07
1.903050454642803967e+07
1.903379594667756557e+07
1.903806984997139499e+07
1.904138753703760728e+07
1.904425672028324753e+07
1.904607227309118584e+07
1.904533759287734702e+07
1.904403172579222172e+07
1.904221384750276804e+07
1.904065255029244348e+07
1.903983937072692811e+07
1.904035728323419020e+07
1.904264583560796082e+07
1.904673906989268586e+07
1.905108250027704984e+07
1.905422619223268330e+07
1.905656730492252111e+07
1.905708397659479827e+07
1.905465788998310268e+07
1.905079880600265041e+07
1.904613805786617100e+07
1.904061383425165713e+07
1.903584327129000053e+07
1.903276717907304317e+07
1.903161345884161443e+07
1.903228528034937754e+07
1.903460061524428800e+07
1.903799199907419831e+07
1.904127714968371019e+07
1.904517956007335708e+07
1.904950256659696624e+07
1.905192339082847908e+07
1.905116411884605512e+07
1.904791166301335022e+07
1.904372993020792678e+07
1.903943259561168775e+07
1.903698818278754875e+07
1.903703904756255075e+07
1.903988444553516060e+07
1.904270102658095583e+07
1.904445605361016095e+07
1.904577300235071778e+07
1.904731155802403018e+07
1.904637297706159577e+07
1.904273256971164048e+07
1.903786834424823150e+07
1.903337672825659066e+07
1.903032281378768384e+07
1.902946903014712036e+07
1.903070619818321615e+07
1.903294665677424893e+07
1.903579710626779869e+07
1.903875217692040652e+07
1.904170222054890171e+07
1.904339520338096097e+07
1.904211326958946884e+07
1.903958281180914119e+07
1.903639304086191207e+07
1.903274737109772861e+07
1.902889601570827886e+07
1.902644092561676726e+07
1.902526634394968674e+07
1.902523299912348762e+07
1.902596734052473307e+07
1.902753376232206821e+07
1.902922743030158430e+07
1.903159716501688957e+07
1.903352054348900542e+07
1.903551183883382380e+07
1.903762767703188956e+07
1.903995332314075902e+07
1.903960033582414314e+07
1.903947840878527984e+07
1.904232330406713113e+07
1.903942883581892028e+07
1.904219251986483485e+07
1.904327483403314278e+07
1.904504618131597340e+07
1.904729927866830304e+07
1.905083785569030046e+07
1.905274394375753775e+07
1.905250862322138250e+07
1.905012362432239577e+07
1.904690730980799720e+07
1.904361359635824710e+07
1.904112141655736789e+07
1.904004522662954032e+07
1.904079498586267233e+07
1.904285059614165127e+07
1.904650447347213328e+07
1.905099867155507952e+07
1.905563956953152642e+07
1.905989300253595784e+07
1.906457107361489162e+07
1.906653463613538817e+07
1.906278111990812793e+07
1.905707961225398257e+07
1.905158024438866973e+07
1.904756189256061614e+07
1.904517909617265314e+07
1.904443603190596774e+07
1.904405633633269742e+07
1.904381796959604695e+07
1.904387757371734828e+07
1.904406228934171423e+07
1.904411355277549103e+07
1.904451684461317584e+07
1.904386543368078768e+07
1.904356837420658767e+07
1.904336796848643944e+07
1.904355704804746807e+07
1.904366887813507020e+07
1.904439994372094050e+07
1.904448342312386259e+07
1.904509608836857602e+07
1.904573172481953725e+07
1.904834123023363948e+07
1.905091215186278149e+07
1.905276896770628169e+07
1.905365987144356966e+07
1.905711198362766579e+07
1.905470855167647079e+07
1.905590687565457448e+07
1.905279034059259668e+07
1.904825115291339904e+07
1.904346792766105756e+07
1.904035483641396835e+07
1.903805573606735468e+07
1.903689547157911211e+07
1.903590869332340732e+07
1.903518648948715255e+07
1.903423570601468161e+07
1.903336475400276110e+07
1.903191638347632065e+07
1.903036651839233190e+07
1.902898057598709315e+07
1.902847090953509137e+07
1.902864631104649976e+07
1.902972432134177908e+07
1.903136504185036197e+07
1.903304418705013767e+07
1.903453865922801942e+07
1.903592134833556041e+07
1.903662052117604017e+07
1.903628746756357700e+07
1.903566397134015337e+07
1.903495095903059095e+07
1.903325274261529371e+07
1.903092706285299361e+07
1.902870281825932115e+07
1.902737067205685377e+07
1.902649593109158054e+07
1.902605332794498652e+07
1.902543189287882671e+07
1.902457067279119790e+07
1.902282016440146416e+07
1.902100362596467510e+07
1.901944250288049132e+07
1.901795184430623055e+07
1.901652075443920493e+07
1.901657611059346423e+07
1.901847428079823777e+07
1.902105015269114450e+07
1.902342500865404680e+07
1.902608335409305245e+07
1.902869148590423167e+07
1.903195190849858150e+07
1.903402740746857598e+07
1.903542850744213164e+07
1.903521679212737456e+07
1.903299222981486470e+07
1.903058908214488626e+07
1.902785990844019502e+07
1.902599819909096882e+07
1.902408046258690208e+07
1.902326709463423491e+07
1.902328228108312935e+07
1.902371242406884581e+07
1.902522747221167386e+07
1.902681555872412771e+07
1.902883739670052007e+07
1.903169578981707618e+07
1.903462021870189533e+07
1.903531276556356996e+07
1.903446380074369162e+07
1.903404711265930906e+07
1.903379142952011153e+07
1.903355161886667460e+07
1.903288879057341814e+07
1.903262519891875982e+07
1.903293586108440533e+07
1.903370143309505656e+07
1.903506687998520955e+07
1.903865533085414767e+07
1.904246429615848884e+07
1.904598877143854275e+07
1.904751953839109093e+07
1.904796864877489954e+07
1.904795397748280689e+07
1.904725552027429268e+07
1.904633397444012016e+07
1.904556576981556788e+07
1.904546243441013247e+07
1.904699188612128794e+07
1.904606438633111864e+07
1.904366903450726345e+07
1.904295962944345921e+07
1.904334046207915619e+07
1.904410925437743217e+07
1.904482973048201203e+07
1.904623514017651603e+07
1.904901945045935363e+07
1.905169773418751359e+07
1.905399995540923253e+07
1.905629265712245554e+07
1.905654312714457884e+07
1.905364756127259880e+07
