2.597442880914846901e+06
2.601289443288916722e+06
2.600470689346159808e+06
2.601359178612876218e+06
2.601122303198694717e+06
2.601708408365942072e+06
2.601717780463216361e+06
2.602072642892423086e+06
2.601858396411476657e+06
2.601893589086350519e+06
2.601439908978737425e+06
2.600816347547876649e+06
2.599633911900093313e+06
2.598675783736237790e+06
2.597219792932835408e+06
2.595955230712592602e+06
2.594600600850468501e+06
2.593612659771221690e+06
2.592769578730515204e+06
2.592677255100514740e+06
2.593030071112662554e+06
2.593951566912650131e+06
2.595014151887588669e+06
2.596447812643129379e+06
2.597711544991186820e+06
2.598833406849585008e+06
2.599484765523384791e+06
2.599890404930345714e+06
2.600000418582743499e+06
2.599819877989792731e+06
2.599657905796790030e+06
2.599652267589375377e+06
2.599617054020380136e+06
2.599648966196526308e+06
2.599826047493346501e+06
2.599755298337282147e+06
2.599221231001073495e+06
2.598576267344260123e+06
2.597530540575035382e+06
2.595986318923179992e+06
2.594278852332664188e+06
2.592582791322686709e+06
2.591129753772263415e+06
2.590247700289768167e+06
2.590081119714377448e+06
2.590530936930103227e+06
2.591667964308810420e+06
2.593310300617172848e+06
2.595056244032947812e+06
2.596741920392836910e+06
2.597894579460528214e+06
2.598454215951839462e+06
2.598539163558487780e+06
2.598216869449209422e+06
2.597647426824826282e+06
2.597124870154748205e+06
2.596834247275969479e+06
2.596887226434864104e+06
2.597360578727387823e+06
2.597821849353753496e+06
2.597997591359808110e+06
2.597920895127845462e+06
2.597376379638903774e+06
2.596120670216342900e+06
2.594312358577236068e+06
2.592124842523275409e+06
2.589872780668460764e+06
2.588127256445402745e+06
2.587199677656666376e+06
2.587085989103501663e+06
2.587951218201350421e+06
2.589618628190704156e+06
2.591784718226531520e+06
2.593874718081819825e+06
2.595608240974991117e+06
2.596518737051939592e+06
2.596853294080306310e+06
2.596520634135093074e+06
2.595612041240472347e+06
2.594703278002254199e+06
2.594046756160043180e+06
2.593760946085803211e+06
2.594179874594088178e+06
2.595110159518586472e+06
2.595937109896880109e+06
2.596632822501464747e+06
2.596877361939965747e+06
2.596117415758975782e+06
2.594593666833672673e+06
2.592257614507188089e+06
2.589618884006311186e+06
2.587146605723011773e+06
2.585339259295206983e+06
2.584512796513696201e+06
2.584913399213972501e+06
2.586257740202447399e+06
2.588468831847560592e+06
2.591023846168328077e+06
2.593175314063897822e+06
2.594752233594376594e+06
2.595602932595201768e+06
2.595343335382502992e+06
2.594332562252724078e+06
2.593131000417910051e+06
2.591865397896269802e+06
2.591135780526022427e+06
2.591470153171419166e+06
2.592393456961263437e+06
2.593709776673538610e+06
2.595222303741279058e+06
2.596379521895344835e+06
2.596561526878788602e+06
2.595730300569753628e+06
2.593735209478637669e+06
2.591094153971416876e+06
2.588168193792156409e+06
2.585669217650723178e+06
2.584103235068215523e+06
2.583656954717936926e+06
2.584421550386614166e+06
2.586438342774640769e+06
2.589007765896027442e+06
2.591468763892929070e+06
2.593625979017226957e+06
2.594858806142464746e+06
2.594797129509394523e+06
2.593869665551976766e+06
2.592294292853420135e+06
2.590518420672279783e+06
2.589123076745344792e+06
2.588725041585711297e+06
2.589319691239845008e+06
2.590793505757218227e+06
2.592582129257997032e+06
2.594580661944509484e+06
2.595823320330922958e+06
2.595905297318936791e+06
2.594613974550900981e+06
2.592442297749721445e+06
2.589408715084796306e+06
2.586512717880808748e+06
2.584165278970689513e+06
2.582937518764668610e+06
2.582977638971238397e+06
2.584483610335807782e+06
2.586836874450919218e+06
2.589524372013306711e+06
2.591905037624627817e+06
2.593651178415820468e+06
2.594129658960502595e+06
2.593420579081294127e+06
2.591757897660072893e+06
2.589730532133844681e+06
2.587646480633004569e+06
2.586537724876192864e+06
2.586505407699312083e+06
2.587432189437498804e+06
2.589329306296498049e+06
2.591927136888124049e+06
2.593937443414370529e+06
2.595105214285206981e+06
2.594964937168406788e+06
2.593537202318136115e+06
2.591043552634662483e+06
2.588263435359254479e+06
2.585527650878352113e+06
2.583729385699652601e+06
2.582971725778890308e+06
2.583740637060276698e+06
2.585612130085700657e+06
2.588002917567888740e+06
2.590487389658277389e+06
2.592673825236786623e+06
2.593604397438835818e+06
2.593247326915248763e+06
2.591830273596138228e+06
2.589633717433018610e+06
2.587036927143755835e+06
2.585228026257280726e+06
2.584225802859566174e+06
2.584463890010441653e+06
2.585866917733603157e+06
2.588350917951634619e+06
2.590785594490030780e+06
2.592911917487278115e+06
2.593819238610563800e+06
2.593631807524054777e+06
2.592058470238672104e+06
2.589859447584494017e+06
2.587185325130954850e+06
2.585233890324029606e+06
2.583703341966570355e+06
2.584341934969780501e+06
2.585180586170871276e+06
2.587221244306008797e+06
2.589619480645512696e+06
2.591922314883911051e+06
2.593140772281039972e+06
2.593255135584047064e+06
2.592271144430630375e+06
2.590175627861716319e+06
2.587576357256242540e+06
2.585267948705524672e+06
2.583445259884916712e+06
2.582868595389221795e+06
2.583472111196144484e+06
2.585416574703104794e+06
2.587950867726757657e+06
2.590480655378200579e+06
2.592264851337684784e+06
2.593136790072291158e+06
2.592470164158469066e+06
2.591166520742336754e+06
2.589367506286504213e+06
2.587482086256255861e+06
2.586060167377620470e+06
2.585812642872238997e+06
2.586322803604234476e+06
2.588012321618058719e+06
2.589982912303654477e+06
2.592132208409612998e+06
2.593608125439164229e+06
2.594253272148200776e+06
2.593467828962588217e+06
2.591995676219903398e+06
2.589323567129060160e+06
2.586743232810665388e+06
2.584386661620027851e+06
2.583034907108505722e+06
2.582439296570706181e+06
2.583748594357041642e+06
2.585503220382684842e+06
2.587935134040094912e+06
2.589907886381234042e+06
2.591713878793008626e+06
2.591849336038900074e+06
2.591948170529508963e+06
2.590347625343780033e+06
2.589645431521940511e+06
2.587308961580268573e+06
2.587829357814231422e+06
2.587644505896178074e+06
2.588797605716054793e+06
2.590236478590080049e+06
2.592160686678491998e+06
2.593739492909047287e+06
2.594432122709892225e+06
2.594294241902076639e+06
2.593029222056382801e+06
2.590600866082818247e+06
2.588140799907934386e+06
2.585794447416771669e+06
2.583591291708524339e+06
2.582452965521715116e+06
2.582461525774235372e+06
2.583436120705900248e+06
2.585120583821459673e+06
2.586958894164935686e+06
2.588728754566920456e+06
2.589882658840939403e+06
2.590132617423363496e+06
2.589835821553659625e+06
2.589136468124688137e+06
2.588213981508280616e+06
2.587818570734759327e+06
2.588040246412816457e+06
2.588533608407746069e+06
2.589731746779060457e+06
2.591267188479931094e+06
2.592593522824285086e+06
2.593571393773731776e+06
2.593778489664988127e+06
2.592946173431195319e+06
2.591362938348780852e+06
2.589279798844440375e+06
2.586948575749668758e+06
2.584652419480266515e+06
2.582947222031697165e+06
2.582212133523206692e+06
2.582418251131315250e+06
2.583301842952617444e+06
2.584457042048546951e+06
2.585919241685635410e+06
2.587230935001302510e+06
2.588196615622918587e+06
2.588640578400004189e+06
2.588625865962777287e+06
2.588428279751689639e+06
2.588315879116340540e+06
2.588587109292575624e+06
2.589000909511695150e+06
2.589790286911740433e+06
2.590890086385755800e+06
2.591921511408004444e+06
2.592756181255348492e+06
2.593155989456385840e+06
2.592811693226051517e+06
2.591816458540120628e+06
2.590296294030365534e+06
2.588578244381248951e+06
2.586577761649672873e+06
2.584728692235739436e+06
2.583530485765482765e+06
2.582924358386143576e+06
2.582701641753151547e+06
2.583151496963922400e+06
2.583948062812354881e+06
2.584913219165123533e+06
2.586111183182525449e+06
2.587051400861334987e+06
2.587636713681954425e+06
2.588084798159257043e+06
2.588488460538148414e+06
2.588949882928525098e+06
2.589467472849723883e+06
2.589993670948206447e+06
2.590598827498379163e+06
2.591362393233615905e+06
2.591977390530288685e+06
2.592375193215171807e+06
2.592388704675361048e+06
2.591978301533824299e+06
2.591220024915141053e+06
2.590137779884635471e+06
2.588719900207223836e+06
2.587216823410126846e+06
2.585813024004454259e+06
2.584551008675226010e+06
2.583600846990920138e+06
2.583136416836433578e+06
2.583063879283082671e+06
2.583545933436814696e+06
2.584318311589845922e+06
2.585419582541349810e+06
2.586422347994089592e+06
2.587546393184096552e+06
