2.093143406721372157e+07
2.093241494793511182e+07
2.093304289365531877e+07
2.093345959914646298e+07
2.093366846080404148e+07
2.093406694309836626e+07
2.093439079734382033e+07
2.093444384001049027e+07
2.093422335689032823e+07
2.093380989094062895e+07
2.093304685834203288e+07
2.093191712560477480e+07
2.093055615905657783e+07
2.092925486494146287e+07
2.092794593407798931e+07
2.092686961949574575e+07
2.092592317028024048e+07
2.092517153084411472e+07
2.092480896627888083e+07
2.092489703449738026e+07
2.092563985028465465e+07
2.092655810096238554e+07
2.092765787441260368e+07
2.092893313581273705e+07
2.093019430792025477e+07
2.093116821102286875e+07
2.093190547670575976e+07
2.093253116849444807e+07
2.093274525570454448e+07
2.093265351291548088e+07
2.093261898080626130e+07
2.093264275037270039e+07
2.093257346696402878e+07
2.093262611827578023e+07
2.093271545570069179e+07
2.093223589686165750e+07
2.093146668304698542e+07
2.093052266999895126e+07
2.092915371500020102e+07
2.092753872979975119e+07
2.092596343884148076e+07
2.092484450000625476e+07
2.092409926332524419e+07
2.092384799885918945e+07
2.092423212286214530e+07
2.092510821019770950e+07
2.092654014365813509e+07
2.092825409136772901e+07
2.092993512466993183e+07
2.093136037136582285e+07
2.093240059400282800e+07
2.093297020021641627e+07
2.093305930668108538e+07
2.093285477873539925e+07
2.093260686550640687e+07
2.093248981256751716e+07
2.093262638036129624e+07
2.093291752120059729e+07
2.093336766715735942e+07
2.093365492865227535e+07
2.093349719293362275e+07
2.093298025660434738e+07
2.093200797976386175e+07
2.093040833566999435e+07
2.092843972475006431e+07
2.092647545105820149e+07
2.092473263682333753e+07
2.092362339415040985e+07
2.092339952882019430e+07
2.092402432959036157e+07
2.092526880285528675e+07
2.092713558193603531e+07
2.092922800480452925e+07
2.093100109325837716e+07
2.093221241132295132e+07
2.093295391360504180e+07
2.093323839051666483e+07
2.093290136124471948e+07
2.093229085447628796e+07
2.093173642373469472e+07
2.093147580264496803e+07
2.093167406053508073e+07
2.093233189365464449e+07
2.093312699766692519e+07
2.093367616633437574e+07
2.093389262523683906e+07
2.093346939424919710e+07
2.093233111739114299e+07
2.093042068831782788e+07
2.092810424517864734e+07
2.092577677163582295e+07
2.092384651919571683e+07
2.092293872127669677e+07
2.092281501243862137e+07
2.092371579279024899e+07
2.092551495436367765e+07
2.092791797308523208e+07
2.093010479781029746e+07
2.093167782440762222e+07
2.093268118881307915e+07
2.093310572424327955e+07
2.093290210036931932e+07
2.093216152445062250e+07
2.093122902631979436e+07
2.093049044213688746e+07
2.093025015201972052e+07
2.093081482063249126e+07
2.093193067846759036e+07
2.093311516323599592e+07
2.093412291871564835e+07
2.093459837399863824e+07
2.093413270464070141e+07
2.093262628757622465e+07
2.093023818814444169e+07
2.092740829500877112e+07
2.092472834459886700e+07
2.092295062218172848e+07
2.092223466618276760e+07
2.092257397909124568e+07
2.092398326762632653e+07
2.092628091146472469e+07
2.092881046030841023e+07
2.093111209400686249e+07
2.093281580429344624e+07
2.093333059917441756e+07
2.093291512323663756e+07
2.093180366392882168e+07
2.093045865959870443e+07
2.092920478267976642e+07
2.092856340976090729e+07
2.092886987345792726e+07
2.092986097676220536e+07
2.093134068375684321e+07
2.093302088036818430e+07
2.093434131455278024e+07
2.093478104953185469e+07
2.093401163175036013e+07
2.093208159543701634e+07
2.092945842345992848e+07
2.092654469042657688e+07
2.092420633151954785e+07
2.092267355606738850e+07
2.092221708907177672e+07
2.092302102491328493e+07
2.092506273583914340e+07
2.092766789418220893e+07
2.093028075162324682e+07
2.093229368846864626e+07
2.093315883681982756e+07
2.093298953729288653e+07
2.093188674416228756e+07
2.093036223041910306e+07
2.092867505142865703e+07
2.092736662559916824e+07
2.092699964653100073e+07
2.092752053180160001e+07
2.092883510503833741e+07
2.093074897676513344e+07
2.093277471953752637e+07
2.093411978088051826e+07
2.093456315223488957e+07
2.093388996256031841e+07
2.093213101292556152e+07
2.092957629834074527e+07
2.092713356446473673e+07
2.092537524331596866e+07
2.092434960244264454e+07
2.092448052753352746e+07
2.092594826229846850e+07
2.092826219826991111e+07
2.093071714307384938e+07
2.093303773070453480e+07
2.093442536767534539e+07
2.093469370686796680e+07
2.093381591107445210e+07
2.093204758964159712e+07
2.092981020244694874e+07
2.092773684706677496e+07
2.092654724304335564e+07
2.092631658519126102e+07
2.092713718563691154e+07
2.092897040169178322e+07
2.093139151149778813e+07
2.093347146888947487e+07
2.093479925825270265e+07
2.093501143297583982e+07
2.093406245629344136e+07
2.093203346054390445e+07
2.092978040155688673e+07
2.092784110705441609e+07
2.092651132633540407e+07
2.092642361457730457e+07
2.092792920194679871e+07
2.092908529148620367e+07
2.093139856874196976e+07
2.093347689417854324e+07
2.093499017975700647e+07
2.093540521344580874e+07
2.093476853827187419e+07
2.093319712647974491e+07
2.093118420155845582e+07
2.092884151646781340e+07
2.092702691432325542e+07
2.092610322341588885e+07
2.092625247565040737e+07
2.092742041811460629e+07
2.092939299093889818e+07
2.093172142543167248e+07
2.093363262822873518e+07
2.093464323393922299e+07
2.093450705236443877e+07
2.093326805638189614e+07
2.093172101397669688e+07
2.092997860840738565e+07
2.092856579029760137e+07
2.092776378070526570e+07
2.092798537030746788e+07
2.092913908404722065e+07
2.093084254448556155e+07
2.093288597043427080e+07
2.093458528739994764e+07
2.093554085565451160e+07
2.093518774763743952e+07
2.093383769609079137e+07
2.093158890713712573e+07
2.092896788125901669e+07
2.092665876776202768e+07
2.092501105178961158e+07
2.092426357332288101e+07
2.092467306737113371e+07
2.092632264271971583e+07
2.092861616709095240e+07
2.093108592306505516e+07
2.093291333897083998e+07
2.093394514397321641e+07
2.093394139853717014e+07
2.093343616922025755e+07
2.093219537775344029e+07
2.093085490783520415e+07
2.092989045427725092e+07
2.092920820611454919e+07
2.093091959496114776e+07
2.093209182710120827e+07
2.093407203952918574e+07
2.093585496638763323e+07
2.093710774721018225e+07
2.093725798510521278e+07
2.093647326446203142e+07
2.093449262945557386e+07
2.093198735333693773e+07
2.092932246746828780e+07
2.092700904942209646e+07
2.092527961734646186e+07
2.092464337658900023e+07
2.092525565993461385e+07
2.092675833888449892e+07
2.092863347931841016e+07
2.093054619034833461e+07
2.093195692721172050e+07
2.093275716607648134e+07
2.093296116788337007e+07
2.093259700279072672e+07
2.093182621408270672e+07
2.093104093048501760e+07
2.093096241458235309e+07
2.093135143998678774e+07
2.093216425623928756e+07
2.093346494187689945e+07
2.093504244354758039e+07
2.093639489684825018e+07
2.093706592369161919e+07
2.093665844252282009e+07
2.093543780384237692e+07
2.093355701117693260e+07
2.093110975327878818e+07
2.092852983428949490e+07
2.092646538369040564e+07
2.092506079789341614e+07
2.092470158538335562e+07
2.092524191783895344e+07
2.092638858762414381e+07
2.092792977176642418e+07
2.092938266771180555e+07
2.093044210255528614e+07
2.093114967881271243e+07
2.093133961734869331e+07
2.093115537406078354e+07
2.093110524043828249e+07
2.093140250289666653e+07
2.093189776548057422e+07
2.093279860798563436e+07
2.093378319484904408e+07
2.093461331039964408e+07
2.093537182549240440e+07
2.093590761707017943e+07
2.093587263320273161e+07
2.093509019720927253e+07
2.093348562841567770e+07
2.093155719923829660e+07
2.092956902116509899e+07
2.092757183989543840e+07
2.092596469770183042e+07
2.092495324267843366e+07
2.092458651474608853e+07
2.092480903570546582e+07
2.092553703899163008e+07
2.092661938221959025e+07
2.092762102056098729e+07
2.092858302610826120e+07
2.092916309646230191e+07
2.092934738311545923e+07
2.092966945893201604e+07
2.093021634464668855e+07
2.093096285823753104e+07
2.093156786004334688e+07
2.093221596952040866e+07
2.093293472968491912e+07
2.093358602128532156e+07
2.093410366313671693e+07
2.093419468269142509e+07
2.093375295046602935e+07
2.093276433847074583e+07
2.093154561233849451e+07
2.093003154654657468e+07
2.092839545855034515e+07
2.092684450517467409e+07
2.092567989829481766e+07
2.092457447677439079e+07
2.092384136913933977e+07
2.092364349100333825e+07
2.092390553111263365e+07
2.092453589533560351e+07
2.092552646658253297e+07
2.092628339860412478e+07
2.092707850374802947e+07
2.092759871372439340e+07
