5.747112485926751047e+06
5.747989713268964551e+06
5.748290854739460163e+06
5.748612001465569250e+06
5.748771967837549746e+06
5.749166953450937755e+06
5.749495425145756453e+06
5.749652071889835410e+06
5.749674122938692570e+06
5.749515189198483713e+06
5.749134578505477868e+06
5.748370000666370615e+06
5.747243554398424923e+06
5.746194010616100393e+06
5.744956446490786038e+06
5.743712793654358014e+06
5.742554608406593092e+06
5.741670221351489425e+06
5.741143123721268959e+06
5.741163882033149712e+06
5.741811579993871972e+06
5.742811479187438264e+06
5.744048675405458547e+06
5.745488815809775144e+06
5.746803481758364476e+06
5.747886257231332362e+06
5.748569494413180277e+06
5.749044956221420318e+06
5.749202182060865685e+06
5.749058051254833117e+06
5.748989041954228655e+06
5.749029048127442598e+06
5.749020216595880687e+06
5.749073037443464622e+06
5.749287630502273329e+06
5.749135619711212814e+06
5.748569050538876094e+06
5.747849900381135754e+06
5.746764720864324830e+06
5.745267165978286415e+06
5.743585413006081246e+06
5.742021324082190171e+06
5.740791623342958279e+06
5.740128230456472374e+06
5.740257223939041607e+06
5.741015138682642020e+06
5.742327303438030183e+06
5.744062543198687024e+06
5.745836583902334794e+06
5.747437182895223610e+06
5.748612123720151372e+06
5.749205134223799221e+06
5.749282275564127602e+06
5.749011023731620051e+06
5.748524388683777303e+06
5.748147604491448961e+06
5.748021665923913941e+06
5.748215285621182993e+06
5.748705843993216753e+06
5.749189781123364344e+06
5.749275792709208094e+06
5.749069144333099946e+06
5.748436339315160178e+06
5.747146789429084398e+06
5.745298435102454387e+06
5.743243655245856382e+06
5.741201437881328166e+06
5.739720701433314011e+06
5.739064935640505515e+06
5.739336626707997173e+06
5.740445179245498031e+06
5.742304967639948241e+06
5.744523324109292589e+06
5.746635608223839663e+06
5.748236652542665601e+06
5.749187339958178811e+06
5.749512932277287357e+06
5.749165749345663004e+06
5.748427939881516621e+06
5.747673142425108701e+06
5.747164045653284527e+06
5.747110288390759379e+06
5.747647155066440813e+06
5.748585044840089977e+06
5.749381248495300300e+06
5.749893659132604487e+06
5.749896543908812106e+06
5.749058847630824894e+06
5.747376751026063226e+06
5.745123768698009662e+06
5.742640355947662145e+06
5.740399168776324019e+06
5.738934960584460758e+06
5.738462187119927257e+06
5.739100115991545841e+06
5.740697068411657587e+06
5.743059786999486387e+06
5.745545741232235916e+06
5.747572643487590365e+06
5.749046469841260463e+06
5.749711652365026064e+06
5.749462464619223028e+06
5.748580645296160132e+06
5.747446520698736422e+06
5.746457242271056399e+06
5.746011076831761748e+06
5.746451432339411229e+06
5.747538566241089255e+06
5.748825580175064504e+06
5.750150431336360984e+06
5.751031486390975304e+06
5.751044754009227268e+06
5.749979665145444684e+06
5.747929606581641361e+06
5.745306965620808303e+06
5.742526243358453736e+06
5.740333112004139461e+06
5.739137117887484841e+06
5.738941099291384220e+06
5.740033779427397065e+06
5.742158493021793664e+06
5.744744509390710853e+06
5.747183681622508913e+06
5.749160934185589664e+06
5.750108297834601253e+06
5.750017541532423347e+06
5.749008243841060437e+06
5.747586649793806486e+06
5.746032837553580292e+06
5.744949580799400806e+06
5.744835436634664424e+06
5.745688225804552436e+06
5.747215256178089418e+06
5.749063954531564377e+06
5.750889721497488208e+06
5.751894810016639531e+06
5.751703828665694222e+06
5.750276563966465183e+06
5.748029210932549089e+06
5.745064555197209120e+06
5.742358019560773857e+06
5.740344086721126921e+06
5.739446919169121422e+06
5.739864493658505380e+06
5.741598256880473346e+06
5.744094532936796546e+06
5.746655050713000819e+06
5.748939312817875296e+06
5.750382757177256979e+06
5.750647742214364931e+06
5.749817909747713245e+06
5.748245011856547557e+06
5.746307999128889292e+06
5.744625011719616130e+06
5.743832254721620120e+06
5.744070231463789009e+06
5.745156518029959872e+06
5.747231527380753309e+06
5.749684828214461915e+06
5.751563695689824410e+06
5.752408363523904234e+06
5.752031033931277692e+06
5.750411912030731328e+06
5.747920237560858019e+06
5.745216794576128013e+06
5.742843979957127944e+06
5.741265427652839571e+06
5.740927712245605886e+06
5.741954019679388031e+06
5.744005733911635354e+06
5.746360894226855598e+06
5.748860278688463382e+06
5.750720143894768320e+06
5.751417543496781960e+06
5.750842063535656780e+06
5.749371566901705228e+06
5.747159725585237145e+06
5.744903181351229548e+06
5.743367737425655127e+06
5.742793099924553186e+06
5.743278501456384547e+06
5.744916554803600535e+06
5.747399941810288467e+06
5.749840520950263366e+06
5.751624301427539438e+06
5.752309132343467325e+06
5.751760345282975584e+06
5.750087510126552545e+06
5.747800664538359269e+06
5.745497660776207224e+06
5.743576922539965250e+06
5.742734074952502735e+06
5.743562123223115690e+06
5.744495429809655063e+06
5.746699244244343601e+06
5.749013635301337577e+06
5.751021362425569445e+06
5.751961913981571794e+06
5.751809033937316388e+06
5.750528451895703562e+06
5.748406834930820391e+06
5.745808840983356349e+06
5.743564285038751550e+06
5.742098923287439160e+06
5.741703986498649232e+06
5.742530886730128899e+06
5.744621404026470147e+06
5.747129081002384424e+06
5.749457949417040683e+06
5.751047766152785160e+06
5.751467580043117516e+06
5.750609500946561806e+06
5.749147565123504959e+06
5.747352970612089150e+06
5.745500084228213876e+06
5.744328785761046223e+06
5.744245395093893632e+06
5.745104565093724057e+06
5.746744187984311022e+06
5.748780765461828560e+06
5.750722633698443882e+06
5.752000982403819449e+06
5.752227239074217156e+06
5.751292674560532905e+06
5.749420177338093519e+06
5.746800407381203957e+06
5.744236182257302105e+06
5.742152141383044422e+06
5.740929144473679364e+06
5.740830878135785460e+06
5.742144303437919356e+06
5.744217503097683191e+06
5.746537113238171674e+06
5.748513883996004239e+06
5.749859657423014753e+06
5.750073216415292583e+06
5.749571477362255566e+06
5.748331140953668393e+06
5.747054532041723840e+06
5.745822626670257188e+06
5.746051120019632392e+06
5.745925650608078577e+06
5.747221642081504688e+06
5.748810314418843947e+06
5.750683063138601370e+06
5.752014647427608259e+06
5.752581936504153535e+06
5.752133080522655509e+06
5.750586762574694119e+06
5.748190591017286293e+06
5.745688852162531577e+06
5.743420647446221672e+06
5.741560923596060835e+06
5.740661254045526497e+06
5.740964632960205898e+06
5.742230134762985632e+06
5.743970735138415359e+06
5.745894072509939782e+06
5.747532025085913949e+06
5.748503448270027526e+06
5.748640245137500577e+06
5.748262839688747190e+06
5.747493231676394120e+06
5.746695530240044929e+06
5.746527084266630001e+06
5.746866833213278092e+06
5.747596290178573690e+06
5.748818908314651810e+06
5.750326706508847885e+06
5.751570188050230034e+06
5.752355866469109431e+06
5.752315826951487921e+06
5.751306167568166740e+06
5.749583789674532600e+06
5.747448151059386320e+06
5.745134017854043283e+06
5.743061693634890020e+06
5.741530794966907240e+06
5.740968714758378454e+06
5.741340731082512997e+06
5.742336795285968110e+06
5.743606083167068660e+06
5.745056872264328413e+06
5.746272331198397093e+06
5.747175776695027947e+06
5.747494811250546947e+06
5.747400920096263289e+06
5.747243405917229131e+06
5.747256034187677316e+06
5.747518737901412882e+06
5.747996065815516748e+06
5.748846632727692835e+06
5.749892861334980465e+06
5.750887689848214388e+06
5.751621433626449667e+06
5.751881521252450533e+06
5.751398366133983247e+06
5.750212394609217532e+06
5.748552690306229517e+06
5.746814918254059739e+06
5.744831988335917704e+06
5.743110241574408486e+06
5.741971005491460674e+06
5.741419054294998758e+06
5.741381247600804083e+06
5.741891771469858475e+06
5.742746145868576132e+06
5.743810491558790207e+06
5.744985115854134783e+06
5.745882026631223969e+06
5.746380028904253617e+06
5.746811814904981293e+06
5.747211877964400686e+06
5.747639955705998465e+06
5.748033115180582739e+06
5.748604802390269004e+06
5.749245852202130482e+06
5.749979525390396826e+06
5.750610511652697809e+06
5.750934064371502958e+06
5.750826717106333934e+06
5.750322728578346781e+06
5.749428218119063415e+06
5.748207218680583872e+06
5.746667008734392934e+06
5.745111370012626983e+06
5.743647557324972935e+06
5.742474515109368600e+06
5.741564465757152066e+06
5.741234419382870197e+06
5.741297476399995387e+06
5.741882364351345226e+06
5.742726675410798751e+06
5.743861903176530264e+06
5.744787891295959242e+06
5.745919484332292341e+06
