4.188076935240715742e+07
4.188178955707665533e+07
4.188232388735742867e+07
4.188283320636071265e+07
4.188321055002743751e+07
4.188367457093701512e+07
4.188382222038295120e+07
4.188386115378561616e+07
4.188377386086505651e+07
4.188350106429433823e+07
4.188306061039631814e+07
4.188227395630212128e+07
4.188119966669356823e+07
4.188012399162638932e+07
4.187891165388961136e+07
4.187764788821066171e+07
4.187665842211765796e+07
4.187592121376132965e+07
4.187556028379631042e+07
4.187560987905286252e+07
4.187650196501337737e+07
4.187756850964912027e+07
4.187874985327672958e+07
4.188018827753231674e+07
4.188147210405201465e+07
4.188254995187293738e+07
4.188315060933735967e+07
4.188339930972254276e+07
4.188339226221807301e+07
4.188324526720532775e+07
4.188321018239756674e+07
4.188322334967309237e+07
4.188317592839715630e+07
4.188319295808348805e+07
4.188322993588279933e+07
4.188292032203807682e+07
4.188229797468268871e+07
4.188152062044486403e+07
4.188054183289627731e+07
4.187909932383063436e+07
4.187733601191148907e+07
4.187594460418498516e+07
4.187498717622552067e+07
4.187450635590027273e+07
4.187464343551463634e+07
4.187534636690900475e+07
4.187657955297382921e+07
4.187821367713467032e+07
4.187988218619423360e+07
4.188136742243462056e+07
4.188251068132635206e+07
4.188317567760007083e+07
4.188340005222082138e+07
4.188330212713580579e+07
4.188279316673769057e+07
4.188229398437945545e+07
4.188219439860595763e+07
4.188236554534411430e+07
4.188276582408821583e+07
4.188314775887324661e+07
4.188310248111874610e+07
4.188282799659917504e+07
4.188221518093318492e+07
4.188092039042252302e+07
4.187906613967788965e+07
4.187694797211502492e+07
4.187500318300967664e+07
4.187366347717119008e+07
4.187325436119311303e+07
4.187375081621316820e+07
4.187506673418416828e+07
4.187700055649398267e+07
4.187920872678343207e+07
4.188121863317047060e+07
4.188255136983895302e+07
4.188333999011401832e+07
4.188350167988991737e+07
4.188306898885462433e+07
4.188236890941987932e+07
4.188163147713019699e+07
4.188116316001734138e+07
4.188115189811272174e+07
4.188171881265664846e+07
4.188259356248751283e+07
4.188328746671621501e+07
4.188360896853228658e+07
4.188342375614552945e+07
4.188241322176066041e+07
4.188060184048142284e+07
4.187836963018352538e+07
4.187608910478409380e+07
4.187402804162190855e+07
4.187273289904039353e+07
4.187238351914399117e+07
4.187307347630500048e+07
4.187468731609385461e+07
4.187697389292046428e+07
4.187928958983152360e+07
4.188116811769805849e+07
4.188248748956804723e+07
4.188306994444939494e+07
4.188279273816407472e+07
4.188196828833671659e+07
4.188086054799926281e+07
4.188011265973096341e+07
4.187980186295437068e+07
4.188031476747395843e+07
4.188130300196153671e+07
4.188248149901550263e+07
4.188369052849587798e+07
4.188455473798200488e+07
4.188442667976222932e+07
4.188316112499681115e+07
4.188094853117156029e+07
4.187826826182746142e+07
4.187566809344670922e+07
4.187379220727615058e+07
4.187279848510003090e+07
4.187284108030956239e+07
4.187418997289564461e+07
4.187645642435564101e+07
4.187913821519807726e+07
4.188158453038642555e+07
4.188321558006464690e+07
4.188378287640945613e+07
4.188343967589212954e+07
4.188237585236376524e+07
4.188096706852760911e+07
4.187977744065973163e+07
4.187898057345216721e+07
4.187888647663792223e+07
4.187963390221662074e+07
4.188094037461759895e+07
4.188264587398552895e+07
4.188419287381943315e+07
4.188494620223069936e+07
4.188458380341029167e+07
4.188316118020796776e+07
4.188089319775332510e+07
4.187805127626673877e+07
4.187563395061331242e+07
4.187394052420292050e+07
4.187328177042311430e+07
4.187371603119775653e+07
4.187539124720721692e+07
4.187781519070480019e+07
4.188021124020911753e+07
4.188228532566076517e+07
4.188353879900658131e+07
4.188370561918055266e+07
4.188274687535983324e+07
4.188126573337949812e+07
4.187951933542210609e+07
4.187806573574750125e+07
4.187757015351449698e+07
4.187802250851413608e+07
4.187922158122710139e+07
4.188107912505664676e+07
4.188321470778653771e+07
4.188483639627668262e+07
4.188546099151179940e+07
4.188483941267412901e+07
4.188310287259876728e+07
4.188056761431591958e+07
4.187805848512969911e+07
4.187608872221233696e+07
4.187484873943032324e+07
4.187455473739748448e+07
4.187564046072991937e+07
4.187759619518174231e+07
4.187984362157589942e+07
4.188217730584780872e+07
4.188380161092390865e+07
4.188429973709367216e+07
4.188371370759267360e+07
4.188221280704195052e+07
4.188012903751968592e+07
4.187809584213268012e+07
4.187665403306035697e+07
4.187606746387867630e+07
4.187661810904412717e+07
4.187834127819977701e+07
4.188079239896195382e+07
4.188315059953676909e+07
4.188485761636040360e+07
4.188553830877249688e+07
4.188494698414386064e+07
4.188330823433679342e+07
4.188110962550742924e+07
4.187896348337265849e+07
4.187715637150403857e+07
4.187635489053607732e+07
4.187738309755329788e+07
4.187846145211308450e+07
4.188079331347908825e+07
4.188308197231751680e+07
4.188486541744680703e+07
4.188549884233810753e+07
4.188502505003423244e+07
4.188358524175716937e+07
4.188141874816068262e+07
4.187889982840418071e+07
4.187667339024874568e+07
4.187510216008877009e+07
4.187468471329612285e+07
4.187562040337289870e+07
4.187782224484107643e+07
4.188030889816737920e+07
4.188248378696607053e+07
4.188392267743483186e+07
4.188432326222710311e+07
4.188333364736839384e+07
4.188194017333985120e+07
4.188013411238129437e+07
4.187840340207188576e+07
4.187730015540562570e+07
4.187730229997428507e+07
4.187828172643295676e+07
4.187996469533126056e+07
4.188206288358849287e+07
4.188402441121215373e+07
4.188530329382817447e+07
4.188545510301504284e+07
4.188446363940127194e+07
4.188239908904728293e+07
4.187964804512377083e+07
4.187709157185290754e+07
4.187527290818712115e+07
4.187432227737750113e+07
4.187434859690449387e+07
4.187571201930379868e+07
4.187785028085883707e+07
4.188011537453646213e+07
4.188204372494336963e+07
4.188321026596803963e+07
4.188328790292495489e+07
4.188282294555044174e+07
4.188164566267789155e+07
4.188025519336968660e+07
4.187928317301107198e+07
4.188023974482947588e+07
4.187969255510582030e+07
4.188099368829111010e+07
4.188246218430630118e+07
4.188426277285894006e+07
4.188542985950164497e+07
4.188589979218985885e+07
4.188517895107646286e+07
4.188348096387574822e+07
4.188099401257002354e+07
4.187851433559503406e+07
4.187641838536490500e+07
4.187486631944955140e+07
4.187414036558922380e+07
4.187458699361345917e+07
4.187593411985600740e+07
4.187773160778187215e+07
4.187958467239154130e+07
4.188115860927806050e+07
4.188195473208816350e+07
4.188207297432177514e+07
4.188168626976305246e+07
4.188092990758896619e+07
4.188014594664490223e+07
4.188008056732014567e+07
4.188047926650882512e+07
4.188127696213223040e+07
4.188246723073997349e+07
4.188393821878443658e+07
4.188511628622263670e+07
4.188578243400551379e+07
4.188553831285721809e+07
4.188439811966969818e+07
4.188258633701119572e+07
4.188043565612579137e+07
4.187824187257598341e+07
4.187637171042931080e+07
4.187506306081642956e+07
4.187475362808232009e+07
4.187530673795355111e+07
4.187633180260093510e+07
4.187767805086814612e+07
4.187928143283896893e+07
4.188054478380354494e+07
4.188137684661415964e+07
4.188158311506855488e+07
4.188129186866351217e+07
4.188104371776251495e+07
4.188097995741271973e+07
4.188129876646732539e+07
4.188194897269629687e+07
4.188298128115848452e+07
4.188423964648633450e+07
4.188534085681160539e+07
4.188612673387747258e+07
4.188621557140650600e+07
4.188550484734187275e+07
4.188408196447300166e+07
4.188237537026455253e+07
4.188059015916479379e+07
4.187858474766324461e+07
4.187680775959652662e+07
4.187571431572186947e+07
4.187530585053194314e+07
4.187544011516164243e+07
4.187612379944583029e+07
4.187727952804852277e+07
4.187846431678899378e+07
4.187939062620516866e+07
4.188005643093116581e+07
4.188037489991963655e+07
4.188070658868200332e+07
4.188119441634182632e+07
4.188170489584990591e+07
4.188226156097846478e+07
4.188301648577260971e+07
4.188382704714657366e+07
4.188461682787177712e+07
4.188519995606916398e+07
4.188532881307488680e+07
4.188504481618466228e+07
4.188448918758303672e+07
4.188349019113482535e+07
4.188221531909712404e+07
4.188070024555480480e+07
4.187915241546715051e+07
4.187774019324655831e+07
4.187672630491219461e+07
4.187579913679961115e+07
4.187549941501257569e+07
4.187563788571668416e+07
4.187632029022065550e+07
4.187731549375470728e+07
4.187859277105625719e+07
4.187950715324357897e+07
4.188066862972418219e+07
