4.091152173701459169e+07
4.091613609386161715e+07
4.091423731301990151e+07
4.091565054183884710e+07
4.091475939206548035e+07
4.091348041207120568e+07
4.091094851171395183e+07
4.090977520858004689e+07
4.090845783591028303e+07
4.090818051114536077e+07
4.090799748330742866e+07
4.090828230480075628e+07
4.090819576183435321e+07
4.090856474756177515e+07
4.090792914270728827e+07
4.090696499837727845e+07
4.090593658696141839e+07
4.090600446998607367e+07
4.090685740174084902e+07
4.090797375917723030e+07
4.090881152680885792e+07
4.090945342220769823e+07
4.090972779292188585e+07
4.091044515262425691e+07
4.091112487297409028e+07
4.091160218283552676e+07
4.091281997107479721e+07
4.091355809828320146e+07
4.091248860555577278e+07
4.091153830970218033e+07
4.091131957085034251e+07
4.091184773700712621e+07
4.091215403762587905e+07
4.091216273989056051e+07
4.091196845796619356e+07
4.091188784360194206e+07
4.091173768673119694e+07
4.091193798919896036e+07
4.091198333772911131e+07
4.091183198921313137e+07
4.091148416359916329e+07
4.091130149211316556e+07
4.091098286825963855e+07
4.091019565469355136e+07
4.090908878276609629e+07
4.090832363624992967e+07
4.090816404353810102e+07
4.090808400833728164e+07
4.090735897079885006e+07
4.090694471018305421e+07
4.090745731840716302e+07
4.090863088571015745e+07
4.090978939110264182e+07
4.091035976808052510e+07
4.091059916672575474e+07
4.091092188930734992e+07
4.091093579382508248e+07
4.090948197338996828e+07
4.090766644707393646e+07
4.090568607861295342e+07
4.090365981431024522e+07
4.090171576766023040e+07
4.090062995869593322e+07
4.089949004668100178e+07
4.089858855025501549e+07
4.089780796302940696e+07
4.089684908541136980e+07
4.089671813011952490e+07
4.089824105672176182e+07
4.090003092797604948e+07
4.090062015886532515e+07
4.090048359442112595e+07
4.090029948032075912e+07
4.090024065060616285e+07
4.090036058162453771e+07
4.090067741455935687e+07
4.090205063833748549e+07
4.090229938663361967e+07
4.090151158205018193e+07
4.090022139128926396e+07
4.089943703618533909e+07
4.089955364182425290e+07
4.090144804106894135e+07
4.090401003403104097e+07
4.090565786385981739e+07
4.090667937280089408e+07
4.090784123710709065e+07
4.090829883142621070e+07
4.090788641926431656e+07
4.090662815725107491e+07
4.090548305449678749e+07
4.090579424193789810e+07
4.090738354334139079e+07
4.090882665544657409e+07
4.090979402563399822e+07
4.090999825670328736e+07
4.090996188162510097e+07
4.090901643837991357e+07
4.090636581478936225e+07
4.090546195562453568e+07
4.090606556917327642e+07
4.090614345237623900e+07
4.090499482651119679e+07
4.090350858873727173e+07
4.090444270666718483e+07
4.090548865156143904e+07
4.090496005156163126e+07
4.090395517758570611e+07
4.090449660759334266e+07
4.090556273729788512e+07
4.090590929732945561e+07
4.090517338976148516e+07
4.090275655006264150e+07
4.089951115728620440e+07
4.089678369222023338e+07
4.089488067533872277e+07
4.089382358615161479e+07
4.089490548526547849e+07
4.089617361005552113e+07
4.089644173676824570e+07
4.089683635964577645e+07
4.089692768784044683e+07
4.089747890122865140e+07
4.089901740874613076e+07
4.090064582922276855e+07
4.090075428287117928e+07
4.089950119708266109e+07
4.089850189603830129e+07
4.089763198339852691e+07
4.089711199581263959e+07
4.089700619896292686e+07
4.089672030462689698e+07
4.089671176547665894e+07
4.089689671442183852e+07
4.089711004635135084e+07
4.089776776968897879e+07
4.089951038302440196e+07
4.090091644831428677e+07
4.090024188183541596e+07
4.089689648399908096e+07
4.089342267600423843e+07
4.089078094400666654e+07
4.088961270686948299e+07
4.088969524347368628e+07
4.089004907702765614e+07
4.089029577233465016e+07
4.089130242391745746e+07
4.089425531788639724e+07
4.089535356866479665e+07
4.089469835480283201e+07
4.089402121219647676e+07
4.089196556434267759e+07
4.089035986323273927e+07
4.088922936574844271e+07
4.088931841602736712e+07
4.089007302306900918e+07
4.089113727097768337e+07
4.089164576901271939e+07
4.089361710836752504e+07
4.089604268640366942e+07
4.089667031957561523e+07
4.089606607203885168e+07
4.089465660638117045e+07
4.089256380314806849e+07
4.089156737730598450e+07
4.089281733055002242e+07
4.089534417072416097e+07
4.089630050985094160e+07
4.089641217188382894e+07
4.089615735447128862e+07
4.089604798055888712e+07
4.089656756336647272e+07
4.089885913919340074e+07
4.090099782334451377e+07
4.090240718503553420e+07
4.090116709096316248e+07
4.089833935833532363e+07
4.089512901128436625e+07
4.089280883814247698e+07
4.089156211979744583e+07
4.089178113830867410e+07
4.089407308570481092e+07
4.089708180080345273e+07
4.089919789541068673e+07
4.090155621115912497e+07
4.090277963093630224e+07
4.090350839248194546e+07
4.090306938460806757e+07
4.090265411379083246e+07
4.090290000130958855e+07
4.090439106774067134e+07
4.090335321038744599e+07
4.090128758727110177e+07
4.090232640466169268e+07
4.090479629587161541e+07
4.090723670800883323e+07
4.090675352801441401e+07
4.090508364396668971e+07
4.090262832923108339e+07
4.090050020033796132e+07
4.089940533828468621e+07
4.089827011775096506e+07
4.089798025559187680e+07
4.089865117905732244e+07
4.090022395061580837e+07
4.090249378754376620e+07
4.090580415908949077e+07
4.090721061542225629e+07
4.090625498619094491e+07
4.090466072380187362e+07
4.090307351158683747e+07
4.090111129871036112e+07
4.089907728080960363e+07
4.089689926461205631e+07
4.089534041592537612e+07
4.089441376077087969e+07
4.089481570146091282e+07
4.089572407518648356e+07
4.089694610199566931e+07
4.089777760280303657e+07
4.089868355211152881e+07
4.089892791705860198e+07
4.089893983348523080e+07
4.089824530618404597e+07
4.089719936069335043e+07
4.089572454691190273e+07
4.089519936208279431e+07
4.089519303862439841e+07
4.089668390607015043e+07
4.089706938540630043e+07
4.089764800669430941e+07
4.089767872536539286e+07
4.089899752748541534e+07
4.089969588565503061e+07
4.090086636542433500e+07
4.090061743498953432e+07
4.090070767537651956e+07
4.089944225227990746e+07
4.090065321651165932e+07
4.089855178459323198e+07
4.089986206022907794e+07
4.089824929695762694e+07
4.089898819848733395e+07
4.089955205699098110e+07
4.090041024508055300e+07
4.090051899841211736e+07
4.090048742616555840e+07
4.089980150770197064e+07
4.089882086373803765e+07
4.089744814608336240e+07
4.089655768849860877e+07
4.089593380921233445e+07
4.089558256911952049e+07
4.089596406113398820e+07
4.089701700279492885e+07
4.089859474503762275e+07
4.090036973807259649e+07
4.090130604152489454e+07
4.090195533674248308e+07
4.090196355638992041e+07
4.090153664631663263e+07
4.090091182420755923e+07
4.090020738018886745e+07
4.089923581105058640e+07
4.089878446323693544e+07
4.089851427427010238e+07
4.089851679725771397e+07
4.089845939096207172e+07
4.089846437784073502e+07
4.089844105014115572e+07
4.089840508688460290e+07
4.089811891414826363e+07
4.089775323505365849e+07
4.089744442281627655e+07
4.089788752094867080e+07
4.089781166437567025e+07
4.089688006155291945e+07
4.089612179958448559e+07
4.089618202900104970e+07
4.089707937017742544e+07
4.089841132630848885e+07
4.089973586371611804e+07
4.090109962121693045e+07
4.090211497227836400e+07
4.090262014948546886e+07
4.090234909229845554e+07
4.090199093751693517e+07
4.090210359129440039e+07
4.090348388418894261e+07
4.090460416920030862e+07
4.090520996122682840e+07
4.090625354330841452e+07
4.090730297938646376e+07
4.090807880596679449e+07
4.090860252393446863e+07
4.090838548553138971e+07
4.090814430783825368e+07
4.090847545521918684e+07
4.090870115265452862e+07
4.090734861883942038e+07
4.090553203066559136e+07
4.090478052664180100e+07
4.090455049499048293e+07
4.090440242343709618e+07
4.090328981056190282e+07
4.090228570432577282e+07
4.090258859591825306e+07
4.090363734560029209e+07
4.090486602839589119e+07
4.090626793992339820e+07
4.090787467207391560e+07
4.090930922735486180e+07
4.091008198096030951e+07
4.091140944361162186e+07
4.091267571194492280e+07
4.091320718903913349e+07
4.091347680929584801e+07
4.091324498925291002e+07
4.091217072126038373e+07
4.091065437692128867e+07
4.090872560710965097e+07
4.090672623253792524e+07
4.090472646816982329e+07
4.090298025050330907e+07
4.090156345017407835e+07
4.090186401900850236e+07
4.090307142739588022e+07
4.090382392774444818e+07
4.090466443735164404e+07
4.090513865001873672e+07
4.090496132108169049e+07
4.090522115779777616e+07
4.090482871404697001e+07
4.090382912565544993e+07
4.090239427309416234e+07
4.090170443850217760e+07
