6.711166784475775063e+07
6.711294713883443177e+07
6.711237089262211323e+07
6.711346133397300541e+07
6.711416395553663373e+07
6.711540510158638656e+07
6.711635514908283949e+07
6.711758045168054104e+07
6.711837602140778303e+07
6.711908757362261415e+07
6.711952135848619044e+07
6.712014443070398271e+07
6.712036007624427974e+07
6.712026410862505436e+07
6.711891799230088294e+07
6.711716909400424361e+07
6.711462051467892528e+07
6.711218116463173926e+07
6.711012484222507477e+07
6.710843773279839009e+07
6.710747744932675362e+07
6.710716227778524905e+07
6.710692824681929499e+07
6.710754017012718320e+07
6.710889413454551995e+07
6.711008346709321439e+07
6.711124249316497147e+07
6.711249400558254123e+07
6.711337411428838968e+07
6.711401817828027904e+07
6.711480561953341961e+07
6.711575685724708438e+07
6.711669580343554914e+07
6.711803214651350677e+07
6.711928642683690786e+07
6.711942132761275768e+07
6.711856708390644193e+07
6.711740904595251381e+07
6.711612872643043101e+07
6.711512596576826274e+07
6.711398021864917874e+07
6.711257903127470613e+07
6.711102884442290664e+07
6.710988492899668217e+07
6.710928719145776331e+07
6.710937166981025040e+07
6.711011457182896137e+07
6.711101821554760635e+07
6.711214093275637925e+07
6.711328135708878934e+07
6.711392746822999418e+07
6.711393794254089892e+07
6.711344586856520176e+07
6.711273995801056921e+07
6.711237382762818038e+07
6.711219108229672909e+07
6.711246855345931649e+07
6.711306285776239634e+07
6.711344179731948674e+07
6.711361700567588210e+07
6.711359782107630372e+07
6.711343855651222169e+07
6.711327286558090150e+07
6.711306533625230193e+07
6.711248022009378672e+07
6.711204462309788167e+07
6.711192656830282509e+07
6.711185787970928848e+07
6.711199492121158540e+07
6.711264847035747766e+07
6.711366497768093646e+07
6.711431582358877361e+07
6.711453798906089365e+07
6.711424165415285528e+07
6.711378905312149227e+07
6.711296034458179772e+07
6.711236360835018754e+07
6.711201696612401307e+07
6.711106891006608307e+07
6.711025318117208779e+07
6.710979633092279732e+07
6.710978145505644381e+07
6.711013060385216773e+07
6.711089380244731903e+07
6.711180587888216972e+07
6.711240505153743923e+07
6.711257627593447268e+07
6.711216025985072553e+07
6.711129919250044227e+07
6.711014210896810889e+07
6.710883999429421127e+07
6.710757715300017595e+07
6.710673005540796369e+07
6.710641179386264831e+07
6.710692438799938560e+07
6.710791192665348947e+07
6.710918195072767138e+07
6.711033173493359983e+07
6.711112174010360241e+07
6.711154543810173869e+07
6.711174971237948537e+07
6.711160471655710042e+07
6.711139465957665443e+07
6.711083972649300098e+07
6.711097522522804141e+07
6.711122224345307052e+07
6.711180906810392439e+07
6.711358801813845336e+07
6.711557873038603365e+07
6.711769615693582594e+07
6.711951922267918289e+07
6.712028206506292522e+07
6.711973480993151665e+07
6.711827792993389070e+07
6.711631679229478538e+07
6.711372670177266002e+07
6.711094175193834305e+07
6.710875525985559076e+07
6.710753892501063645e+07
6.710724991376914084e+07
6.710784854332796484e+07
6.710892693022878468e+07
6.711007305058160424e+07
6.711111285946601629e+07
6.711170642234317958e+07
6.711148019898305833e+07
6.711100586237828434e+07
6.710969041714468598e+07
6.710850676429561526e+07
6.710801079030255973e+07
6.710859354998337477e+07
6.711007587807236612e+07
6.711160277535866201e+07
6.711313890638606250e+07
6.711463101204521954e+07
6.711535662901212275e+07
6.711525614618171751e+07
6.711421574934323132e+07
6.711291607802689075e+07
6.711134404933103919e+07
6.711029823449330032e+07
6.710973925693187118e+07
6.710928690495075285e+07
6.710947757043881714e+07
6.711023274904461205e+07
6.711136423123599589e+07
6.711316209318475425e+07
6.711484372258348763e+07
6.711555731770716608e+07
6.711504944470964372e+07
6.711359081242552400e+07
6.711178348781108856e+07
6.711032449911496043e+07
6.710926140132512152e+07
6.710925328318861127e+07
6.711009982530207932e+07
6.711135391385108232e+07
6.711285568676280975e+07
6.711460098529991508e+07
6.711630666453820467e+07
6.711720170391948521e+07
6.711697871319885552e+07
6.711593424309566617e+07
6.711457196109917760e+07
6.711342143534751236e+07
6.711299950200864673e+07
6.711319329697906971e+07
6.711316634258952737e+07
6.711389077429479361e+07
6.711524728901132941e+07
6.711656360631403327e+07
6.711724457890829444e+07
6.711728226340378821e+07
6.711665316097198427e+07
6.711561246392306685e+07
6.711425898870755732e+07
6.711285217244899273e+07
6.711136324193502963e+07
6.711006000578664243e+07
6.710900561630354822e+07
6.710914130321666598e+07
6.711065173945134878e+07
6.711290243513141572e+07
6.711498582750366628e+07
6.711614176731623709e+07
6.711643074576993287e+07
6.711566531580917537e+07
6.711390174239449203e+07
6.711154271524240077e+07
6.710926544353523850e+07
6.710791939867780358e+07
6.710682573743943870e+07
6.710714931092761457e+07
6.710897595044121146e+07
6.711080834752021730e+07
6.711286582529047132e+07
6.711463657917456329e+07
6.711558218438313901e+07
6.711538993423154950e+07
6.711417889061672986e+07
6.711227477809460461e+07
6.711017173636260629e+07
6.710855700426847488e+07
6.710822469786327332e+07
6.710930163625136018e+07
6.711075127970421314e+07
6.711260509972313046e+07
6.711446207704244554e+07
6.711533308609619737e+07
6.711555828007629514e+07
6.711518241734883189e+07
6.711392491616411507e+07
6.711233497996206582e+07
6.711090463395848870e+07
6.710991569762851298e+07
6.710912051535819471e+07
6.710912033019672334e+07
6.711021015751489997e+07
6.711185236489214003e+07
6.711351527282701433e+07
6.711486671227400005e+07
6.711499362945841253e+07
6.711424266946089268e+07
6.711277900558768213e+07
6.711161885898454487e+07
6.710962874498608708e+07
6.710791886017543077e+07
6.710650263449373096e+07
6.710568431951554120e+07
6.710547598561185598e+07
6.710646972530502081e+07
6.710775265326801687e+07
6.710940572329089046e+07
6.711062835799704492e+07
6.711177227174630761e+07
6.711196234582589567e+07
6.711178409968008101e+07
6.711034502926139534e+07
6.710936493389980495e+07
6.710731807678145170e+07
6.710919634437029064e+07
6.710629067463590950e+07
6.710801482031749189e+07
6.710951277233991027e+07
6.711162119423933327e+07
6.711268245939584076e+07
6.711334301323905587e+07
6.711270745392543077e+07
6.711181986092188954e+07
6.710995486565019190e+07
6.710800270058304071e+07
6.710609957093906403e+07
6.710465927922328562e+07
6.710353752313984185e+07
6.710334864414782822e+07
6.710387925728200376e+07
6.710480550681000203e+07
6.710587549448429048e+07
6.710728010996531695e+07
6.710821788062471151e+07
6.710883937045149505e+07
6.710918276499590278e+07
6.710959122340649366e+07
6.710971517086799443e+07
6.710956782661934197e+07
6.710970409747812152e+07
6.711067327438865602e+07
6.711197957878908515e+07
6.711349008723758161e+07
6.711451997116859257e+07
6.711483201716667414e+07
6.711490249773231149e+07
6.711452295285989344e+07
6.711332275373780727e+07
6.711182147310289741e+07
6.711076548817023635e+07
6.710995092149195075e+07
6.710920976506066322e+07
6.710880661623163521e+07
6.710889412540422380e+07
6.710947754859419167e+07
6.711044470754231513e+07
6.711142889582642913e+07
6.711202756309217215e+07
6.711225593268509209e+07
6.711152082563911378e+07
6.711021382584546506e+07
6.710895257482297719e+07
6.710842484466983378e+07
6.710856337099917233e+07
6.710916628911529481e+07
6.711003229134909809e+07
6.711106129960586131e+07
6.711217427870400250e+07
6.711366679938131571e+07
6.711539045128108561e+07
6.711664140831141174e+07
6.711680994817526639e+07
6.711543894599622488e+07
6.711347759054490924e+07
6.711183663881814480e+07
6.711112882295857370e+07
6.711042159008310735e+07
6.710976998057211936e+07
6.710904862954401970e+07
6.710817415876405686e+07
6.710744499493428320e+07
6.710703012930139154e+07
6.710727192357749492e+07
6.710756552892114222e+07
6.710853793854272366e+07
6.710991124909074605e+07
6.711025215243591368e+07
6.711068840583010018e+07
6.711127614943607152e+07
6.711223370719215274e+07
6.711328950115181506e+07
6.711451664570002258e+07
6.711542459829232097e+07
6.711582383148404956e+07
6.711544737873271108e+07
6.711502403083883226e+07
6.711433115472243726e+07
6.711365927842848003e+07
6.711294644756419957e+07
6.711255366483058035e+07
6.711178163915182650e+07
6.711093666658739746e+07
6.710991956514297426e+07
6.710940862660734355e+07
6.710863616950775683e+07
6.710844449872533232e+07
6.710823249746340513e+07
6.710936887874445319e+07
6.711018355768468976e+07
6.711188992313656211e+07
