2.544056420605463907e+07
2.544210624081975594e+07
2.544184177691887692e+07
2.544202909974827990e+07
2.544147898467215896e+07
2.544139512604730949e+07
2.544129201627976075e+07
2.544121945227925479e+07
2.544075269042895734e+07
2.544087066037973017e+07
2.544076188274478540e+07
2.544059404893831164e+07
2.544014038932792097e+07
2.543936141241012514e+07
2.543799951850393042e+07
2.543657663986077160e+07
2.543488537065989152e+07
2.543337362106184661e+07
2.543212111711222306e+07
2.543158537535825372e+07
2.543141065358388424e+07
2.543202344342799485e+07
2.543318000852277130e+07
2.543498501820442826e+07
2.543685780320939049e+07
2.543869679287777469e+07
2.544016232248300686e+07
2.544111879693211243e+07
2.544155280652287975e+07
2.544150650123732165e+07
2.544123587408293784e+07
2.544106484276308119e+07
2.544085983931501210e+07
2.544101018463804945e+07
2.544130785935184360e+07
2.544176532249457017e+07
2.544212235197620839e+07
2.544189455305038020e+07
2.544115483466230705e+07
2.543990724557096884e+07
2.543803348989980668e+07
2.543576860715506971e+07
2.543357041203144938e+07
2.543184522267539427e+07
2.543088577592945099e+07
2.543094202193112671e+07
2.543203529275193438e+07
2.543374107907064632e+07
2.543564235089934617e+07
2.543778330033136159e+07
2.543967677876997739e+07
2.544118381916322559e+07
2.544200723184079677e+07
2.544179680463875830e+07
2.544107768652680144e+07
2.544005686257896945e+07
2.543890534601412341e+07
2.543808547679151222e+07
2.543803245407816768e+07
2.543852779081647098e+07
2.543908404469620064e+07
2.543943876879166812e+07
2.543948457900043577e+07
2.543934909457768127e+07
2.543868232004177198e+07
2.543671654861164093e+07
2.543397297846731544e+07
2.543144495688055083e+07
2.542941518582740054e+07
2.542826336018119752e+07
2.542848053426170349e+07
2.542992603935458511e+07
2.543209821008726954e+07
2.543452150976220891e+07
2.543686509646496922e+07
2.543859703356941044e+07
2.543995891989052668e+07
2.544055695889506117e+07
2.543980197710100561e+07
2.543829272464037687e+07
2.543689409093280137e+07
2.543584659111457318e+07
2.543529453212419897e+07
2.543552703924680129e+07
2.543657190086462721e+07
2.543786884859834984e+07
2.543888032869329676e+07
2.543913951771934703e+07
2.543874116144964099e+07
2.543766310808128864e+07
2.543569103020246327e+07
2.543306572247484699e+07
2.543054421323597059e+07
2.542852676189207286e+07
2.542774104931678250e+07
2.542831536271577701e+07
2.543020660090150312e+07
2.543257875802890584e+07
2.543515453007994965e+07
2.543744837947288901e+07
2.543936342067804933e+07
2.544053730402395874e+07
2.544008427767133340e+07
2.543858729616896808e+07
2.543663759496681765e+07
2.543498883314861357e+07
2.543415082923471183e+07
2.543436963637068868e+07
2.543577229137549177e+07
2.543788426476358250e+07
2.543997387654047832e+07
2.544167522560492530e+07
2.544238462680883706e+07
2.544169587540265173e+07
2.543962229488982260e+07
2.543643513746619597e+07
2.543304967107096687e+07
2.543008003975655138e+07
2.542814486018883064e+07
2.542781915481920540e+07
2.542896275339166075e+07
2.543123195338796452e+07
2.543406767440456897e+07
2.543671251011009514e+07
2.543909099841139838e+07
2.544051087685932964e+07
2.544038679685248807e+07
2.543893499578106031e+07
2.543692124660167098e+07
2.543481065833034739e+07
2.543344059840370342e+07
2.543325685151306540e+07
2.543408996927825361e+07
2.543562096692892164e+07
2.543780617680972070e+07
2.543959858688560873e+07
2.544071918846331909e+07
2.544063216957720742e+07
2.543928845730136707e+07
2.543667921669302508e+07
2.543347788249016181e+07
2.543040521484778821e+07
2.542820486992597580e+07
2.542748725553285331e+07
2.542816171740036830e+07
2.542983510839824751e+07
2.543275737776941061e+07
2.543595289652851969e+07
2.543881892548907548e+07
2.544084659530728683e+07
2.544162336290626228e+07
2.544089490338258818e+07
2.543904389753823727e+07
2.543660125773838162e+07
2.543461988114728406e+07
2.543327323358926550e+07
2.543311639043428004e+07
2.543433324662261456e+07
2.543635502352589369e+07
2.543867609936911985e+07
2.544075542009296641e+07
2.544181818299348652e+07
2.544153139649043977e+07
2.543977574188525602e+07
2.543719367995254323e+07
2.543427368803216890e+07
2.543150840029495209e+07
2.542959558295754716e+07
2.542876187495075539e+07
2.542928999156435579e+07
2.543112471794085205e+07
2.543394190582502261e+07
2.543677248286792636e+07
2.543874215401626378e+07
2.543958992127941549e+07
2.543935609928066283e+07
2.543803193455152959e+07
2.543555142481120303e+07
2.543289588362985477e+07
2.543093072604984045e+07
2.543019200599655509e+07
2.543088025525968149e+07
2.543290435651238263e+07
2.543542756775881723e+07
2.543792032144320756e+07
2.543982937964383885e+07
2.544077874839761108e+07
2.544064823527516797e+07
2.543946305365544185e+07
2.543751054183639959e+07
2.543535764197667688e+07
2.543329549385470897e+07
2.543299941382370144e+07
2.543253508917079121e+07
2.543398169684235379e+07
2.543613841825811565e+07
2.543846320277130231e+07
2.544050773330532014e+07
2.544161645167253166e+07
2.544161617089964077e+07
2.544017330267953128e+07
2.543733683205867186e+07
2.543425383273885027e+07
2.543132199325425550e+07
2.542944291169560701e+07
2.542903389303697646e+07
2.543026268831074238e+07
2.543264764689925313e+07
2.543544420323785767e+07
2.543783459204310179e+07
2.543950471026850864e+07
2.543968011116765440e+07
2.543889191088530421e+07
2.543735800132523105e+07
2.543495743563878164e+07
2.543252196604702622e+07
2.543071085741149634e+07
2.543036621859680116e+07
2.543140147432446852e+07
2.543353773302680627e+07
2.543628227478370070e+07
2.543842787044047937e+07
2.544003734970815480e+07
2.544055397035343200e+07
2.544000894630851597e+07
2.543805978027174622e+07
2.543585695180908218e+07
2.543299831082748622e+07
2.543051773598308116e+07
2.542882615355693176e+07
2.542899741195306182e+07
2.543049149885576218e+07
2.543315967035096139e+07
2.543547588330320641e+07
2.543746901234364137e+07
2.543856441275304928e+07
2.543963091803903505e+07
2.543943344770573080e+07
2.543888887234192714e+07
2.543680341446650028e+07
2.543600353977202624e+07
2.543492515681316331e+07
2.543498143783005327e+07
2.543583565829596668e+07
2.543743016469508410e+07
2.543905205681670457e+07
2.544041668373628333e+07
2.544081977176620811e+07
2.544041166287886724e+07
2.543925084478575736e+07
2.543766735934804007e+07
2.543518926355514675e+07
2.543277895250944421e+07
2.543073615901059285e+07
2.542990069167930633e+07
2.543017986492863297e+07
2.543195957867998630e+07
2.543421370305668935e+07
2.543588756854905561e+07
2.543711156802135333e+07
2.543788359357009456e+07
2.543818038446152955e+07
2.543797075720795989e+07
2.543737739780887589e+07
2.543675727066347748e+07
2.543633065769634768e+07
2.543634544921129197e+07
2.543672654359105974e+07
2.543774702233793214e+07
2.543931109718751907e+07
2.544051769765838981e+07
2.544130999219482765e+07
2.544146169663922861e+07
2.544055326649258286e+07
2.543917868689910322e+07
2.543718347780560330e+07
2.543474610902090743e+07
2.543232122743108124e+07
2.543067427636431903e+07
2.543002429039651901e+07
2.543034805230396986e+07
2.543132968520173430e+07
2.543283585727412254e+07
2.543426973100830987e+07
2.543572764798742533e+07
2.543694048788862675e+07
2.543795679642254487e+07
2.543804019582421705e+07
2.543747345755604655e+07
2.543687611106631905e+07
2.543639714257144183e+07
2.543657736033242941e+07
2.543732970457105711e+07
2.543815558294355869e+07
2.543910199193019047e+07
2.543978507715944573e+07
2.544007741309260577e+07
2.543996309207267314e+07
2.543942374979524687e+07
2.543870540342424065e+07
2.543773666952522844e+07
2.543663317847432569e+07
2.543528360916433483e+07
2.543409746917891130e+07
2.543325819936863333e+07
2.543294302178642154e+07
2.543301909179892018e+07
2.543354046371444315e+07
2.543439174658516422e+07
2.543534127892742679e+07
2.543648297449970990e+07
2.543756525099118799e+07
2.543839567451826856e+07
2.543886244285789505e+07
2.543885365207999572e+07
2.543895878368477151e+07
2.543903695371723920e+07
2.543916230675043911e+07
2.543930630759884045e+07
2.543956616564707085e+07
2.543963028548661619e+07
2.543939158247606829e+07
2.543904570038162544e+07
2.543855669279391691e+07
2.543760635630265996e+07
2.543625724670282006e+07
2.543479527606920525e+07
2.543321923113038018e+07
2.543171510526877642e+07
2.543075151136494055e+07
2.543043779936452582e+07
2.543091404631016403e+07
2.543173718618926406e+07
2.543287907411935925e+07
2.543407526522675529e+07
2.543562611987544224e+07
