2.057260919456281140e+07
2.057272805918240175e+07
2.057356965794240311e+07
2.057384481658323109e+07
2.057406160366446897e+07
2.057405007711762935e+07
2.057463650164071843e+07
2.057446963853863254e+07
2.057430237969686463e+07
2.057395006415396929e+07
2.057367711492296681e+07
2.057324737101305649e+07
2.057257660859885067e+07
2.057194754487949610e+07
2.057127745194830000e+07
2.057028664653753489e+07
2.056927793573471904e+07
2.056850191957192495e+07
2.056812939197241142e+07
2.056772392308399081e+07
2.056784679008276761e+07
2.056854995922841132e+07
2.056978365409540385e+07
2.057142003584614769e+07
2.057319941086855531e+07
2.057477617377712950e+07
2.057611695506440103e+07
2.057699760582444817e+07
2.057726654070122540e+07
2.057682280823962763e+07
2.057661552390626073e+07
2.057669720761065185e+07
2.057700098862130940e+07
2.057740104287375882e+07
2.057781285484353453e+07
2.057784465487515181e+07
2.057773335083016008e+07
2.057733661597140878e+07
2.057659908654996008e+07
2.057508448408957571e+07
2.057267962445674092e+07
2.057071680693532526e+07
2.056940975199301541e+07
2.056854638152902573e+07
2.056865713990906626e+07
2.056945351273715869e+07
2.057079569435974956e+07
2.057265864717616886e+07
2.057421047070116922e+07
2.057537346519131958e+07
2.057621753179404885e+07
2.057624314367808774e+07
2.057582775307200104e+07
2.057515561327179521e+07
2.057421321338392794e+07
2.057345993623893335e+07
2.057336891460500658e+07
2.057314897401268035e+07
2.057323861836168170e+07
2.057330601777308807e+07
2.057304875065029040e+07
2.057283922372660413e+07
2.057279794185256585e+07
2.057217854409331828e+07
2.057125723978268728e+07
2.056986030832734704e+07
2.056826904794128984e+07
2.056733677275495976e+07
2.056710905858306214e+07
2.056742307070463523e+07
2.056871498909331858e+07
2.057059422457902133e+07
2.057289203443557769e+07
2.057497164712190256e+07
2.057665746881740913e+07
2.057772993937838823e+07
2.057767771757525206e+07
2.057693792583264783e+07
2.057619606094627827e+07
2.057568687243374065e+07
2.057528845143746585e+07
2.057518648311552033e+07
2.057569431963498518e+07
2.057659268850556016e+07
2.057734786923342571e+07
2.057777237431142107e+07
2.057787311722446233e+07
2.057722941765526310e+07
2.057577548432232812e+07
2.057382851973552629e+07
2.057193467602789775e+07
2.056983634629801661e+07
2.056836094964152947e+07
2.056810515969850868e+07
2.056851780733467266e+07
2.056993554927978292e+07
2.057217554013082385e+07
2.057448748738887534e+07
2.057679270101674274e+07
2.057846491836956888e+07
2.057958440527374297e+07
2.057938832233484089e+07
2.057791067947740853e+07
2.057632987074481323e+07
2.057487242823335528e+07
2.057417424727588147e+07
2.057462393340098485e+07
2.057557062392881140e+07
2.057649414700140059e+07
2.057740433947377652e+07
2.057799574818008021e+07
2.057784513610224426e+07
2.057699074588080496e+07
2.057556237221174315e+07
2.057362405300383270e+07
2.057189580826943740e+07
2.057070525555484742e+07
2.056985218949399889e+07
2.056992188992526010e+07
2.057090238161041215e+07
2.057290383243164048e+07
2.057518073188599199e+07
2.057735263370617107e+07
2.057913440660592169e+07
2.058028838095208630e+07
2.057997171219893172e+07
2.057808060334113613e+07
2.057591963040224090e+07
2.057396940198333189e+07
2.057293527682633325e+07
2.057315251680438966e+07
2.057405255316357687e+07
2.057537498425594345e+07
2.057696508744912222e+07
2.057840073939712718e+07
2.057905638722600788e+07
2.057819734438182041e+07
2.057616352431469783e+07
2.057328744652130455e+07
2.056985916064252332e+07
2.056668314941369742e+07
2.056478871511580050e+07
2.056393403578908369e+07
2.056431237348282337e+07
2.056606673783560842e+07
2.056860098634808138e+07
2.057120951788088679e+07
2.057362713419906050e+07
2.057530694871386886e+07
2.057554958010096475e+07
2.057436438519167900e+07
2.057233666504120827e+07
2.057015608503285423e+07
2.056843591045808420e+07
2.056770943032327294e+07
2.056821126355604082e+07
2.056934408451869711e+07
2.057127437182826176e+07
2.057354444939615950e+07
2.057510238161603734e+07
2.057565590708150342e+07
2.057522943077628687e+07
2.057370313970188797e+07
2.057153617716975138e+07
2.056922622473568097e+07
2.056713908909241110e+07
2.056573651831354573e+07
2.056526682462510094e+07
2.056627609595708922e+07
2.056826736260486767e+07
2.057027199456338584e+07
2.057242956829142943e+07
2.057397982312923297e+07
2.057398528023803234e+07
2.057307712286588922e+07
2.057182135614240915e+07
2.057010218109321594e+07
2.056822580161820725e+07
2.056700525538628176e+07
2.056660138000862300e+07
2.056730781772852689e+07
2.056915941692314297e+07
2.057109016370027512e+07
2.057311045322048664e+07
2.057457564725630358e+07
2.057523995854989439e+07
2.057485254233210906e+07
2.057332826098374277e+07
2.057122228814534843e+07
2.056920639052266255e+07
2.056740998432531953e+07
2.056740202969020978e+07
2.056895189460150898e+07
2.056917130143783987e+07
2.057108010013546422e+07
2.057285401982406154e+07
2.057420711666491255e+07
2.057421392096969485e+07
2.057342454582858086e+07
2.057202262491190434e+07
2.057043182370352000e+07
2.056865208520292491e+07
2.056725612638610229e+07
2.056655426171340421e+07
2.056648327494779974e+07
2.056741946406285465e+07
2.056941806112753600e+07
2.057144987080002949e+07
2.057312441438892484e+07
2.057414735752926394e+07
2.057420346867328137e+07
2.057343146208454296e+07
2.057234986292113364e+07
2.057129498192309588e+07
2.057017570353842154e+07
2.056949202988765016e+07
2.056975875708484650e+07
2.057115288876956701e+07
2.057324878636619076e+07
2.057552197107428312e+07
2.057731150697065517e+07
2.057797734430928156e+07
2.057776045152894408e+07
2.057672457979343832e+07
2.057506130771646276e+07
2.057295852299118787e+07
2.057078363697016984e+07
2.056877386884998903e+07
2.056762181507896632e+07
2.056745942390700802e+07
2.056838666334332898e+07
2.057034991112599149e+07
2.057227785167266056e+07
2.057401283694000915e+07
2.057510471212618053e+07
2.057542935572352633e+07
2.057512402604117617e+07
2.057463575965075195e+07
2.057364543777250499e+07
2.057301411139422283e+07
2.057344287306124717e+07
2.057317590917197242e+07
2.057447790678581595e+07
2.057583748920469731e+07
2.057747206749420986e+07
2.057859534076951072e+07
2.057910069158142433e+07
2.057869916058440879e+07
2.057772701125874743e+07
2.057581966595429182e+07
2.057352813277111575e+07
2.057137508913028985e+07
2.056959085029315576e+07
2.056869546226466820e+07
2.056907768504752964e+07
2.057062902480927482e+07
2.057264015847876668e+07
2.057469397898570076e+07
2.057651106293365359e+07
2.057745453356467560e+07
2.057791620703554899e+07
2.057780021776967496e+07
2.057684993398324400e+07
2.057550224956997856e+07
2.057496844679661840e+07
2.057505483628790453e+07
2.057583994302105904e+07
2.057728115201523528e+07
2.057869475266733021e+07
2.057984141164835542e+07
2.058031667774992064e+07
2.057965026173474267e+07
2.057798695812367648e+07
2.057604716914490610e+07
2.057385001960761473e+07
2.057197035876521841e+07
2.057038107171510905e+07
2.056876216461199522e+07
2.056861266423090920e+07
2.056933267532640696e+07
2.057013152888409048e+07
2.057147144665366411e+07
2.057291021618372202e+07
2.057420370994108915e+07
2.057492686405386776e+07
2.057501746473214403e+07
2.057481192429446802e+07
2.057463511710385606e+07
2.057478037875554711e+07
2.057551612484231591e+07
2.057643088890018687e+07
2.057731777578368783e+07
2.057865594896116108e+07
2.057967950814308971e+07
2.058044272283547372e+07
2.058075177436595038e+07
2.057998848464187607e+07
2.057824068623471260e+07
2.057611981408016011e+07
2.057408061343128607e+07
2.057212787462334707e+07
2.057051866422675177e+07
2.056953891845210269e+07
2.056925437191136554e+07
2.056917852359907702e+07
2.056966161656839773e+07
2.057050409221277386e+07
2.057145964920254797e+07
2.057245440875425935e+07
2.057351798191031814e+07
2.057382223962219432e+07
2.057368228330568597e+07
2.057386261094357446e+07
2.057412450303003192e+07
2.057490939546774700e+07
2.057558031453702599e+07
2.057652371145397797e+07
2.057757232640875131e+07
2.057816207412204519e+07
2.057849715142157674e+07
2.057807363781914860e+07
2.057712065649775788e+07
2.057593455565182492e+07
2.057468374502085894e+07
2.057312255031523481e+07
2.057150330871271342e+07
2.057041241759962961e+07
2.056948074096367136e+07
2.056865678766930103e+07
2.056826251544969156e+07
2.056842246197965369e+07
2.056923029788508266e+07
2.057054205536741018e+07
2.057202352704798803e+07
2.057317069787511975e+07
2.057374334291189909e+07
