6.182110017538880557e+07
6.182302804087100178e+07
6.182273467297798395e+07
6.182329987454596162e+07
6.182355668151848763e+07
6.182425640400142223e+07
6.182462355561688542e+07
6.182497885481354594e+07
6.182494521598362178e+07
6.182486874561484903e+07
6.182442584292428941e+07
6.182379347754637152e+07
6.182279760918392241e+07
6.182184687910905480e+07
6.182077772677223384e+07
6.181978892279548943e+07
6.181891313396038115e+07
6.181834428002095222e+07
6.181793852719461918e+07
6.181793027148754150e+07
6.181827844179535657e+07
6.181874247011780739e+07
6.181932521277008206e+07
6.182024517217207700e+07
6.182117100227668136e+07
6.182190390737803280e+07
6.182241713249272108e+07
6.182288283017136902e+07
6.182319131061424315e+07
6.182328434723488986e+07
6.182341826032008231e+07
6.182374398370960355e+07
6.182394503574524075e+07
6.182397678060656786e+07
6.182387681802339852e+07
6.182345302617803961e+07
6.182277478593888134e+07
6.182185601346607506e+07
6.182045609519660473e+07
6.181876122704271972e+07
6.181705651163573563e+07
6.181556338143521547e+07
6.181438024268542975e+07
6.181361279261113703e+07
6.181387017951895297e+07
6.181478251917299628e+07
6.181613344556517899e+07
6.181763552581831068e+07
6.181904689451348782e+07
6.182008217724272609e+07
6.182085065567455441e+07
6.182133874130945653e+07
6.182151086189112812e+07
6.182132893100944906e+07
6.182069811241672933e+07
6.181991004964541644e+07
6.181929307618345320e+07
6.181881865064460039e+07
6.181855937589967996e+07
6.181834720273028314e+07
6.181789960771311074e+07
6.181709482998950034e+07
6.181611340185651183e+07
6.181475143695539236e+07
6.181330447451911867e+07
6.181213647110781074e+07
6.181103037714681029e+07
6.181006094925581664e+07
6.180966669348796457e+07
6.181000210575097054e+07
6.181096486841391772e+07
6.181228814376571029e+07
6.181385954871643335e+07
6.181518046854642034e+07
6.181613037055367976e+07
6.181664081935144216e+07
6.181672106550689042e+07
6.181631342945242673e+07
6.181581487430664152e+07
6.181536291300951689e+07
6.181521946447656304e+07
6.181565276632606238e+07
6.181669618560507894e+07
6.181790590130060166e+07
6.181917596594297141e+07
6.182022849108342081e+07
6.182089633577957749e+07
6.182070372478479147e+07
6.181962787510276586e+07
6.181777570444356650e+07
6.181546368114906549e+07
6.181294116739885509e+07
6.181094963208263367e+07
6.180982624200416356e+07
6.180976281874011457e+07
6.181065352160497755e+07
6.181256299588364363e+07
6.181471948001590371e+07
6.181676624085737765e+07
6.181855009988381714e+07
6.181982834947508574e+07
6.182017358369702846e+07
6.181984457155556232e+07
6.181894647148430347e+07
6.181813136060016602e+07
6.181757201515699178e+07
6.181753574639492482e+07
6.181757235389207304e+07
6.181772785027615726e+07
6.181777962517509609e+07
6.181752276419952512e+07
6.181657565678449720e+07
6.181491078198633343e+07
6.181246292445284128e+07
6.180973518992662430e+07
6.180704378848553449e+07
6.180505730333568156e+07
6.180395642308672518e+07
6.180396720766688883e+07
6.180526211059308797e+07
6.180772243443361670e+07
6.181069326768908650e+07
6.181356441105040163e+07
6.181581656976223737e+07
6.181703056577514112e+07
6.181715411505839229e+07
6.181649186497302353e+07
6.181522822283532470e+07
6.181380502452348918e+07
6.181276857613929361e+07
6.181270820600312203e+07
6.181353542485940456e+07
6.181502308358367532e+07
6.181685373541032523e+07
6.181872363839798421e+07
6.181971326998680830e+07
6.181951356733066589e+07
6.181819191966494918e+07
6.181620615333264321e+07
6.181362165763406456e+07
6.181129249135273695e+07
6.180946765594632179e+07
6.180860527935497463e+07
6.180887387584681809e+07
6.181038472875452787e+07
6.181248817722593248e+07
6.181453128200236708e+07
6.181619738185880333e+07
6.181715971277143806e+07
6.181711983442216367e+07
6.181617553565374762e+07
6.181452246702016145e+07
6.181265131708289683e+07
6.181100340755017847e+07
6.181023062217873335e+07
6.181027637175704539e+07
6.181125391157832742e+07
6.181297952457321435e+07
6.181489217354417592e+07
6.181612370961524546e+07
6.181649423890025169e+07
6.181574049381227046e+07
6.181407727945998311e+07
6.181157276350840181e+07
6.180910172014614940e+07
6.180714291733698547e+07
6.180613355486852676e+07
6.180613686080027372e+07
6.180727979783481359e+07
6.180911579706885666e+07
6.181113392006540298e+07
6.181300593326356262e+07
6.181433231072352082e+07
6.181458049262033403e+07
6.181382320591694862e+07
6.181225735239464045e+07
6.181022579190020263e+07
6.180817356876517087e+07
6.180690223585171252e+07
6.180644048394245654e+07
6.180700508593284339e+07
6.180847498046859354e+07
6.181070991344767064e+07
6.181285772012457252e+07
6.181442777418620139e+07
6.181495248641239107e+07
6.181450136262255162e+07
6.181300633833091706e+07
6.181110485943111777e+07
6.180920258631489426e+07
6.180773608135949820e+07
6.180713495145098120e+07
6.180897498049084097e+07
6.180891573076828569e+07
6.181111728976300359e+07
6.181308697010408342e+07
6.181481716425239295e+07
6.181545089010802656e+07
6.181517852017336339e+07
6.181393217100548744e+07
6.181229313969428092e+07
6.181038993889901042e+07
6.180901800479137897e+07
6.180821039687713236e+07
6.180846151169500500e+07
6.181004682375947386e+07
6.181295504643751681e+07
6.181578998835099488e+07
6.181825219812233746e+07
6.181962183487518132e+07
6.181982979904387146e+07
6.181880152020727098e+07
6.181743031581092626e+07
6.181578907880680263e+07
6.181451050698792189e+07
6.181376297457940131e+07
6.181401702024492621e+07
6.181491791229721159e+07
6.181659984849701822e+07
6.181854965649923682e+07
6.182058237639187276e+07
6.182172047317752242e+07
6.182203658895481378e+07
6.182110247562126070e+07
6.181936633305428922e+07
6.181687997230752558e+07
6.181465605903595686e+07
6.181269645775697380e+07
6.181166426422097534e+07
6.181149438217822462e+07
6.181277548183789849e+07
6.181466753645201027e+07
6.181696662065897882e+07
6.181860753556093574e+07
6.181979437547581643e+07
6.181970079293865710e+07
6.181924052101088315e+07
6.181774420695612580e+07
6.181667158884558082e+07
6.181499057508940250e+07
6.181664042367208004e+07
6.181499139270887524e+07
6.181637039868964255e+07
6.181745099257361889e+07
6.181912559047514945e+07
6.182007905907922238e+07
6.182051916228703409e+07
6.181981640616782755e+07
6.181830330101779848e+07
6.181601124359037727e+07
6.181382355083888024e+07
6.181197842454864085e+07
6.181077658930309117e+07
6.181020042196149379e+07
6.181081989506632835e+07
6.181210369378007948e+07
6.181392521250998974e+07
6.181599295487966388e+07
6.181799738879758865e+07
6.181946651383767277e+07
6.182026633950822055e+07
6.182054068857950717e+07
6.182044000040526688e+07
6.182025630751632899e+07
6.182053073761928827e+07
6.182102403380364180e+07
6.182173525743918121e+07
6.182266748124271631e+07
6.182373514216362685e+07
6.182478415829287469e+07
6.182564775831548870e+07
6.182577855610758811e+07
6.182513747077288479e+07
6.182379383070693910e+07
6.182178149535536766e+07
6.181927501880638301e+07
6.181701038006705791e+07
6.181539796338129789e+07
6.181480634850452095e+07
6.181507427042979747e+07
6.181600252849410474e+07
6.181711226001394540e+07
6.181837123473799974e+07
6.181935832449846715e+07
6.181998307383013517e+07
6.182012909916878492e+07
6.181992989579187334e+07
6.181964821922347695e+07
6.181948814658766240e+07
6.181941159978278726e+07
6.181947801155962795e+07
6.181993548895533383e+07
6.182057137007826567e+07
6.182108624462144077e+07
6.182129339702705294e+07
6.182098371692328155e+07
6.181998155198194832e+07
6.181830400962489098e+07
6.181633510966100544e+07
6.181437195959230512e+07
6.181234169420977682e+07
6.181083966389445215e+07
6.181002299292016029e+07
6.180985107943316549e+07
6.181023310608843714e+07
6.181105680169341713e+07
6.181210539450329542e+07
6.181322702027453482e+07
6.181427386463522166e+07
6.181508498358082026e+07
6.181544211311396211e+07
6.181585123127472401e+07
6.181641433371884376e+07
6.181722121732528508e+07
6.181787496583895385e+07
6.181867940115078539e+07
6.181949585821361095e+07
6.182046108542637527e+07
6.182112757085738331e+07
6.182127463943167776e+07
6.182083148922633380e+07
6.182019012829201669e+07
6.181920737872038782e+07
6.181811697598238289e+07
6.181692170528059453e+07
6.181624563912493736e+07
6.181564756804583222e+07
6.181539183812607080e+07
6.181501979673927277e+07
6.181493965138442069e+07
6.181486923725705594e+07
6.181536834840547293e+07
6.181596368155764043e+07
6.181697960294082016e+07
6.181729492233325541e+07
6.181829562244115025e+07
