2.014396456385033205e+07
2.014691017781673744e+07
2.014628787393836677e+07
2.014629823048863932e+07
2.014491575446853042e+07
2.014362389693633094e+07
2.014243983736355975e+07
2.014126313611421362e+07
2.013991836640028656e+07
2.013884732812751085e+07
2.013759026970909163e+07
2.013642414765121415e+07
2.013552641654004157e+07
2.013486437906429172e+07
2.013380398240779713e+07
2.013264283841348067e+07
2.013159028432999551e+07
2.013098305955093727e+07
2.013106140159843862e+07
2.013178893042464182e+07
2.013229830747421458e+07
2.013285793221265078e+07
2.013357833441220969e+07
2.013506804443525523e+07
2.013723012133980170e+07
2.013975659525720775e+07
2.014203387992094085e+07
2.014349989801252633e+07
2.014379087554905191e+07
2.014420549006519467e+07
2.014462994953438267e+07
2.014484485066321120e+07
2.014486111733455956e+07
2.014513765044963732e+07
2.014549427982487902e+07
2.014561073358916864e+07
2.014553456610572338e+07
2.014547847276570275e+07
2.014506601648510620e+07
2.014401916438013315e+07
2.014281533710870519e+07
2.014165142835354060e+07
2.014061063549410924e+07
2.014038785047934577e+07
2.014078495894589648e+07
2.014132056001111120e+07
2.014213124143032357e+07
2.014322033168505505e+07
2.014446940794112906e+07
2.014570830616664886e+07
2.014665086937220767e+07
2.014711155323217064e+07
2.014757277855436876e+07
2.014794983933889121e+07
2.014768634849260002e+07
2.014678792534709349e+07
2.014621628892524168e+07
2.014563100265210867e+07
2.014544844061718509e+07
2.014597748447900638e+07
2.014614473377390578e+07
2.014558961844787747e+07
2.014476142365495116e+07
2.014359580037483573e+07
2.014188521783469617e+07
2.013999641142877564e+07
2.013786764324488863e+07
2.013623501767516509e+07
2.013537176605616510e+07
2.013529201321876794e+07
2.013620285228363052e+07
2.013802883450184390e+07
2.014002856141370907e+07
2.014146587938291952e+07
2.014251998971045017e+07
2.014311705871649459e+07
2.014314652482935041e+07
2.014272522800261155e+07
2.014214672403962538e+07
2.014168075766140968e+07
2.014185209163992852e+07
2.014242252195158973e+07
2.014311379039706290e+07
2.014348236125605553e+07
2.014366811817026883e+07
2.014360164089509472e+07
2.014317446453768760e+07
2.014216462777520344e+07
2.014063554729624838e+07
2.013864259094372764e+07
2.013658714409710467e+07
2.013499600475785509e+07
2.013443965186388418e+07
2.013421989854899049e+07
2.013448348520160839e+07
2.013553246187815070e+07
2.013715328788840771e+07
2.013896990481492504e+07
2.014062562825812027e+07
2.014187042296630144e+07
2.014241026492384821e+07
2.014183866408753768e+07
2.014066076320191473e+07
2.013946630014126748e+07
2.013882023231900483e+07
2.013867778317176923e+07
2.013945026893378049e+07
2.014062444013024494e+07
2.014179436376608536e+07
2.014281605432448164e+07
2.014399741134697571e+07
2.014461066100967675e+07
2.014438001433081552e+07
2.014306524211141095e+07
2.014085770887668803e+07
2.013859142752650008e+07
2.013707480572877824e+07
2.013645879896540567e+07
2.013667723795146495e+07
2.013815892630150542e+07
2.014054468682620674e+07
2.014273558173854277e+07
2.014447375657800585e+07
2.014596523273968697e+07
2.014701081442424655e+07
2.014705255939890444e+07
2.014631100350018963e+07
2.014498503856184706e+07
2.014360945672202483e+07
2.014261600101481751e+07
2.014250983357020095e+07
2.014313263072098047e+07
2.014455885800973326e+07
2.014610416988059878e+07
2.014758620601634309e+07
2.014847414948272705e+07
2.014818654553379864e+07
2.014666625922900811e+07
2.014441877189702541e+07
2.014179535658861324e+07
2.013953649435868859e+07
2.013785817773928866e+07
2.013734443660102040e+07
2.013810980872234702e+07
2.013997467272010818e+07
2.014207941291302443e+07
2.014402164851457626e+07
2.014595767175576836e+07
2.014743542264564708e+07
2.014805943608826771e+07
2.014778886968889087e+07
2.014689886235117540e+07
2.014578072131064162e+07
2.014489384981390834e+07
2.014496380520047247e+07
2.014574898259570077e+07
2.014710246134410426e+07
2.014893434416924044e+07
2.015112683378995582e+07
2.015281179345197603e+07
2.015370109524120763e+07
2.015350563103571907e+07
2.015241017188669741e+07
2.015063108595903590e+07
2.014901568376683071e+07
2.014786873772090301e+07
2.014717420767972618e+07
2.014738450654724985e+07
2.014887114770083874e+07
2.015031794595162943e+07
2.015139274249419197e+07
2.015144700495800003e+07
2.015023200341557711e+07
2.014813464109424874e+07
2.014563989310120791e+07
2.014294537968479842e+07
2.014017298108952865e+07
2.013792670875459909e+07
2.013711778416355699e+07
2.013726195243148133e+07
2.013837094797625020e+07
2.014020990076072142e+07
2.014268347908226401e+07
2.014461980094968155e+07
2.014510395623868704e+07
2.014427609109628946e+07
2.014252922462736443e+07
2.013986206883800402e+07
2.013724278741630167e+07
2.013492962168976665e+07
2.013320597794944048e+07
2.013238110414848104e+07
2.013369044375474006e+07
2.013463064099577442e+07
2.013689425986650586e+07
2.013882162902784720e+07
2.014017719679583982e+07
2.014082629252664372e+07
2.014038931965928152e+07
2.013903293415177613e+07
2.013732061443699151e+07
2.013515946469694376e+07
2.013394705363178253e+07
2.013372600829313695e+07
2.013418212326676026e+07
2.013588204410945624e+07
2.013825462983549759e+07
2.014088783552204445e+07
2.014329657754606009e+07
2.014499586775025353e+07
2.014544233822372183e+07
2.014450551184557378e+07
2.014371749635963887e+07
2.014268273999761045e+07
2.014195534107674286e+07
2.014142374089476466e+07
2.014167987727791816e+07
2.014245075347889587e+07
2.014371904509874433e+07
2.014556639054511487e+07
2.014723667357917130e+07
2.014845373061311245e+07
2.014892520039970800e+07
2.014780508540219069e+07
2.014613361315412819e+07
2.014409352536632121e+07
2.014252920113775879e+07
2.014119568951772898e+07
2.014085061654240638e+07
2.014108816625967994e+07
2.014262546833869070e+07
2.014460027869775891e+07
2.014700608204066008e+07
2.014843504355566576e+07
2.014850229144268110e+07
2.014677055074711889e+07
2.014477356388228387e+07
2.014177776781524718e+07
2.013977425038179755e+07
2.013723229395052791e+07
2.014306468943794817e+07
2.013599706098497286e+07
2.013840257488181442e+07
2.013854956426274776e+07
2.014054583216140047e+07
2.014126990542050451e+07
2.014205612546822429e+07
2.014101547021689638e+07
2.013969853261408210e+07
2.013688551651289314e+07
2.013472845577415824e+07
2.013252578727121279e+07
2.013147851649751142e+07
2.013120422320433334e+07
2.013270915036982298e+07
2.013468611397975311e+07
2.013768058802772313e+07
2.014053380702980608e+07
2.014292353911549225e+07
2.014363132192077860e+07
2.014356893428612128e+07
2.014295131843210384e+07
2.014265733045007661e+07
2.014212632673794776e+07
2.014217959894057736e+07
2.014239509284485132e+07
2.014325498716557771e+07
2.014469743732153624e+07
2.014661005424023047e+07
2.014827974121714383e+07
2.014963159115811437e+07
2.015028306966579333e+07
2.015048334484216571e+07
2.014971425310968980e+07
2.014792139522622898e+07
2.014560130521774665e+07
2.014407707333974913e+07
2.014302992069029808e+07
2.014293059254952148e+07
2.014404377410153300e+07
2.014580327221222967e+07
2.014745722083857283e+07
2.014887834803205729e+07
2.014981025035224482e+07
2.015060569823827222e+07
2.015080866381027922e+07
2.015070075894938782e+07
2.015067306320837513e+07
2.015096124472777918e+07
2.015153734945663065e+07
2.015199982462690398e+07
2.015259417414340004e+07
2.015364029806981608e+07
2.015478983815436810e+07
2.015542526421678811e+07
2.015556243866756558e+07
2.015520060187105462e+07
2.015371809646757692e+07
2.015162078433992341e+07
2.014922327561090514e+07
2.014647564128936082e+07
2.014462582851416618e+07
2.014338898005781695e+07
2.014306758037661761e+07
2.014330220133756474e+07
2.014396456968089566e+07
2.014480609377269074e+07
2.014567552933843061e+07
2.014617741502802446e+07
2.014624663699129224e+07
2.014590660846192762e+07
2.014594131145117059e+07
2.014604424059757218e+07
2.014656884030057117e+07
2.014682698939456791e+07
2.014743036043923348e+07
2.014797630699044093e+07
2.014882461935522407e+07
2.014950258744112030e+07
2.015037045339328423e+07
2.015071275935925171e+07
2.015018721022434160e+07
2.014877704869780317e+07
2.014754453727326542e+07
2.014589912450546771e+07
2.014481245360505208e+07
2.014322324015997723e+07
2.014222833785751462e+07
2.014115712299795076e+07
2.014153875415909663e+07
2.014174599746983126e+07
2.014284337448414043e+07
2.014320460535472259e+07
2.014496274124970287e+07
2.014556575291985273e+07
2.014916264821606502e+07
