1.497946692312698252e+07
1.498032914964895509e+07
1.498078220880188607e+07
1.498106272960654274e+07
1.498123174976334348e+07
1.498145786857878231e+07
1.498169059842763841e+07
1.498183060355574638e+07
1.498190671007097512e+07
1.498188030845833570e+07
1.498170656298345886e+07
1.498121690378774330e+07
1.498045075143880397e+07
1.497954755622352473e+07
1.497833258317239583e+07
1.497712789863869920e+07
1.497591934149381518e+07
1.497488303609661944e+07
1.497413041222450510e+07
1.497389718342190050e+07
1.497418435696828738e+07
1.497499636667623930e+07
1.497618215442777425e+07
1.497763246909657121e+07
1.497908701263272390e+07
1.498037280287636444e+07
1.498120948428025283e+07
1.498168275150862336e+07
1.498186386476578377e+07
1.498175063186717965e+07
1.498158130251564644e+07
1.498147366847446375e+07
1.498141928487636335e+07
1.498145654520409554e+07
1.498165109590290487e+07
1.498170449139836803e+07
1.498148717104558088e+07
1.498105129650767148e+07
1.498023603909926675e+07
1.497897563269149140e+07
1.497741816514568217e+07
1.497574129473744333e+07
1.497429464106959663e+07
1.497332625488238782e+07
1.497298361477524787e+07
1.497337966463138349e+07
1.497454008869108744e+07
1.497621609319893830e+07
1.497806423916319944e+07
1.497990229152275808e+07
1.498123675898516737e+07
1.498205530582101829e+07
1.498231877414283156e+07
1.498203118548802845e+07
1.498149530720475130e+07
1.498094746757269092e+07
1.498054767460620031e+07
1.498050934333821572e+07
1.498094388517805561e+07
1.498141422772590257e+07
1.498190850669313967e+07
1.498206049159681611e+07
1.498178920416468754e+07
1.498085748848950677e+07
1.497931940898175538e+07
1.497726596044903994e+07
1.497507401068165153e+07
1.497328804781402647e+07
1.497212711050696857e+07
1.497182023368971609e+07
1.497259922588471137e+07
1.497419280275467597e+07
1.497639008714734204e+07
1.497866975067159534e+07
1.498063388528826833e+07
1.498189062973701581e+07
1.498247568860672601e+07
1.498227461550482735e+07
1.498152576999836788e+07
1.498058708857713081e+07
1.497976985618636757e+07
1.497938985441369005e+07
1.497962198911545984e+07
1.498041025827683508e+07
1.498140461837328412e+07
1.498232029797483981e+07
1.498282905224917270e+07
1.498247631178618781e+07
1.498132050943698362e+07
1.497928728063168004e+07
1.497679236974336766e+07
1.497428354347699136e+07
1.497227447355557606e+07
1.497120070234082453e+07
1.497129781194704399e+07
1.497245204132264853e+07
1.497458292916977592e+07
1.497715184910991229e+07
1.497951612627464347e+07
1.498142163915303163e+07
1.498247724636361189e+07
1.498259778580182046e+07
1.498177793205932714e+07
1.498055598819031939e+07
1.497922018916533515e+07
1.497833934405793995e+07
1.497832034131593071e+07
1.497906522853303514e+07
1.498031944368064404e+07
1.498186503273456357e+07
1.498318879232381471e+07
1.498376369061469659e+07
1.498332380678441562e+07
1.498174660335878655e+07
1.497932421592796780e+07
1.497646011186424829e+07
1.497383439280400798e+07
1.497194294762597606e+07
1.497114184510557912e+07
1.497172491288506798e+07
1.497347201657816395e+07
1.497600023582258821e+07
1.497868874608031847e+07
1.498107938876329549e+07
1.498267223491772078e+07
1.498308928220195509e+07
1.498241596251211874e+07
1.498099514402647130e+07
1.497922766905145161e+07
1.497763726176013984e+07
1.497690945383900218e+07
1.497725622309187613e+07
1.497842757194702886e+07
1.498024347332477570e+07
1.498233139448164403e+07
1.498384357518895529e+07
1.498434692311348394e+07
1.498350639326933958e+07
1.498164178454958647e+07
1.497892394240202755e+07
1.497599594281665981e+07
1.497347100818386488e+07
1.497191338608903438e+07
1.497164440183243155e+07
1.497279327370828390e+07
1.497497488484868780e+07
1.497767733165333606e+07
1.498030826460801996e+07
1.498233109049910866e+07
1.498326203124105558e+07
1.498290957706362382e+07
1.498151701890965179e+07
1.497955821879084781e+07
1.497745515805419907e+07
1.497601602584307827e+07
1.497557271946522780e+07
1.497624078192638420e+07
1.497795367915887944e+07
1.498035802442533523e+07
1.498264174992745556e+07
1.498421056150468811e+07
1.498448447131459601e+07
1.498355665915521048e+07
1.498146356180277281e+07
1.497872724673986435e+07
1.497599311769647151e+07
1.497385017790490389e+07
1.497276626920497045e+07
1.497309897020946629e+07
1.497465752945898473e+07
1.497694729058472067e+07
1.497963399869612418e+07
1.498197408906674758e+07
1.498347593331184797e+07
1.498355023718852736e+07
1.498251836061390489e+07
1.498053295014643855e+07
1.497805271101544425e+07
1.497587479879558086e+07
1.497462811032176204e+07
1.497445802938672714e+07
1.497557065944824368e+07
1.497778513898045570e+07
1.498037596651644260e+07
1.498264617007347569e+07
1.498408479692592472e+07
1.498425310006579943e+07
1.498321116451865435e+07
1.498116837542639486e+07
1.497875768426285312e+07
1.497645363355151005e+07
1.497493571282120422e+07
1.497518209753482789e+07
1.497535139538805559e+07
1.497722197275810316e+07
1.497960994919376262e+07
1.498197335325871594e+07
1.498359716774166003e+07
1.498412906135764718e+07
1.498349487696392834e+07
1.498172604602550343e+07
1.497919595034660213e+07
1.497674051571592689e+07
1.497460865937373415e+07
1.497353524435384385e+07
1.497378500042549521e+07
1.497541605324706063e+07
1.497774524180298485e+07
1.498026058949769661e+07
1.498230250695033558e+07
1.498340375278433040e+07
1.498328060657344386e+07
1.498221632461778447e+07
1.498055638352928869e+07
1.497863492024440318e+07
1.497702071163768508e+07
1.497620588344525546e+07
1.497643873422278091e+07
1.497769453683049604e+07
1.497957556870541163e+07
1.498170120234395564e+07
1.498344391802323051e+07
1.498436394250399247e+07
1.498410494427961111e+07
1.498281009664031118e+07
1.498049372627379559e+07
1.497785496322166361e+07
1.497538546461920254e+07
1.497358859879152477e+07
1.497286637837051228e+07
1.497354331896629184e+07
1.497524592720697634e+07
1.497747456810235977e+07
1.497972693269683979e+07
1.498152319241932407e+07
1.498232200167266838e+07
1.498232028437586688e+07
1.498137619670895860e+07
1.498020545309431292e+07
1.497880953869948350e+07
1.497877690316949785e+07
1.497785080597674288e+07
1.497873200137555040e+07
1.498008381807665713e+07
1.498196314256009273e+07
1.498354873350685649e+07
1.498466404450814240e+07
1.498478926101494953e+07
1.498384290341283008e+07
1.498185959331133030e+07
1.497952215863537230e+07
1.497712611322839931e+07
1.497498572761252895e+07
1.497354120876625367e+07
1.497324014300954528e+07
1.497402036668643355e+07
1.497555019195374660e+07
1.497738938606655039e+07
1.497926774344502576e+07
1.498057330036657117e+07
1.498119160286353715e+07
1.498110935816301592e+07
1.498052588084319234e+07
1.497983705402192287e+07
1.497937944909113273e+07
1.497928250033102371e+07
1.497968782519604824e+07
1.498062907171848603e+07
1.498196812579319440e+07
1.498333483300892636e+07
1.498437204257244430e+07
1.498477819061933272e+07
1.498430448853737302e+07
1.498295720605138317e+07
1.498108448640817590e+07
1.497890743533401191e+07
1.497669909455010481e+07
1.497495659597492032e+07
1.497394786803012714e+07
1.497387114968922175e+07
1.497452803364600800e+07
1.497557267329257168e+07
1.497693718737096898e+07
1.497827971440259740e+07
1.497941664152100310e+07
1.498003008341377787e+07
1.498025010446615145e+07
1.498019233948439918e+07
1.498017421692699194e+07
1.498031697360373475e+07
1.498055817607512884e+07
1.498115985416234843e+07
1.498207139169904403e+07
1.498300233485579863e+07
1.498381813797248900e+07
1.498425556116018258e+07
1.498411684344877861e+07
1.498337173771723546e+07
1.498207995128025115e+07
1.498056415291376226e+07
1.497876250704559870e+07
1.497704327869270556e+07
1.497564572412950173e+07
1.497476521999980323e+07
1.497438647225153260e+07
1.497461418427759968e+07
1.497521250260828622e+07
1.497620135072289594e+07
1.497734501836828329e+07
1.497836470072218403e+07
1.497916342585027590e+07
1.497971054752836190e+07
1.498023660771877691e+07
1.498071603479260020e+07
1.498110006886402704e+07
1.498149486139979959e+07
1.498196739251690172e+07
1.498254305389252491e+07
1.498306406227588840e+07
1.498340131226232834e+07
1.498344731643035077e+07
1.498319348011154309e+07
1.498260023330370896e+07
1.498171849725469761e+07
1.498050572329132259e+07
1.497914311225927994e+07
1.497773137985178828e+07
1.497644684493754804e+07
1.497534033823366836e+07
1.497471849621161260e+07
1.497442432741450146e+07
1.497477160466333106e+07
1.497537336821028031e+07
1.497648235903294384e+07
1.497750263756524026e+07
1.497887112737589702e+07
