1.971547808302644640e+07
1.971721517386171222e+07
1.971791218455652148e+07
1.971879658271276578e+07
1.971901178839668632e+07
1.971944641665527225e+07
1.971946414439184964e+07
1.971936310696900636e+07
1.971891824762611464e+07
1.971839087761767954e+07
1.971763249600518122e+07
1.971737894330789521e+07
1.971674103134674579e+07
1.971574559816247597e+07
1.971432925963918120e+07
1.971270189736756310e+07
1.971136128294081613e+07
1.971032869827266037e+07
1.970964487015642226e+07
1.970959565982726961e+07
1.971015804243737459e+07
1.971088798853398114e+07
1.971179838475939259e+07
1.971296561035397649e+07
1.971410039927094802e+07
1.971497973712728545e+07
1.971546055660068616e+07
1.971581320865251869e+07
1.971588842953461036e+07
1.971578008413392678e+07
1.971575152586603537e+07
1.971579984297343716e+07
1.971585632532588020e+07
1.971600273695408925e+07
1.971613750200558454e+07
1.971591490776604041e+07
1.971527319929396361e+07
1.971449842006226256e+07
1.971342438579202071e+07
1.971199321754155681e+07
1.971043259331019968e+07
1.970912752554755285e+07
1.970813941399496049e+07
1.970765971820437163e+07
1.970801550931869447e+07
1.970888634248402342e+07
1.971025229491096735e+07
1.971210799802523479e+07
1.971388085197272524e+07
1.971531423478230461e+07
1.971645363722214848e+07
1.971694816433177143e+07
1.971695621489923075e+07
1.971684525143787265e+07
1.971650538925645128e+07
1.971628582993473113e+07
1.971638440709243715e+07
1.971667966756386310e+07
1.971724347159033641e+07
1.971777201110915467e+07
1.971771104565066099e+07
1.971737642440952733e+07
1.971670236482112855e+07
1.971532096756620705e+07
1.971355109065448493e+07
1.971163504802021384e+07
1.970981394504320621e+07
1.970865379105550796e+07
1.970834955463199690e+07
1.970879824345300719e+07
1.971013186544391140e+07
1.971214171130058542e+07
1.971451505809954181e+07
1.971670297704928741e+07
1.971826199623757601e+07
1.971932770574527979e+07
1.971963427796008810e+07
1.971934785329299420e+07
1.971878578356540576e+07
1.971822142862639204e+07
1.971800794432257116e+07
1.971823907859870046e+07
1.971899079923841730e+07
1.971993947874047980e+07
1.972068968083003908e+07
1.972103194630869105e+07
1.972086235922986269e+07
1.971991431021251902e+07
1.971813394011767209e+07
1.971582565728296340e+07
1.971340373741456494e+07
1.971124418334237114e+07
1.971001556496571749e+07
1.970981290969463438e+07
1.971053801675608382e+07
1.971230954588496312e+07
1.971473953274286166e+07
1.971715792960356921e+07
1.971898856694076955e+07
1.972018776132784784e+07
1.972070918681084365e+07
1.972038867580015585e+07
1.971950613784330338e+07
1.971839363398287818e+07
1.971762555887365341e+07
1.971743955098151043e+07
1.971808393757060170e+07
1.971927677527019754e+07
1.972067319475647062e+07
1.972203789548965171e+07
1.972292558735949174e+07
1.972278440052564815e+07
1.972154651845271885e+07
1.971947486574193463e+07
1.971689278103559464e+07
1.971428115294134617e+07
1.971243135863604024e+07
1.971151733219883591e+07
1.971167034200802818e+07
1.971302201921368763e+07
1.971536724187543243e+07
1.971799376833907887e+07
1.972035151706591994e+07
1.972207417392694578e+07
1.972288153187223524e+07
1.972259405141406134e+07
1.972158873725479841e+07
1.972011838410780951e+07
1.971869522431512177e+07
1.971784803184643015e+07
1.971802060197319090e+07
1.971904734767637029e+07
1.972064228636673465e+07
1.972253247592202574e+07
1.972425002430106327e+07
1.972513887611671910e+07
1.972479887230676413e+07
1.972345069109630957e+07
1.972116496174712852e+07
1.971822688931303099e+07
1.971558154180287570e+07
1.971381279913516715e+07
1.971308975898545608e+07
1.971341012522285432e+07
1.971486246506472677e+07
1.971702303997119889e+07
1.971913368610063568e+07
1.972082735333634540e+07
1.972171615638684109e+07
1.972141549716548622e+07
1.972000483103188127e+07
1.971792866253954917e+07
1.971563910165758803e+07
1.971371173692140728e+07
1.971279932440780103e+07
1.971282659511059895e+07
1.971370908814598247e+07
1.971568584741859883e+07
1.971813883771728724e+07
1.971973878925346583e+07
1.972002186700108647e+07
1.971922927297056094e+07
1.971731909997294843e+07
1.971469709548548982e+07
1.971197488240957633e+07
1.970978255036154017e+07
1.970860323706644028e+07
1.970850966020768136e+07
1.970986697848386317e+07
1.971203553547212109e+07
1.971435041200635582e+07
1.971670592714888975e+07
1.971837041595893353e+07
1.971869513415744156e+07
1.971800721882290766e+07
1.971645943964375556e+07
1.971417548472641781e+07
1.971206937504907697e+07
1.971082896060942113e+07
1.971054599602385610e+07
1.971136398672969639e+07
1.971314552004019544e+07
1.971579719900064170e+07
1.971842427011101320e+07
1.972021371333415434e+07
1.972085586463233456e+07
1.972030592837426811e+07
1.971862687816778943e+07
1.971646119384714961e+07
1.971431022143406048e+07
1.971263455422491580e+07
1.971208760362120718e+07
1.971285120550816879e+07
1.971440454034964368e+07
1.971665861503696814e+07
1.971914024102886021e+07
1.972119611669798568e+07
1.972208900390927866e+07
1.972161217876196653e+07
1.972024180534987897e+07
1.971819008012064919e+07
1.971548107685428113e+07
1.971330605656667426e+07
1.971232648426355049e+07
1.971248711263736710e+07
1.971388770987398550e+07
1.971643718081704900e+07
1.971916275803265348e+07
1.972150571621849760e+07
1.972284170798223838e+07
1.972270273550891504e+07
1.972134833320588619e+07
1.971956851243836805e+07
1.971759002834250033e+07
1.971533152545312047e+07
1.971387689548144117e+07
1.971373988324653357e+07
1.971452378624041378e+07
1.971603081073885038e+07
1.971813586749762297e+07
1.972019484350528941e+07
1.972120929569151253e+07
1.972082521023504063e+07
1.971927999102880806e+07
1.971697401719697192e+07
1.971391464213319123e+07
1.971096870458772779e+07
1.970859037250841036e+07
1.970747049210412055e+07
1.970763121430271864e+07
1.970909536955733597e+07
1.971121334604389220e+07
1.971351119570576027e+07
1.971542239415948838e+07
1.971661106831121072e+07
1.971665253388900682e+07
1.971618077544707060e+07
1.971503046806793660e+07
1.971391795761064813e+07
1.971275057014725357e+07
1.971529492771527916e+07
1.971358765180703625e+07
1.971575519998612627e+07
1.971732046016760543e+07
1.971947899750537425e+07
1.972077924683241174e+07
1.972140754657344148e+07
1.972039295341503993e+07
1.971870003209124133e+07
1.971599937807784230e+07
1.971354632340002432e+07
1.971127410117893293e+07
1.970947609454628825e+07
1.970854217321031541e+07
1.970895050811174884e+07
1.970996760857577994e+07
1.971165636583746225e+07
1.971346309253542870e+07
1.971497851552504674e+07
1.971574637333687022e+07
1.971579412276941538e+07
1.971554614419142529e+07
1.971508687198802084e+07
1.971436166207028553e+07
1.971450053648949414e+07
1.971517029517680034e+07
1.971593850876360759e+07
1.971717612273751944e+07
1.971867887426901981e+07
1.971986070079669729e+07
1.972079669610885158e+07
1.972074954607122764e+07
1.971993625086163729e+07
1.971861248077129200e+07
1.971660134715807810e+07
1.971427227696577460e+07
1.971216831770696491e+07
1.971063622942892835e+07
1.971022820677078143e+07
1.971068423519225791e+07
1.971159287152754143e+07
1.971296630690746754e+07
1.971454064806425199e+07
1.971580057993184775e+07
1.971678196804798767e+07
1.971727904419531301e+07
1.971713851420549676e+07
1.971691311459723487e+07
1.971674426022724062e+07
1.971687187495419011e+07
1.971731377116907015e+07
1.971805905258807912e+07
1.971900200130696222e+07
1.971988991734920070e+07
1.972048522840828821e+07
1.972054553971650824e+07
1.971989225649070740e+07
1.971848756107847020e+07
1.971683977019697800e+07
1.971511419336364418e+07
1.971305090327453241e+07
1.971125289113661274e+07
1.971010412525716797e+07
1.970952420557424054e+07
1.970947662122981623e+07
1.971008760247126594e+07
1.971100000316891074e+07
1.971209955535488948e+07
1.971322431176974624e+07
1.971416387984210253e+07
1.971469091654783115e+07
1.971545178005882725e+07
1.971600994710161164e+07
1.971651214233884588e+07
1.971699789705723524e+07
1.971782458636866882e+07
1.971868868858924508e+07
1.971952075851392001e+07
1.972028118880146369e+07
1.972077119469072297e+07
1.972071868102756888e+07
1.972010878833917528e+07
1.971884595101242885e+07
1.971733210478333384e+07
1.971557742210129276e+07
1.971405548802455142e+07
1.971260730706081539e+07
1.971169698994403332e+07
1.971120139629549906e+07
1.971156476755645871e+07
1.971194578575151041e+07
1.971313607465858012e+07
1.971396526016531512e+07
1.971534289601942524e+07
1.971579163500886783e+07
1.971719888968651742e+07
