4.797299358104167506e+06
4.800320039104759693e+06
4.799917506139355712e+06
4.800650413683813997e+06
4.800548162348810583e+06
4.801120847356860526e+06
4.801219702661159448e+06
4.801554139792196453e+06
4.801448932321940549e+06
4.801471872347502969e+06
4.801027985244913027e+06
4.800370301861696877e+06
4.799254564016176388e+06
4.798297642572441138e+06
4.796953354320876300e+06
4.795758568716510199e+06
4.794508295276699588e+06
4.793610684485539794e+06
4.792911802690517157e+06
4.792860667310070246e+06
4.793287364297176711e+06
4.794186769621563144e+06
4.795289890382805839e+06
4.796731102339763194e+06
4.798020986840340309e+06
4.799158385249533691e+06
4.799795014242920093e+06
4.800171237532977946e+06
4.800299894432799891e+06
4.800220692361652851e+06
4.800119329588284716e+06
4.800153899604327977e+06
4.800162118822777644e+06
4.800226282772934064e+06
4.800406381284316070e+06
4.800295482115467079e+06
4.799804286591425538e+06
4.799200447227583267e+06
4.798175021232570522e+06
4.796717619753785431e+06
4.795040366154147312e+06
4.793437465354006737e+06
4.792077615327353589e+06
4.791286470381717198e+06
4.791166589724385180e+06
4.791729838905451819e+06
4.792882482462898828e+06
4.794533903054079041e+06
4.796327055644496344e+06
4.797993570318737999e+06
4.799180974789064378e+06
4.799741697008964606e+06
4.799852054641963914e+06
4.799538112742777914e+06
4.799020028908787295e+06
4.798526103965607472e+06
4.798255302156485617e+06
4.798334482117610052e+06
4.798758862010709941e+06
4.799175257758692838e+06
4.799398538697368465e+06
4.799333839666463435e+06
4.798811382860236801e+06
4.797613510351848789e+06
4.795811753987579606e+06
4.793669734874567948e+06
4.791487937464037910e+06
4.789857890262084082e+06
4.789004076397929341e+06
4.788971454862035811e+06
4.789857036815635860e+06
4.791549704492181540e+06
4.793725573135534301e+06
4.795829072439623997e+06
4.797531644422568381e+06
4.798481353218383156e+06
4.798841296770837158e+06
4.798528115543136373e+06
4.797711013973772526e+06
4.796837757213115692e+06
4.796220144290959463e+06
4.795972074346139096e+06
4.796368945953037590e+06
4.797264127986466512e+06
4.798102055656524375e+06
4.798773605784673244e+06
4.798992533069940284e+06
4.798266697284833528e+06
4.796766129544124007e+06
4.794448489331081510e+06
4.791868596526164562e+06
4.789466995998819359e+06
4.787733067714127712e+06
4.786960050694400445e+06
4.787376858968291432e+06
4.788731297104879282e+06
4.790952548428780399e+06
4.793478225218735635e+06
4.795610874198127538e+06
4.797162615140571259e+06
4.797962506406465545e+06
4.797720630214410834e+06
4.796728069979740307e+06
4.795520261353868991e+06
4.794322957182781771e+06
4.793644585401053540e+06
4.793939260995966382e+06
4.794845263100218028e+06
4.796130498558220454e+06
4.797581676096335053e+06
4.798668887899881229e+06
4.798854935452168807e+06
4.797998603549859487e+06
4.796033966937921010e+06
4.793420270278103650e+06
4.790509221365355887e+06
4.788082406513884664e+06
4.786538286301496439e+06
4.786110343756046146e+06
4.786937285772488452e+06
4.788913505697898567e+06
4.791472960134841502e+06
4.793955693163216114e+06
4.796069645669890568e+06
4.797248400857889093e+06
4.797207153142839670e+06
4.796312738069364801e+06
4.794796741402960382e+06
4.793079971930051222e+06
4.791733740552062169e+06
4.791352703577427194e+06
4.791990674187697470e+06
4.793400529274857603e+06
4.795185586931056343e+06
4.797116366265272722e+06
4.798315404174944386e+06
4.798392696906451136e+06
4.797111361143535003e+06
4.794953226050855592e+06
4.791998963313225657e+06
4.789146512318051420e+06
4.786867878161912784e+06
4.785733299736119807e+06
4.785812101908698678e+06
4.787300092762484215e+06
4.789674220249837264e+06
4.792303741138768382e+06
4.794675500826321542e+06
4.796352412230839953e+06
4.796824129328222014e+06
4.796123408417036757e+06
4.794524109633449465e+06
4.792552957695292309e+06
4.790590758845521137e+06
4.789548463047122583e+06
4.789507760967793874e+06
4.790402359670296311e+06
4.792240776491697878e+06
4.794708714446667582e+06
4.796704428122185171e+06
4.797848710100244731e+06
4.797742382238374092e+06
4.796373204993141815e+06
4.793929850192807615e+06
4.791209633075862192e+06
4.788600741693974473e+06
4.786801057256847620e+06
4.786097142262594774e+06
4.786885183533446863e+06
4.788706776370481588e+06
4.791053551220634021e+06
4.793496907449609600e+06
4.795558281721776351e+06
4.796454947982119396e+06
4.796141472802807577e+06
4.794782042567196302e+06
4.792693662693913095e+06
4.790229436661716551e+06
4.788435051977545954e+06
4.787505191471883096e+06
4.787774859878037125e+06
4.789170274375413544e+06
4.791588503945257515e+06
4.794030872950773686e+06
4.796058020060956478e+06
4.796931241616303101e+06
4.796714408792256378e+06
4.795279073111164384e+06
4.793154888911399990e+06
4.790605177202601917e+06
4.788708215168271214e+06
4.787332847892226651e+06
4.787801534488699399e+06
4.788752633907605894e+06
4.790736097821353935e+06
4.793136275651296601e+06
4.795248124354228377e+06
4.796403081918486394e+06
4.796458546081320383e+06
4.795400735951360315e+06
4.793363360217148438e+06
4.790792109139852226e+06
4.788545849940401502e+06
4.786803579118119553e+06
4.786212806794656441e+06
4.786837056768296286e+06
4.788730310398148373e+06
4.791107522839191370e+06
4.793503636761185713e+06
4.795228762802448124e+06
4.795946785754817538e+06
4.795244519651106559e+06
4.793887798542382196e+06
4.792106840793977492e+06
4.790304669922997244e+06
4.788988800615638494e+06
4.788696104930764996e+06
4.789262231757515110e+06
4.790893087508433498e+06
4.792828992475228384e+06
4.794839325954948552e+06
4.796175158258891664e+06
4.796691068496666849e+06
4.795900865271308459e+06
4.794314399902144447e+06
4.791701806678581983e+06
4.789120739630951546e+06
4.786836540497523732e+06
4.785531573770268820e+06
4.785098644500094466e+06
4.786357470405710861e+06
4.788164386995474808e+06
4.790491456560471095e+06
4.792360131585627794e+06
4.793938944107843563e+06
4.794201066394221038e+06
4.794157747687567025e+06
4.792660617385388352e+06
4.791799394789125770e+06
4.789824094529177062e+06
4.790882652061665431e+06
4.790133465996566229e+06
4.791437680414169095e+06
4.792817565636835061e+06
4.794753673131481744e+06
4.796199929412586614e+06
4.796880923224240541e+06
4.796637696681605652e+06
4.795382415643511340e+06
4.793081198240171187e+06
4.790626963540890254e+06
4.788304323483118787e+06
4.786376197953034192e+06
4.785364609098521061e+06
4.785405064211466350e+06
4.786469555356428027e+06
4.788203103774175048e+06
4.790032953952577896e+06
4.791680471695086919e+06
4.792717120940478519e+06
4.793065104111720808e+06
4.792777700172954239e+06
4.792059111120943911e+06
4.791262555881707929e+06
4.791047212281874381e+06
4.791279095703526400e+06
4.791867751210945658e+06
4.793040659699898213e+06
4.794514394665514119e+06
4.795843099082461558e+06
4.796773619889252819e+06
4.796894511359869502e+06
4.796069876961043105e+06
4.794424070365840569e+06
4.792366492743119597e+06
4.790055528824861161e+06
4.788031329603252001e+06
4.786531981728819199e+06
4.785854574188053608e+06
4.786079200311790220e+06
4.786975452351276763e+06
4.788127848443526775e+06
4.789451489221080206e+06
4.790640577939250506e+06
4.791605358864697628e+06
4.792060519352420233e+06
4.792071538588883355e+06
4.791954901400327682e+06
4.791979413850305602e+06
4.792292130743849091e+06
4.792725610050525516e+06
4.793534791560516693e+06
4.794602869806563482e+06
4.795597787066879682e+06
4.796272059610828757e+06
4.796563035687716678e+06
4.796187432738964446e+06
4.795198448830883019e+06
4.793688046304144897e+06
4.791990296900582500e+06
4.790103083950350992e+06
4.788464235088950954e+06
4.787239064365689643e+06
4.786590199347637594e+06
4.786371187640249729e+06
4.786800597179397941e+06
4.787576661439091899e+06
4.788487790929562412e+06
4.789597383012541570e+06
4.790487233565128408e+06
4.791113337134332396e+06
4.791629171917085536e+06
4.792052481893176213e+06
4.792488092671119608e+06
4.792893759026031941e+06
4.793471820114429109e+06
4.794096638663010672e+06
4.794833708395669237e+06
4.795365600920225494e+06
4.795703028694837354e+06
4.795617755880109966e+06
4.795239516051148064e+06
4.794497731489496306e+06
4.793485583323570900e+06
4.792076945543001406e+06
4.790667245771507733e+06
4.789261839553606696e+06
4.788070133212625980e+06
4.787151339829343371e+06
4.786724684532740153e+06
4.786639793768626638e+06
4.787154638207942247e+06
4.787860577783528715e+06
4.789065752047491260e+06
4.789964399566537701e+06
4.791237929703320377e+06
