1.298093495125995018e+07
1.298097989570127055e+07
1.298141221672979183e+07
1.298158102772529051e+07
1.298183851431344822e+07
1.298203100431724824e+07
1.298232040577501617e+07
1.298242667519713007e+07
1.298251020704028383e+07
1.298244209633626789e+07
1.298224421044195816e+07
1.298175422730933130e+07
1.298111086048563942e+07
1.298045849331151508e+07
1.297974711200678907e+07
1.297901614409325644e+07
1.297836226100741513e+07
1.297784475231762789e+07
1.297755350463221967e+07
1.297756733989803866e+07
1.297800665331942774e+07
1.297862022418778017e+07
1.297940763511906378e+07
1.298029981924790889e+07
1.298115777657569572e+07
1.298184729100712761e+07
1.298227690813716315e+07
1.298257726661696658e+07
1.298274095624197274e+07
1.298273506359748729e+07
1.298277303142457828e+07
1.298280846878015622e+07
1.298283143641111627e+07
1.298288967966911569e+07
1.298302597210190445e+07
1.298293422733559646e+07
1.298261176872490346e+07
1.298218783572576009e+07
1.298153809138333611e+07
1.298064263786358759e+07
1.297964479929116741e+07
1.297872278846685588e+07
1.297799686970487982e+07
1.297760187690151483e+07
1.297766153267980739e+07
1.297814673257790320e+07
1.297896373638786003e+07
1.298004765563333966e+07
1.298117838687081635e+07
1.298220803099370003e+07
1.298293692359698005e+07
1.298331365381329693e+07
1.298339293791904487e+07
1.298326785242904350e+07
1.298301401619571261e+07
1.298280899671052210e+07
1.298273174957264774e+07
1.298285439250593074e+07
1.298316654897637665e+07
1.298347033692379482e+07
1.298353974158313125e+07
1.298342445278269984e+07
1.298304309940151125e+07
1.298226631125663221e+07
1.298114401917940378e+07
1.297990454152504727e+07
1.297865590934851021e+07
1.297773525405710749e+07
1.297732547017453983e+07
1.297745974154380709e+07
1.297815937937634066e+07
1.297928763316068426e+07
1.298065416257903166e+07
1.298197096239006333e+07
1.298297862476363964e+07
1.298359027896271087e+07
1.298378823420138843e+07
1.298360132962933928e+07
1.298319837948811427e+07
1.298275755625470728e+07
1.298247639807167277e+07
1.298247675424321182e+07
1.298282277650408819e+07
1.298339149489114806e+07
1.298388772861680761e+07
1.298423072750137001e+07
1.298427157394056767e+07
1.298378828464591689e+07
1.298277735731289163e+07
1.298137036565520428e+07
1.297981846212371439e+07
1.297841201004785672e+07
1.297749144843298011e+07
1.297721316178957932e+07
1.297759636982373521e+07
1.297856441072811186e+07
1.297998043510496803e+07
1.298148506948904321e+07
1.298274084955581836e+07
1.298368942749241181e+07
1.298412464473304339e+07
1.298399321109425463e+07
1.298343614158207923e+07
1.298272711968789808e+07
1.298210674941305630e+07
1.298183177715407312e+07
1.298210433543325402e+07
1.298278272304953262e+07
1.298357772372195311e+07
1.298441658250180446e+07
1.298496633800586313e+07
1.298496960517233238e+07
1.298431820005675964e+07
1.298307825194044039e+07
1.298146066800875962e+07
1.297973605098138750e+07
1.297834732848988660e+07
1.297757285356694087e+07
1.297744526072552614e+07
1.297813438420613855e+07
1.297942631692447141e+07
1.298104561368150264e+07
1.298254289401004463e+07
1.298377215214290470e+07
1.298438278396395408e+07
1.298433964098763652e+07
1.298373064293514378e+07
1.298284144718832336e+07
1.298188838059120439e+07
1.298123024143129401e+07
1.298116127614874020e+07
1.298168917832723819e+07
1.298259471309723519e+07
1.298372962014191970e+07
1.298481188923078030e+07
1.298542836193183064e+07
1.298532000765280239e+07
1.298445227536733449e+07
1.298305236452128738e+07
1.298123907475258410e+07
1.297957198149074242e+07
1.297834681587620266e+07
1.297779370538415201e+07
1.297802724093485251e+07
1.297907280564878322e+07
1.298060647781020403e+07
1.298218853748945892e+07
1.298358320349315926e+07
1.298443953079438768e+07
1.298461753814611956e+07
1.298409567206013575e+07
1.298314255279819667e+07
1.298194322148114443e+07
1.298088264352721162e+07
1.298039186424090341e+07
1.298054367993693054e+07
1.298121989651609957e+07
1.298248789645989239e+07
1.298398524237009138e+07
1.298517207065974362e+07
1.298569364170214720e+07
1.298546755543163419e+07
1.298447815705381148e+07
1.298294512419914268e+07
1.298126826634972356e+07
1.297981679745273292e+07
1.297884214102974348e+07
1.297862088692024350e+07
1.297925651493633538e+07
1.298052015057935566e+07
1.298196922239750624e+07
1.298349167959955148e+07
1.298461592809765972e+07
1.298507400282516889e+07
1.298473446896819584e+07
1.298383058635929599e+07
1.298248363931479678e+07
1.298108709157280251e+07
1.298009986533890665e+07
1.297971637560830265e+07
1.298000543116139621e+07
1.298102590592094883e+07
1.298252455870730802e+07
1.298406151277920045e+07
1.298517416162281111e+07
1.298563403680140711e+07
1.298531648328118026e+07
1.298433530710922740e+07
1.298290808265706711e+07
1.298149651539298892e+07
1.298029557632971555e+07
1.297980788350895420e+07
1.298029877197249606e+07
1.298077891488901153e+07
1.298214303430751152e+07
1.298357674801403470e+07
1.298482575384229608e+07
1.298541731670921110e+07
1.298532458810240775e+07
1.298453583317098208e+07
1.298321393254404329e+07
1.298162417220156826e+07
1.298024304922901839e+07
1.297934071974415518e+07
1.297905286541783996e+07
1.297956468235979974e+07
1.298084681458725594e+07
1.298241751393405534e+07
1.298384466450258717e+07
1.298483337820617110e+07
1.298512479624760337e+07
1.298463345231379196e+07
1.298374377111829072e+07
1.298263559688674845e+07
1.298149714711934887e+07
1.298077032099792734e+07
1.298068975371512026e+07
1.298123519655799866e+07
1.298221808942889608e+07
1.298347871181900054e+07
1.298468102771604806e+07
1.298550582218330353e+07
1.298562901959426329e+07
1.298507351790812425e+07
1.298388913691817597e+07
1.298230771070778370e+07
1.298070342298417911e+07
1.297940525623114780e+07
1.297858957253480330e+07
1.297854143638636358e+07
1.297930302956420742e+07
1.298060369784693979e+07
1.298200173327160813e+07
1.298328061089237966e+07
1.298407604965356737e+07
1.298426375202853605e+07
1.298392749321808852e+07
1.298326868788300455e+07
1.298236171713501960e+07
1.298181261812813580e+07
1.298149104772789776e+07
1.298180046373346262e+07
1.298251660669129156e+07
1.298356404264576547e+07
1.298468711802391894e+07
1.298555062353812531e+07
1.298590963206320442e+07
1.298563681005424075e+07
1.298466847734911740e+07
1.298321533378599770e+07
1.298164796646311693e+07
1.298024593044683151e+07
1.297905804769574478e+07
1.297850581290671602e+07
1.297866567667500675e+07
1.297944422985440493e+07
1.298052895002864115e+07
1.298173515844447725e+07
1.298275567316494696e+07
1.298334893310718238e+07
1.298345356910877861e+07
1.298324497804248519e+07
1.298278354987837747e+07
1.298230549158002064e+07
1.298217948802557215e+07
1.298237426270970330e+07
1.298284273219697177e+07
1.298360080636550300e+07
1.298455232238299772e+07
1.298535528120022640e+07
1.298586874897292443e+07
1.298583997555871494e+07
1.298520244227646105e+07
1.298411823115557246e+07
1.298277617598200403e+07
1.298132569582559355e+07
1.298001279762589000e+07
1.297904714984691329e+07
1.297870843974702992e+07
1.297893006499622762e+07
1.297954725879182853e+07
1.298033802976260707e+07
1.298122887002276070e+07
1.298198494683540426e+07
1.298252277479838207e+07
1.298272662890039757e+07
1.298264995347422734e+07
1.298253443447027728e+07
1.298254675054931454e+07
1.298271583304951712e+07
1.298302840306077898e+07
1.298356916047279350e+07
1.298425705984900519e+07
1.298489428414352052e+07
1.298534155601077341e+07
1.298546430237435363e+07
1.298514249173751101e+07
1.298435927831939422e+07
1.298330700842214935e+07
1.298218950234069861e+07
1.298094880945977382e+07
1.297987615746639483e+07
1.297916977452289127e+07
1.297882361880799010e+07
1.297880521683326364e+07
1.297911980019286275e+07
1.297964018244520202e+07
1.298025608918224089e+07
1.298093731960262544e+07
1.298143895241457224e+07
1.298173955034711584e+07
1.298198924418047443e+07
1.298225152588914707e+07
1.298251773344661668e+07
1.298278243140975572e+07
1.298312924620972574e+07
1.298352187000076100e+07
1.298396300065897591e+07
1.298434050413926318e+07
1.298450265890141390e+07
1.298440990912345983e+07
1.298404975185788609e+07
1.298346742354149744e+07
1.298268423102853075e+07
1.298174346659772471e+07
1.298076229293224588e+07
1.297986753377692588e+07
1.297912222260999121e+07
1.297857986700963043e+07
1.297833459483121336e+07
1.297836758987238631e+07
1.297869761255586334e+07
1.297922281848720834e+07
1.297984869437951036e+07
1.298043406280121207e+07
1.298102727877686359e+07
