1.257319978720718250e+07
1.257617330334710889e+07
1.257625299650038406e+07
1.257711950084095635e+07
1.257719316126593016e+07
1.257777077707018889e+07
1.257785591095609218e+07
1.257815921290231869e+07
1.257826134698146023e+07
1.257869190659344755e+07
1.257852803619279526e+07
1.257811850694107078e+07
1.257682765467201546e+07
1.257517543232123554e+07
1.257331792347590812e+07
1.257210513121732511e+07
1.257059765021064319e+07
1.256942347085738368e+07
1.256850829845360108e+07
1.256819468840678036e+07
1.256826873109869659e+07
1.256878767109216750e+07
1.256974486790798791e+07
1.257133049914469570e+07
1.257271648071584292e+07
1.257382223207898811e+07
1.257449037641912326e+07
1.257501035500746779e+07
1.257524675746556371e+07
1.257529139633055218e+07
1.257505087523446791e+07
1.257493215471740067e+07
1.257429192880810611e+07
1.257390839594205283e+07
1.257382900779890828e+07
1.257372126347987540e+07
1.257360361626816727e+07
1.257355446535473689e+07
1.257333636356236413e+07
1.257244825713648461e+07
1.257076183418643288e+07
1.256932985798697174e+07
1.256801069965329021e+07
1.256683054685159028e+07
1.256629886804929189e+07
1.256660858363505639e+07
1.256768726248346828e+07
1.256932080040384643e+07
1.257128976467864215e+07
1.257314983675098047e+07
1.257471824005814083e+07
1.257586332313774712e+07
1.257637847564120218e+07
1.257652616245349124e+07
1.257637614815631136e+07
1.257587947117081843e+07
1.257536265350279957e+07
1.257502008458228782e+07
1.257529771046077833e+07
1.257585328637587093e+07
1.257650246780823916e+07
1.257688507660653256e+07
1.257703640568034351e+07
1.257642228153931163e+07
1.257514456616283581e+07
1.257320416665917449e+07
1.257102124199401960e+07
1.256885890532148629e+07
1.256733080549751222e+07
1.256586025051861256e+07
1.256522120611397177e+07
1.256568711967919953e+07
1.256722904221862368e+07
1.256931197046970762e+07
1.257122626791531406e+07
1.257260209618037939e+07
1.257349405426530913e+07
1.257377471794586442e+07
1.257373281660485081e+07
1.257366089343219064e+07
1.257309786027145199e+07
1.257242081330921687e+07
1.257209771454280801e+07
1.257235574975818768e+07
1.257310921669749916e+07
1.257388224198507145e+07
1.257474166553823277e+07
1.257495875145376474e+07
1.257451257063858770e+07
1.257302719092182815e+07
1.257098774762366712e+07
1.256885132250986435e+07
1.256651548296825588e+07
1.256494769412574731e+07
1.256483118236601166e+07
1.256598753226038814e+07
1.256764586627849191e+07
1.256964416469400004e+07
1.257199644755829871e+07
1.257408183642394654e+07
1.257570282605349645e+07
1.257659130803184398e+07
1.257632692436325923e+07
1.257494663978024758e+07
1.257277147436601110e+07
1.257074983349623531e+07
1.257019498029368371e+07
1.257062369203377143e+07
1.257204579280102812e+07
1.257397763540697470e+07
1.257626518551238626e+07
1.257792811055475287e+07
1.257875152903132327e+07
1.257781679357556067e+07
1.257484410697115213e+07
1.257146648764163628e+07
1.256868249960708059e+07
1.256641138405159861e+07
1.256514191272629052e+07
1.256530217500033975e+07
1.256675684921377152e+07
1.256931283964271657e+07
1.257220180568945035e+07
1.257485464525931515e+07
1.257716214555316791e+07
1.257890573559807055e+07
1.257937530221377686e+07
1.257825858184394799e+07
1.257669269838884287e+07
1.257471243448760733e+07
1.257333965275934711e+07
1.257318204826863110e+07
1.257377548474363983e+07
1.257530685248255171e+07
1.257748611254755035e+07
1.257917810091415979e+07
1.258014800929233059e+07
1.257981234241497889e+07
1.257866202553177811e+07
1.257652727009483613e+07
1.257366362757728435e+07
1.257116166074553691e+07
1.256956695205906034e+07
1.256920740176686272e+07
1.257031683122876473e+07
1.257262322746811621e+07
1.257558565971753933e+07
1.257842065935678780e+07
1.258067703106323257e+07
1.258184700573459640e+07
1.258185211339984648e+07
1.258084021495225281e+07
1.257929961140559055e+07
1.257721322403838485e+07
1.257540432781811990e+07
1.257419882297475077e+07
1.257359442160288803e+07
1.257453851848600432e+07
1.257684816737283021e+07
1.257925455518461578e+07
1.258087181825700775e+07
1.258128412256654911e+07
1.258059456394319609e+07
1.257877794501926005e+07
1.257618941469559073e+07
1.257304891435761563e+07
1.257017834897482209e+07
1.256829415593695827e+07
1.256792542406577431e+07
1.256900012361429818e+07
1.257126536112242378e+07
1.257420471482896805e+07
1.257703855361731909e+07
1.257890444351495244e+07
1.257929542960749567e+07
1.257861478112274781e+07
1.257707291149107926e+07
1.257477935284524783e+07
1.257234692887965403e+07
1.257021651119443588e+07
1.256869219657586329e+07
1.256882352591926046e+07
1.257082447639915161e+07
1.257360720431119576e+07
1.257581429215106741e+07
1.257660604511526600e+07
1.257668512195842341e+07
1.257575170051577874e+07
1.257439736243067682e+07
1.257252752952427417e+07
1.257027994961795956e+07
1.256829023376516625e+07
1.256752937655895576e+07
1.256803750299572200e+07
1.256925943068963662e+07
1.257194710347578488e+07
1.257435210568346456e+07
1.257597230045695603e+07
1.257700004540285654e+07
1.257702823687650822e+07
1.257619914014011994e+07
1.257447430365155265e+07
1.257224046387676336e+07
1.257013543501411565e+07
1.256799646514959075e+07
1.256551277396739088e+07
1.256579182010149583e+07
1.256779528664885275e+07
1.257054420894083194e+07
1.257281233171643130e+07
1.257405181372167170e+07
1.257422312331419252e+07
1.257368534453268722e+07
1.257258151263683662e+07
1.257139704819501936e+07
1.257012825358729623e+07
1.256847082688287273e+07
1.256812783431615867e+07
1.256921461354039609e+07
1.257103418392388709e+07
1.257323264249617606e+07
1.257518787105998769e+07
1.257671652543897554e+07
1.257667778733861819e+07
1.257574720962478779e+07
1.257376977797856368e+07
1.257180080113665201e+07
1.256835217912727967e+07
1.256546492904430442e+07
1.256347161206176318e+07
1.256369702622987516e+07
1.256551862432926707e+07
1.256792776978494413e+07
1.257060171401667967e+07
1.257326817355921865e+07
1.257495772295328230e+07
1.257602526117874309e+07
1.257536497984020039e+07
1.257395685504696332e+07
1.256905865277716331e+07
1.256716097874045745e+07
1.256651379959306307e+07
1.256719096144033782e+07
1.256858207484431379e+07
1.257017666660353355e+07
1.257175917277877033e+07
1.257325738062439486e+07
1.257399475684394315e+07
1.257375044969604537e+07
1.257241927318523452e+07
1.257082202746752836e+07
1.256916316258860007e+07
1.256682266544037499e+07
1.256408656608741544e+07
1.256276087668021955e+07
1.256301789246875979e+07
1.256439855819498561e+07
1.256634104728686251e+07
1.256866871876799501e+07
1.257047044084836729e+07
1.257160429485837556e+07
1.257214695089169033e+07
1.257207492456606217e+07
1.257169043362453394e+07
1.257144838239113055e+07
1.257086065549939685e+07
1.256979204377788119e+07
1.257016916519065201e+07
1.257135179049547389e+07
1.257278198091373034e+07
1.257400037239789404e+07
1.257391006973105296e+07
1.257300546205365472e+07
1.257138742285760865e+07
1.256952909681531228e+07
1.256726087202207744e+07
1.256485990668880753e+07
1.256299451952546276e+07
1.256226201210213266e+07
1.256202118383991532e+07
1.256247809096459113e+07
1.256358159554129280e+07
1.256501358874858543e+07
1.256668125704473630e+07
1.256824757973660156e+07
1.256935979501854256e+07
1.256996288892858289e+07
1.257034667840948515e+07
1.257072615766394511e+07
1.257113374268371426e+07
1.257164042970425263e+07
1.257123019676715322e+07
1.257117029890275560e+07
1.257159293166717328e+07
1.257243625627465360e+07
1.257312709442127869e+07
1.257345810386291519e+07
1.257314962254993245e+07
1.257224517721643671e+07
1.257090484166340902e+07
1.256924076677060500e+07
1.256760196479386277e+07
1.256615910536703654e+07
1.256528220036214404e+07
1.256502532861729339e+07
1.256550152159689367e+07
1.256624054769009911e+07
1.256733212051725946e+07
1.256862846120790020e+07
1.256978749820208549e+07
1.257071698864215612e+07
1.257098788140476309e+07
1.257159069922323152e+07
1.257199935192528181e+07
1.257236682745306194e+07
1.257254157186918519e+07
1.257197377123217098e+07
1.257119724761430547e+07
1.257063958442910574e+07
1.257055848348744027e+07
1.257013958452496119e+07
1.256964621477337740e+07
1.256914630669886060e+07
1.256874859708666801e+07
1.256824171342356689e+07
1.256769809873050265e+07
1.256723491802623309e+07
1.256685502898529358e+07
1.256618377802415565e+07
1.256555880470668897e+07
1.256477332032181323e+07
1.256405921016604640e+07
1.256388469687773846e+07
1.256435513556027599e+07
1.256530831474872120e+07
1.256656341462887637e+07
