6.148306271579217166e+07
6.148386067132429034e+07
6.148450374117799848e+07
6.148515188514007628e+07
6.148567393145235628e+07
6.148626789517939091e+07
6.148692243820603937e+07
6.148731597009663284e+07
6.148719976049033552e+07
6.148676590441462398e+07
6.148622812532346696e+07
6.148555628216976672e+07
6.148503468474360555e+07
6.148449575749909133e+07
6.148364007638078183e+07
6.148250093659055233e+07
6.148138249021439999e+07
6.148035315061841160e+07
6.147970719670257717e+07
6.147967938273581117e+07
6.148046679260428995e+07
6.148154879881055653e+07
6.148264427294320613e+07
6.148378361649287492e+07
6.148476173738536239e+07
6.148543398164487630e+07
6.148570920021048188e+07
6.148583577850846201e+07
6.148576091089529544e+07
6.148576108879239112e+07
6.148572505094216764e+07
6.148521169728667289e+07
6.148478637732880563e+07
6.148449126663395762e+07
6.148428190558684617e+07
6.148375278431764245e+07
6.148308382670067251e+07
6.148247490921664238e+07
6.148187842064688355e+07
6.148108196365108341e+07
6.148001402358615398e+07
6.147894008801861107e+07
6.147795572282931209e+07
6.147728339458397031e+07
6.147723981583972275e+07
6.147757958843076974e+07
6.147841923062772304e+07
6.147965967024724931e+07
6.148104254266086221e+07
6.148220939160419255e+07
6.148302553602003306e+07
6.148330687195992470e+07
6.148332444782143086e+07
6.148320008705110848e+07
6.148292622120794654e+07
6.148250429759660363e+07
6.148221753957612813e+07
6.148217289739556611e+07
6.148237108472363651e+07
6.148245420621725917e+07
6.148226109911072999e+07
6.148189179159644991e+07
6.148125552492535114e+07
6.148008131088422239e+07
6.147854916310448200e+07
6.147696540674230456e+07
6.147548971072477102e+07
6.147457374861665070e+07
6.147452679361649603e+07
6.147515514020492136e+07
6.147641726451029629e+07
6.147825510894700140e+07
6.148022713371807337e+07
6.148192066682600975e+07
6.148318276091331989e+07
6.148398319450800866e+07
6.148425516941850632e+07
6.148389263891468197e+07
6.148315509587959200e+07
6.148236726635255665e+07
6.148186555930719525e+07
6.148180619472516328e+07
6.148219049575764686e+07
6.148271938679750264e+07
6.148315565923265368e+07
6.148333662640330195e+07
6.148306210844247043e+07
6.148204704607959837e+07
6.148030447270867974e+07
6.147817602581076324e+07
6.147603642244538665e+07
6.147426115850333869e+07
6.147337303734213114e+07
6.147332341237153113e+07
6.147390954112751782e+07
6.147508386217443645e+07
6.147681535034248233e+07
6.147855792393800616e+07
6.148001800704108179e+07
6.148106329145361483e+07
6.148150438555143774e+07
6.148124289226801693e+07
6.148058765126930177e+07
6.147981578404171020e+07
6.147934578366761655e+07
6.147935186766840518e+07
6.148003712027191371e+07
6.148119859276772290e+07
6.148252491491286457e+07
6.148373335533840209e+07
6.148445938317737728e+07
6.148435464683047682e+07
6.148328353701795638e+07
6.148145275364417583e+07
6.147919575589056313e+07
6.147687616380842030e+07
6.147515888810075819e+07
6.147420827467034757e+07
6.147410116897180676e+07
6.147502912678564340e+07
6.147676947448653728e+07
6.147884421773491055e+07
6.148072471797115356e+07
6.148220903866910934e+07
6.148294370550743490e+07
6.148281725190159678e+07
6.148201414406649023e+07
6.148088027044925839e+07
6.147978826160476357e+07
6.147918468153058738e+07
6.147940924047447741e+07
6.148028533928759396e+07
6.148156620847833902e+07
6.148297719085726887e+07
6.148417180061160773e+07
6.148467133976398408e+07
6.148421896251127124e+07
6.148280555983922631e+07
6.148071503594919294e+07
6.147825577406373620e+07
6.147610582204357535e+07
6.147445918554824591e+07
6.147372287532033026e+07
6.147410562780971080e+07
6.147559342593640834e+07
6.147761438845781237e+07
6.147960476104989648e+07
6.148130601269588619e+07
6.148229110386823118e+07
6.148235265416259319e+07
6.148154988040567189e+07
6.148022495522797853e+07
6.147870894451448321e+07
6.147753131493624300e+07
6.147718529133481532e+07
6.147760578657520562e+07
6.147875675546774268e+07
6.148059722067231685e+07
6.148262991875364631e+07
6.148411029201027006e+07
6.148462856744881719e+07
6.148413326903651655e+07
6.148268134643542767e+07
6.148049438071104884e+07
6.147826144701126218e+07
6.147647157667380571e+07
6.147538088882447034e+07
6.147529929377389699e+07
6.147637212506392598e+07
6.147820137472144514e+07
6.148024863156671822e+07
6.148225230779462308e+07
6.148364961091983318e+07
6.148403944227937609e+07
6.148342570582460612e+07
6.148209513415916264e+07
6.148024306664398313e+07
6.147851284473436326e+07
6.147745071219608188e+07
6.147716944032735378e+07
6.147781038199808449e+07
6.147930394298181683e+07
6.148137704574198276e+07
6.148334090310512483e+07
6.148462599846787751e+07
6.148497008021177351e+07
6.148431732478415966e+07
6.148277937052985281e+07
6.148078369321957231e+07
6.147894268867091089e+07
6.147750690920300782e+07
6.147712008917284757e+07
6.147844944927124679e+07
6.147894167873922735e+07
6.148105036768793315e+07
6.148301288149148226e+07
6.148459405377115309e+07
6.148516662159108371e+07
6.148480584114057571e+07
6.148348103269473463e+07
6.148156426099430770e+07
6.147935237295418233e+07
6.147761361131665856e+07
6.147663269961198419e+07
6.147651853233479708e+07
6.147749104279420525e+07
6.147951840144147724e+07
6.148177672302749008e+07
6.148380374342836440e+07
6.148510157598627359e+07
6.148536245004716516e+07
6.148448202469901741e+07
6.148311622629898041e+07
6.148151330700904876e+07
6.148009700910903513e+07
6.147927528031743318e+07
6.147939253032441437e+07
6.148040755847543478e+07
6.148198306692218035e+07
6.148382556655866653e+07
6.148543099474143237e+07
6.148633156132312119e+07
6.148637803548340499e+07
6.148542429783846438e+07
6.148363635960279405e+07
6.148135718610306084e+07
6.147932003743443638e+07
6.147774421714978665e+07
6.147702081543160230e+07
6.147727605483217537e+07
6.147856650294826180e+07
6.148047025726159662e+07
6.148246986803176254e+07
6.148399832492473722e+07
6.148494010065863281e+07
6.148490185271307826e+07
6.148430581672100723e+07
6.148328780054354668e+07
6.148228116244374961e+07
6.148163851009072363e+07
6.148176149305941164e+07
6.148238376332295686e+07
6.148348167126143724e+07
6.148495470334378630e+07
6.148643772864238173e+07
6.148749806803113222e+07
6.148780533277461678e+07
6.148726965318518877e+07
6.148584094327398390e+07
6.148382617932648957e+07
6.148171550840225071e+07
6.147985313470537961e+07
6.147841928178192675e+07
6.147775809669430554e+07
6.147813478046780825e+07
6.147927327151270956e+07
6.148074996750406921e+07
6.148235819084627181e+07
6.148368152627106011e+07
6.148438231615465134e+07
6.148454710729532689e+07
6.148435597867714614e+07
6.148389676519549638e+07
6.148346420984959602e+07
6.148356644848380983e+07
6.148397214764189720e+07
6.148468776950106770e+07
6.148584727809929103e+07
6.148722534790956974e+07
6.148836821652311087e+07
6.148914932667773962e+07
6.148921138552793115e+07
6.148838745526957512e+07
6.148679646490781009e+07
6.148495131190747023e+07
6.148317429788363725e+07
6.148191240403453261e+07
6.148108255266486108e+07
6.148087813655019552e+07
6.148133441990789026e+07
6.148232060875648260e+07
6.148358159538535029e+07
6.148498067466434091e+07
6.148619861945392936e+07
6.148707114174093306e+07
6.148737234404488653e+07
6.148725763376434892e+07
6.148720716514533013e+07
6.148743084226699919e+07
6.148804034852200747e+07
6.148880737285852432e+07
6.148981175060039014e+07
6.149081552689455450e+07
6.149132051253043860e+07
6.149130240241642296e+07
6.149084971227886528e+07
6.148992658584712446e+07
6.148847993685803562e+07
6.148687687549997866e+07
6.148549074408353120e+07
6.148402993072265387e+07
6.148230138886339962e+07
6.148075804259473830e+07
6.147983561132048070e+07
6.147960940665294230e+07
6.147997830035955459e+07
6.148055402160444111e+07
6.148106200975400954e+07
6.148162640658699721e+07
6.148198139289092273e+07
6.148220017196937650e+07
6.148255986479502171e+07
6.148296938883777708e+07
6.148336233883892745e+07
6.148370683913924545e+07
6.148427233338936418e+07
6.148482122187035531e+07
6.148535607494364679e+07
6.148574325752779096e+07
6.148584817847532779e+07
6.148560077480882406e+07
6.148489728862987459e+07
6.148384505310203880e+07
6.148252144231408089e+07
6.148104771136809886e+07
6.147962772825538367e+07
6.147842049079041183e+07
6.147754725335802138e+07
6.147700495972499996e+07
6.147688289033731073e+07
6.147708385751693696e+07
6.147765259021598846e+07
6.147854091898067296e+07
6.147949003062717617e+07
6.148029165515948087e+07
6.148110462937270850e+07
