5.715719795061377436e+07
5.715765461066711694e+07
5.715789540704538673e+07
5.715843008767253160e+07
5.715907392927297950e+07
5.715968893695570529e+07
5.716013887740354240e+07
5.716041530361494422e+07
5.716058674367271364e+07
5.716044863559340686e+07
5.715994197254484147e+07
5.715864354262777418e+07
5.715738609724952281e+07
5.715633105046506226e+07
5.715567189711683989e+07
5.715484652168752253e+07
5.715336595760481805e+07
5.715209436602465063e+07
5.715109397278572619e+07
5.715066426614867896e+07
5.715097836523135751e+07
5.715184990231320262e+07
5.715329451266247779e+07
5.715499079022163898e+07
5.715650715689852089e+07
5.715785373980649561e+07
5.715881484845860302e+07
5.715881187040235847e+07
5.715793263047749549e+07
5.715667159415201843e+07
5.715596814266737550e+07
5.715597123083081096e+07
5.715639927443105727e+07
5.715692084458805621e+07
5.715761870980095863e+07
5.715806088678683341e+07
5.715840294488103688e+07
5.715856962573947757e+07
5.715829426158948243e+07
5.715702312214900553e+07
5.715486316330440342e+07
5.715214457296191156e+07
5.714954775166911632e+07
5.714764027521784604e+07
5.714658747023651004e+07
5.714637625212883204e+07
5.714728421301689744e+07
5.714885239584992826e+07
5.715089506238692254e+07
5.715291270714433491e+07
5.715450991369179636e+07
5.715566247386235744e+07
5.715636540681710094e+07
5.715651846185241640e+07
5.715664802662092447e+07
5.715702335267295688e+07
5.715746778574767709e+07
5.715762202121286094e+07
5.715756326820932329e+07
5.715764395416365564e+07
5.715788658035385609e+07
5.715805336358171701e+07
5.715787451806385070e+07
5.715685608730892837e+07
5.715519483109007031e+07
5.715291871519873291e+07
5.715043669624499977e+07
5.714814475454587489e+07
5.714658741276764125e+07
5.714591713242144138e+07
5.714638558246991038e+07
5.714786513995761424e+07
5.715020663077627867e+07
5.715296491125803441e+07
5.715533457698959857e+07
5.715699587862707675e+07
5.715784383716617525e+07
5.715781492252672464e+07
5.715702362440412492e+07
5.715576864030836523e+07
5.715448426381417364e+07
5.715360387604012340e+07
5.715340806550080329e+07
5.715407139033481479e+07
5.715535607681828737e+07
5.715690859742499143e+07
5.715816115369764715e+07
5.715868547231478244e+07
5.715809965886452794e+07
5.715631775367744267e+07
5.715405877737116814e+07
5.715198862000387162e+07
5.715060124923976511e+07
5.714977665586608648e+07
5.714962233509993553e+07
5.715048988930697739e+07
5.715241713603539765e+07
5.715478947393243760e+07
5.715704684388241917e+07
5.715860503622736037e+07
5.715955801137525588e+07
5.715965191487084329e+07
5.715901007253608853e+07
5.715793507876103371e+07
5.715680300800663978e+07
5.715632937970400602e+07
5.715680686150385439e+07
5.715803613753902912e+07
5.715933975132559985e+07
5.716020162415141612e+07
5.716073533018646389e+07
5.716031220990115404e+07
5.715910515870880336e+07
5.715704156462629139e+07
5.715465414881302416e+07
5.715204719433104247e+07
5.714959040993902832e+07
5.714758058153075725e+07
5.714656511137503386e+07
5.714680162282657623e+07
5.714844214310048521e+07
5.715124874361113459e+07
5.715426887882096320e+07
5.715638607986065000e+07
5.715766728035216779e+07
5.715810118649236113e+07
5.715775385263108462e+07
5.715646158917184174e+07
5.715465642980337143e+07
5.715295113560100645e+07
5.715226157054217905e+07
5.715273609745655209e+07
5.715381713146907836e+07
5.715551768464868516e+07
5.715759877701884508e+07
5.715956088753567636e+07
5.716097121263951063e+07
5.716099376218436658e+07
5.715971100465895981e+07
5.715709010279754549e+07
5.715400491552481800e+07
5.715132929536625743e+07
5.714975844340599328e+07
5.714951742400372773e+07
5.715082259206680208e+07
5.715320835168169439e+07
5.715595401205050200e+07
5.715809201562303305e+07
5.715942742508126050e+07
5.715957452439908683e+07
5.715858849373772740e+07
5.715699331062018126e+07
5.715540448267950863e+07
5.715373498011544347e+07
5.715243504946231842e+07
5.715124421286813170e+07
5.715110541399023682e+07
5.715213540432330221e+07
5.715409073428607732e+07
5.715661220715071261e+07
5.715887205842152238e+07
5.716011576032065600e+07
5.716004037336453050e+07
5.715859132920588553e+07
5.715608073287729919e+07
5.715308254718444496e+07
5.714999805214939266e+07
5.714780406162493676e+07
5.714725295511592925e+07
5.714816845284943283e+07
5.715014973151000589e+07
5.715268946259776503e+07
5.715518839903476089e+07
5.715739306124925613e+07
5.715847428066944331e+07
5.715827612592920661e+07
5.715702890789473057e+07
5.715492716683353484e+07
5.715285791894714534e+07
5.715103747426497936e+07
5.714969057316276431e+07
5.714979247831548750e+07
5.715134433370791376e+07
5.715367862962100655e+07
5.715610628167682141e+07
5.715840950095409900e+07
5.715964613168869168e+07
5.715960966621209681e+07
5.715844490529124439e+07
5.715578767330000550e+07
5.715264427292854339e+07
5.715026536877305806e+07
5.715029973260101676e+07
5.714940467497327179e+07
5.715125756479919702e+07
5.715372310202635825e+07
5.715616731409679353e+07
5.715786661659781635e+07
5.715887444966199249e+07
5.715888313105955720e+07
5.715762984935652465e+07
5.715549213524472713e+07
5.715315331439380348e+07
5.715095841053563356e+07
5.715001463001036644e+07
5.714995459600447118e+07
5.715085421073611826e+07
5.715244056616673619e+07
5.715451745255577564e+07
5.715683063177684695e+07
5.715850691761827469e+07
5.715869900517202169e+07
5.715823560867328942e+07
5.715724862050596625e+07
5.715616840840483457e+07
5.715531983023480326e+07
5.715502588010910898e+07
5.715548248856677115e+07
5.715660201894641668e+07
5.715738169648447633e+07
5.715818591743184626e+07
5.715907362797415257e+07
5.716011141863971204e+07
5.715989079448525608e+07
5.715854917459242046e+07
5.715667548444262892e+07
5.715470610284223408e+07
5.715217639200831950e+07
5.714983313591885567e+07
5.714833789113199711e+07
5.714872669701249152e+07
5.715021297259548306e+07
5.715254631381840259e+07
5.715522379702018201e+07
5.715716658347055316e+07
5.715825787564280629e+07
5.715864463248854876e+07
5.715795952886869013e+07
5.715739357288345695e+07
5.715649348178835213e+07
5.715468383524727076e+07
5.715474214195566624e+07
5.715465857661406696e+07
5.715582156188904494e+07
5.715780486175667495e+07
5.715950215544588119e+07
5.716001997416783124e+07
5.715978403376898915e+07
5.715849326893615723e+07
5.715643683994852751e+07
5.715429797854457051e+07
5.715243857759804279e+07
5.715045677707447857e+07
5.714906703020857275e+07
5.714824029284825176e+07
5.714806626514220238e+07
5.714883608002293855e+07
5.715051882815086842e+07
5.715283799032501876e+07
5.715532545264512300e+07
5.715707550940001756e+07
5.715780497783762962e+07
5.715771343062172830e+07
5.715735800333682448e+07
5.715722218351507187e+07
5.715671834963400662e+07
5.715628559305060655e+07
5.715651018120886385e+07
5.715745449932330102e+07
5.715905097244646400e+07
5.716081916778521240e+07
5.716150091320289671e+07
5.716097022596102953e+07
5.715949851845159382e+07
5.715744262991739064e+07
5.715524317107308656e+07
5.715325144941944629e+07
5.715203065447361022e+07
5.715127136926849931e+07
5.715075166860071570e+07
5.715092605441761017e+07
5.715180369994933903e+07
5.715328019824621826e+07
5.715482788360787183e+07
5.715626209793948382e+07
5.715745955297427624e+07
5.715815676413159817e+07
5.715805059541022032e+07
5.715771781128502637e+07
5.715794705905334651e+07
5.715840984558870643e+07
5.715894433087229729e+07
5.716003088865407556e+07
5.716117222407686710e+07
5.716182459965019673e+07
5.716182461925110966e+07
5.716103816726497561e+07
5.715961247779031843e+07
5.715770138421744853e+07
5.715569167763126642e+07
5.715386538033441454e+07
5.715244575598639995e+07
5.715140112832572311e+07
5.715122915684396774e+07
5.715175499433720857e+07
5.715243845401578397e+07
5.715351661342360824e+07
5.715500589297568798e+07
5.715605996729671210e+07
5.715647448314839602e+07
5.715654690648858249e+07
5.715611048505534232e+07
5.715597801478158683e+07
5.715619591945485026e+07
5.715691163376510888e+07
5.715765755064022541e+07
5.715837339662431926e+07
5.715889159953711927e+07
5.715953375040955096e+07
5.715983549343697727e+07
5.715939124678456038e+07
5.715846291278322786e+07
5.715716468671892583e+07
5.715565031105653197e+07
5.715430285616599023e+07
5.715297498938316852e+07
5.715201858332048357e+07
5.715152135528962314e+07
5.715100325479692221e+07
5.715013501060479879e+07
5.714959547600491345e+07
5.714951449778638780e+07
5.714964157570402324e+07
5.714994906641297042e+07
5.715096815332597494e+07
5.715264072735571116e+07
