2.124827120160831884e+07
2.124890220151089132e+07
2.124944504267917201e+07
2.124990042615024000e+07
2.125029440348435566e+07
2.125068429477556795e+07
2.125101388805638254e+07
2.125108503359082714e+07
2.125098487537394464e+07
2.125067944720307738e+07
2.125014969828068465e+07
2.124921875035853311e+07
2.124793791372430325e+07
2.124668467424212024e+07
2.124545274364917725e+07
2.124424058507763967e+07
2.124327982669602707e+07
2.124268650128345564e+07
2.124242822783560678e+07
2.124263683411255851e+07
2.124338427784321085e+07
2.124430465239326283e+07
2.124539649951251969e+07
2.124673078066781536e+07
2.124801519462068006e+07
2.124904191682960466e+07
2.124974172075442225e+07
2.125019344513439015e+07
2.125041271627620980e+07
2.125047200285602733e+07
2.125055847682755440e+07
2.125060735637780651e+07
2.125063217426564917e+07
2.125073056714956835e+07
2.125077611042234302e+07
2.125037788134154305e+07
2.124958516151293740e+07
2.124859469608413056e+07
2.124729379019928724e+07
2.124562961433767155e+07
2.124399837896671519e+07
2.124278877018221095e+07
2.124184394057767093e+07
2.124144990853520483e+07
2.124178966720903292e+07
2.124260891444940865e+07
2.124393066832532734e+07
2.124560914603818581e+07
2.124728870916388556e+07
2.124873283499777317e+07
2.124980166887582839e+07
2.125028578485284746e+07
2.125039529099562019e+07
2.125024196943762526e+07
2.124989230317147821e+07
2.124959723407661542e+07
2.124955631391204894e+07
2.124984513846140355e+07
2.125036728420928493e+07
2.125073416425617039e+07
2.125057512447896972e+07
2.125012236106181517e+07
2.124929066891080886e+07
2.124790584857732803e+07
2.124612680180272460e+07
2.124428128862450272e+07
2.124260980504620820e+07
2.124150673961898312e+07
2.124123490469161049e+07
2.124182570167332143e+07
2.124315419944792986e+07
2.124511833537985384e+07
2.124721414818684012e+07
2.124901785337395221e+07
2.125025307544901595e+07
2.125090371794399992e+07
2.125103183895585686e+07
2.125074350531087443e+07
2.125027801784968004e+07
2.124979424836035818e+07
2.124954070759459585e+07
2.124976859716845676e+07
2.125042128338167816e+07
2.125122416295233741e+07
2.125180452053866163e+07
2.125197084040756896e+07
2.125164421778081357e+07
2.125063767607452348e+07
2.124886370562703907e+07
2.124674315999813750e+07
2.124460438474604860e+07
2.124274970766830444e+07
2.124174584161384031e+07
2.124163138534468040e+07
2.124249607422613725e+07
2.124422746172791719e+07
2.124647243618888780e+07
2.124865425093432143e+07
2.125030350836725533e+07
2.125142572328377143e+07
2.125179065938105434e+07
2.125141249797693640e+07
2.125057701116164401e+07
2.124955280510607734e+07
2.124889151180958748e+07
2.124882015692286566e+07
2.124950554336473718e+07
2.125061135413361713e+07
2.125176594427937642e+07
2.125282487153405696e+07
2.125327338756689429e+07
2.125277381879018247e+07
2.125133813245398924e+07
2.124925363270595297e+07
2.124679687146182358e+07
2.124435427454295754e+07
2.124269712783962116e+07
2.124197414231226221e+07
2.124216215961641446e+07
2.124350168048107252e+07
2.124555708086504042e+07
2.124782938724082336e+07
2.124981485230064392e+07
2.125131284415455163e+07
2.125177234522014111e+07
2.125138182328508794e+07
2.125032100698529556e+07
2.124905019147831947e+07
2.124782163134186715e+07
2.124724807465307042e+07
2.124772817084872723e+07
2.124889814543263242e+07
2.125050010142403096e+07
2.125234454671233147e+07
2.125379190370974317e+07
2.125430729408331588e+07
2.125361965816390142e+07
2.125189305813043937e+07
2.124941773054853454e+07
2.124658087197841331e+07
2.124428233342649043e+07
2.124297198208293319e+07
2.124269893159168586e+07
2.124347005127920955e+07
2.124556755118057504e+07
2.124833076174058020e+07
2.125069356375009194e+07
2.125263682581092417e+07
2.125349458336480334e+07
2.125326380638011172e+07
2.125215899622606114e+07
2.125064480994418263e+07
2.124883127080500498e+07
2.124750953001553565e+07
2.124746406162495166e+07
2.124809249315324426e+07
2.124964464090992138e+07
2.125198515607815981e+07
2.125413616226154938e+07
2.125539438465708494e+07
2.125549611420025676e+07
2.125445725437878445e+07
2.125241473093235120e+07
2.124962239356540889e+07
2.124693903727940097e+07
2.124526224514060840e+07
2.124436509352327511e+07
2.124478278022494912e+07
2.124619518825852871e+07
2.124812303466463834e+07
2.125023071511254460e+07
2.125245716390294954e+07
2.125394761811443418e+07
2.125411818802292645e+07
2.125311621290995926e+07
2.125143986043229327e+07
2.124930575467739999e+07
2.124741829866899177e+07
2.124614241900197417e+07
2.124570965877278894e+07
2.124625467971844226e+07
2.124808400813631713e+07
2.125084782986516878e+07
2.125342361871296167e+07
2.125494340431559831e+07
2.125499165142044052e+07
2.125387092374572903e+07
2.125191804626363516e+07
2.124986217376670241e+07
2.124803012281413749e+07
2.124675101908648014e+07
2.124649823111104220e+07
2.124714327386200801e+07
2.124812820766139776e+07
2.124983768809716403e+07
2.125152436925592646e+07
2.125279043821147829e+07
2.125310978605796769e+07
2.125237439979704097e+07
2.125078558608612791e+07
2.124867398009524122e+07
2.124632450656549633e+07
2.124455029466220737e+07
2.124372151039762422e+07
2.124380340745204687e+07
2.124509149087294564e+07
2.124771966355196387e+07
2.125038292585352808e+07
2.125226833002717048e+07
2.125324200701968744e+07
2.125304685824805126e+07
2.125184577789276838e+07
2.125032503045230359e+07
2.124869056085558236e+07
2.124733247642012313e+07
2.124656114124297351e+07
2.124666277437944710e+07
2.124757344539986178e+07
2.124890600796624646e+07
2.125099606842376664e+07
2.125262326920258254e+07
2.125337822196161374e+07
2.125321189565425366e+07
2.125200328994845226e+07
2.124987375720995292e+07
2.124735424211353064e+07
2.124508776042079926e+07
2.124343339388904348e+07
2.124261879279782251e+07
2.124284932164907455e+07
2.124416011799095944e+07
2.124625432797349617e+07
2.124847773507789150e+07
2.125019812623876706e+07
2.125118970891303569e+07
2.125111611041899025e+07
2.125038149469308555e+07
2.124923562262464687e+07
2.124815640633475780e+07
2.124771741235322878e+07
2.124957156947553530e+07
2.124850093755865842e+07
2.125040675846066698e+07
2.125193072687119246e+07
2.125356950917646289e+07
2.125429505012277514e+07
2.125440370712156966e+07
2.125338933855632320e+07
2.125165767441155389e+07
2.124916024279475957e+07
2.124677589996161684e+07
2.124464294733777642e+07
2.124330125815296173e+07
2.124284292435961962e+07
2.124355394892733917e+07
2.124496862722282857e+07
2.124707821826580167e+07
2.124894640381289646e+07
2.125027431918672100e+07
2.125085287460809574e+07
2.125086229424745589e+07
2.125037146526982263e+07
2.124971537887060642e+07
2.124909254904860631e+07
2.124916790032431856e+07
2.124966841645710543e+07
2.125053923038543388e+07
2.125182734646304324e+07
2.125351433478405699e+07
2.125445075932375714e+07
2.125483850316751748e+07
2.125434230278436467e+07
2.125308838976810500e+07
2.125130145668540522e+07
2.124928566033950821e+07
2.124713011649212614e+07
2.124534738180680200e+07
2.124429938371941075e+07
2.124426595030286908e+07
2.124486514999034628e+07
2.124587156357946247e+07
2.124715520359906182e+07
2.124870008031354472e+07
2.124979208331770822e+07
2.125061440981050953e+07
2.125088819577186555e+07
2.125068412485057116e+07
2.125043846330993250e+07
2.125041877790680155e+07
2.125066161055021361e+07
2.125146198817754537e+07
2.125253298606508225e+07
2.125356562255217880e+07
2.125444590878614783e+07
2.125495166035101935e+07
2.125483452401269227e+07
2.125401666836123914e+07
2.125243997449826077e+07
2.125058261397226527e+07
2.124859519612345845e+07
2.124652585614012554e+07
2.124491236896423250e+07
2.124398642041857168e+07
2.124369324047946930e+07
2.124415187742834538e+07
2.124509602824294940e+07
2.124604147252856940e+07
2.124704360847919062e+07
2.124815512796887383e+07
2.124908092411745712e+07
2.124953027778931707e+07
2.124999852381729335e+07
2.125038837867637351e+07
2.125093221693984419e+07
2.125140765385410190e+07
2.125226441143663600e+07
2.125326890632739663e+07
2.125420673349286243e+07
2.125478958170754835e+07
2.125503561094693467e+07
2.125474458090201020e+07
2.125399701258270815e+07
2.125268289277128130e+07
2.125127580684539303e+07
2.124960755871861428e+07
2.124810124267096072e+07
2.124665684307533875e+07
2.124561066904157773e+07
2.124476265735167265e+07
2.124472524743240327e+07
2.124500239562574774e+07
2.124591113448718190e+07
2.124670572991524264e+07
2.124787480089402199e+07
2.124881202334228531e+07
2.125056815135369450e+07
