2.628064673328610882e+07
2.628244432692340016e+07
2.628242842477229610e+07
2.628293154481990263e+07
2.628295973841924220e+07
2.628333042518748343e+07
2.628351366932674125e+07
2.628413541008989140e+07
2.628429650928338617e+07
2.628443528894084319e+07
2.628468739180352166e+07
2.628443765873322263e+07
2.628395458628931269e+07
2.628313669914487377e+07
2.628179356483571976e+07
2.628065565369178727e+07
2.627972625115592405e+07
2.627883746616036445e+07
2.627804212513617426e+07
2.627781499424570426e+07
2.627779746488832682e+07
2.627807803492694721e+07
2.627881292128156498e+07
2.627990232208182290e+07
2.628110756378895044e+07
2.628226223518270254e+07
2.628310071897244081e+07
2.628358678280215710e+07
2.628392160932749137e+07
2.628372287751110271e+07
2.628353388163985685e+07
2.628339973244833574e+07
2.628339782850403711e+07
2.628331930413670093e+07
2.628334893507605419e+07
2.628316197471432760e+07
2.628287149526242912e+07
2.628209224259144813e+07
2.628047008786761761e+07
2.627863980752390623e+07
2.627723864614726231e+07
2.627605379903259873e+07
2.627475008623313531e+07
2.627362101516088471e+07
2.627273564219478518e+07
2.627239864787010849e+07
2.627262645078342780e+07
2.627376625075369701e+07
2.627545420989629626e+07
2.627752297126981616e+07
2.627933977075300366e+07
2.628107842990122736e+07
2.628256248594060168e+07
2.628305292840104923e+07
2.628261973445998132e+07
2.628164254838324711e+07
2.628071355959324911e+07
2.628014904255396500e+07
2.628004015813203901e+07
2.628021819369607046e+07
2.628055520387724787e+07
2.628099929659841210e+07
2.628141518266702816e+07
2.628046294834443182e+07
2.627855489400015771e+07
2.627616894373264909e+07
2.627389966788704693e+07
2.627197192610112578e+07
2.627045935005925596e+07
2.626962803260524943e+07
2.626984475888404623e+07
2.627089388490142301e+07
2.627264897325551882e+07
2.627459941039818153e+07
2.627640787338152900e+07
2.627775550880604982e+07
2.627855337493412569e+07
2.627875604807497561e+07
2.627852934723142907e+07
2.627822742488196120e+07
2.627776674567564577e+07
2.627768720424746349e+07
2.627829294493809715e+07
2.627934165070477128e+07
2.628059785120375454e+07
2.628172990735192224e+07
2.628231407034383714e+07
2.628177565532048792e+07
2.628025012836648896e+07
2.627756090412300080e+07
2.627466109820495546e+07
2.627223285736275837e+07
2.627042324734234437e+07
2.626920132191243768e+07
2.626898701255877316e+07
2.627019593117100000e+07
2.627238747513096780e+07
2.627492542983670533e+07
2.627730809764905646e+07
2.627913162264582515e+07
2.628027836365600675e+07
2.628027907030843198e+07
2.627917567975038290e+07
2.627777728221639246e+07
2.627640196630621701e+07
2.627553602833800763e+07
2.627583327394948900e+07
2.627708318036745489e+07
2.627882715786276013e+07
2.628052145381734893e+07
2.628177167219081521e+07
2.628228755981128663e+07
2.628184005792843550e+07
2.628014487245756760e+07
2.627766416938950494e+07
2.627501851323856041e+07
2.627296060155196860e+07
2.627135046773934364e+07
2.627067402932742983e+07
2.627091440171200037e+07
2.627261741884208098e+07
2.627484889165824652e+07
2.627711330798507854e+07
2.627931165283680707e+07
2.628075528134462982e+07
2.628112180405093357e+07
2.628057726468340680e+07
2.627941274350725114e+07
2.627812508812263981e+07
2.627682894434208423e+07
2.627608269273137674e+07
2.627624087051289529e+07
2.627738874559058622e+07
2.627930746936424077e+07
2.628115381994532421e+07
2.628232978221297637e+07
2.628277456722229347e+07
2.628223534582064673e+07
2.628072087172170356e+07
2.627829994895971566e+07
2.627551956651123241e+07
2.627300704491309449e+07
2.627136632673965767e+07
2.627109154241687059e+07
2.627231669419539720e+07
2.627466472350969166e+07
2.627746383451713622e+07
2.627932286928583682e+07
2.628068708053346723e+07
2.628102067692884803e+07
2.628033561792847887e+07
2.627837309018632770e+07
2.627597985419208184e+07
2.627399836862845719e+07
2.627265037421445176e+07
2.627248219802040979e+07
2.627315213931704685e+07
2.627512547487117723e+07
2.627777067940650508e+07
2.628013133511907980e+07
2.628158488729679585e+07
2.628175469315498322e+07
2.628087007197235525e+07
2.627857286547723040e+07
2.627557485495236143e+07
2.627266829939910397e+07
2.627041796834888682e+07
2.626912454611951858e+07
2.626941379422838986e+07
2.627108808006709069e+07
2.627358541323528811e+07
2.627637313958586007e+07
2.627892337615557760e+07
2.628042172948557138e+07
2.628046200300951675e+07
2.627909234958150238e+07
2.627690007880996168e+07
2.627434310740808398e+07
2.627251478173313662e+07
2.627131170387813076e+07
2.627111043487982079e+07
2.627226854435484856e+07
2.627434942115986720e+07
2.627714078907667473e+07
2.627979291416415200e+07
2.628110689500546828e+07
2.628099710718404874e+07
2.627939485336016119e+07
2.627720699037642032e+07
2.627462836632855982e+07
2.627236111788317189e+07
2.627099295833966509e+07
2.627165562788291276e+07
2.627188330832913145e+07
2.627421865169679746e+07
2.627653446651596576e+07
2.627890542810878530e+07
2.628041057315159962e+07
2.628101121050141379e+07
2.628010784350328520e+07
2.627829446952703968e+07
2.627583296572956815e+07
2.627341583637528121e+07
2.627143580054352805e+07
2.627056775096972659e+07
2.627100243195008859e+07
2.627272684596126899e+07
2.627511649972464889e+07
2.627769074476284906e+07
2.627956291169492900e+07
2.628056141254454479e+07
2.628039542955581471e+07
2.627945159801061079e+07
2.627798109251696616e+07
2.627633998956078291e+07
2.627482888129302859e+07
2.627414472851416096e+07
2.627443799685361609e+07
2.627559621392295137e+07
2.627719285912800580e+07
2.627896316666027904e+07
2.628025647013223916e+07
2.628077322719862312e+07
2.628029088490622491e+07
2.627921039037150890e+07
2.627723098470875993e+07
2.627500412499804795e+07
2.627284106537212804e+07
2.627150302459311858e+07
2.627098552127497643e+07
2.627184007213026285e+07
2.627335853757473081e+07
2.627545888831079379e+07
2.627734077347113192e+07
2.627905707589466497e+07
2.627969526584249362e+07
2.627981481559287384e+07
2.627879094858520851e+07
2.627794237893544510e+07
2.627624607242338359e+07
2.627855450755566731e+07
2.627536815314446017e+07
2.627704507737022266e+07
2.627818906180451438e+07
2.628037556228664145e+07
2.628176840270844474e+07
2.628303226629449055e+07
2.628294229957169667e+07
2.628227952374271303e+07
2.628045654266154021e+07
2.627851037674153969e+07
2.627625547455614805e+07
2.627439424424653128e+07
2.627314579422559589e+07
2.627314817002346739e+07
2.627402183760020509e+07
2.627564450799877197e+07
2.627753157527276501e+07
2.627941863807843253e+07
2.628063944173090905e+07
2.628128450618845969e+07
2.628142435396529362e+07
2.628108144877477735e+07
2.628022954132120684e+07
2.627982466615948826e+07
2.627956069738397002e+07
2.627969891571571678e+07
2.628051955192977190e+07
2.628191176588840410e+07
2.628334776678330824e+07
2.628479111464131251e+07
2.628542128150466084e+07
2.628520080052088574e+07
2.628416107376871631e+07
2.628245322446696833e+07
2.628023406636993960e+07
2.627803195616393909e+07
2.627634484912503883e+07
2.627532495227826387e+07
2.627507667934626341e+07
2.627561649792768806e+07
2.627659608202426508e+07
2.627769581633684412e+07
2.627881367685254291e+07
2.628022088761502877e+07
2.628118297736849636e+07
2.628153944652485102e+07
2.628130964986811951e+07
2.628100950028875470e+07
2.628095122936922312e+07
2.628112033192292601e+07
2.628220791607257351e+07
2.628391254440552369e+07
2.628520119965324923e+07
2.628632360441138595e+07
2.628694196836608648e+07
2.628673766284551844e+07
2.628593665108216926e+07
2.628456220819717646e+07
2.628262692645057291e+07
2.628053479526049271e+07
2.627871524695115536e+07
2.627750089596073702e+07
2.627697041507535055e+07
2.627679695260763541e+07
2.627671593031287938e+07
2.627703238520913199e+07
2.627795802327411994e+07
2.627888604001951963e+07
2.628005278862923384e+07
2.628099051847011968e+07
2.628171898267888278e+07
2.628234875310367346e+07
2.628283084320434183e+07
2.628324816153255478e+07
2.628369496922568604e+07
2.628448216439860314e+07
2.628531531279563159e+07
2.628587542297177762e+07
2.628643857325532660e+07
2.628630459350776672e+07
2.628593567654506117e+07
2.628548721609060839e+07
2.628445599008721113e+07
2.628294182717826217e+07
2.628177476247252896e+07
2.628016205946648493e+07
2.627890723250008374e+07
2.627767386536529660e+07
2.627713519180226326e+07
2.627681771876427904e+07
2.627775209283697605e+07
2.627834090473005548e+07
2.627927335525679588e+07
2.627953631978980452e+07
2.628122881015244871e+07
