1.617203443308072351e+07
1.617223278134722076e+07
1.617277124427669123e+07
1.617314081801804714e+07
1.617362917397552729e+07
1.617410924075815082e+07
1.617460392374098673e+07
1.617482564002121612e+07
1.617494959735825285e+07
1.617478824806041829e+07
1.617455040281188674e+07
1.617390845592598617e+07
1.617298829127460346e+07
1.617195319201309234e+07
1.617082547604903020e+07
1.616962103106764890e+07
1.616872679680903070e+07
1.616832531884462014e+07
1.616813672028958797e+07
1.616822478937359527e+07
1.616897821779551916e+07
1.616997199033492245e+07
1.617137297963399626e+07
1.617302809955422394e+07
1.617447622154931910e+07
1.617565757103458047e+07
1.617631080614403635e+07
1.617657652424991690e+07
1.617654818897393160e+07
1.617632082580538467e+07
1.617624473213475011e+07
1.617616371816588379e+07
1.617612753885573708e+07
1.617612938405441865e+07
1.617612772259532660e+07
1.617573360079828277e+07
1.617498728895452432e+07
1.617414568700047210e+07
1.617309851672638394e+07
1.617164107650137693e+07
1.617013911915439926e+07
1.616893098768613674e+07
1.616800754235069081e+07
1.616771479540222324e+07
1.616813608418212458e+07
1.616907655594476312e+07
1.617051444059829600e+07
1.617228863470244780e+07
1.617390321377800032e+07
1.617534458526168764e+07
1.617663996395530738e+07
1.617730456388192810e+07
1.617750956838711537e+07
1.617721842659891956e+07
1.617680623116551526e+07
1.617646669570548460e+07
1.617637092918914743e+07
1.617657769165844843e+07
1.617695570607049577e+07
1.617714207382586226e+07
1.617679312585376017e+07
1.617604258982880414e+07
1.617496130632082000e+07
1.617329347714249417e+07
1.617112862339889072e+07
1.616905182962026820e+07
1.616727754215466231e+07
1.616613658151581511e+07
1.616589083791451529e+07
1.616648239821661450e+07
1.616796995111468062e+07
1.617028871923978813e+07
1.617276587173725292e+07
1.617483356322432868e+07
1.617640388551828824e+07
1.617732833623732813e+07
1.617754097847219929e+07
1.617729584372007847e+07
1.617680909594258852e+07
1.617639626512216404e+07
1.617612128959914856e+07
1.617629788627953455e+07
1.617673627622946352e+07
1.617747053588082269e+07
1.617797795103504322e+07
1.617810637483332492e+07
1.617772456264255941e+07
1.617650722043615952e+07
1.617440110750779510e+07
1.617202143247592449e+07
1.616968116447128728e+07
1.616771792305777036e+07
1.616642252608393133e+07
1.616618322799734771e+07
1.616704870318222232e+07
1.616901491086160019e+07
1.617150898065073602e+07
1.617397423209731281e+07
1.617584932400598750e+07
1.617726987284680456e+07
1.617783660598856397e+07
1.617744946804074384e+07
1.617640200278463028e+07
1.617525794721649587e+07
1.617444765726674907e+07
1.617411580305446871e+07
1.617466826293228008e+07
1.617597949818927981e+07
1.617726101196169853e+07
1.617828041821361147e+07
1.617865276929022744e+07
1.617808793006289564e+07
1.617657163902262785e+07
1.617463327295445837e+07
1.617173467085267976e+07
1.616839915192971006e+07
1.616624578875374049e+07
1.616534707542715594e+07
1.616580191225866601e+07
1.616742414463940263e+07
1.616968952263805270e+07
1.617191645073781908e+07
1.617380060868500732e+07
1.617519619591868669e+07
1.617562410946052335e+07
1.617506438603357412e+07
1.617388177935423516e+07
1.617243138551610708e+07
1.617109241554056667e+07
1.617027797155937180e+07
1.617050426236724667e+07
1.617171994042682461e+07
1.617358936920873262e+07
1.617576201125327311e+07
1.617757052134706266e+07
1.617842643743877858e+07
1.617766616064547934e+07
1.617562877196316049e+07
1.617310866179153137e+07
1.617004628253028728e+07
1.616689161058827862e+07
1.616462942157931626e+07
1.616392158444167860e+07
1.616514650195799209e+07
1.616759500108981691e+07
1.617073112686096877e+07
1.617363897367598489e+07
1.617597000578788109e+07
1.617695902342255972e+07
1.617675912560706772e+07
1.617521411720874347e+07
1.617275324754291214e+07
1.616983119035340659e+07
1.616718021525305882e+07
1.616568122969369218e+07
1.616586644782755151e+07
1.616734879438031651e+07
1.616983206696826778e+07
1.617241125126689486e+07
1.617466808171435259e+07
1.617601309213919193e+07
1.617566744117906317e+07
1.617375730287338234e+07
1.617055015187889151e+07
1.616754185121772438e+07
1.616499100567809679e+07
1.616331034656954743e+07
1.616319777533938363e+07
1.616464590348398313e+07
1.616705979704921134e+07
1.617001577701015025e+07
1.617339725119989179e+07
1.617576286373267509e+07
1.617647338927687518e+07
1.617595066299115121e+07
1.617468511517663859e+07
1.617264039926713519e+07
1.617050838773844764e+07
1.616921527673161402e+07
1.616897792839585803e+07
1.617004284934184328e+07
1.617220272498396412e+07
1.617472633820009977e+07
1.617675673158832826e+07
1.617782801124843955e+07
1.617779855846439488e+07
1.617669772853626683e+07
1.617465843473197892e+07
1.617230080554862693e+07
1.617002668808337115e+07
1.616830176830517687e+07
1.616820968682633527e+07
1.616958966586194001e+07
1.617048634386928752e+07
1.617280149041364342e+07
1.617498776450813189e+07
1.617656214351567999e+07
1.617712774460971542e+07
1.617662214758952335e+07
1.617515360269358754e+07
1.617310494511130638e+07
1.617067553176314384e+07
1.616890056756009161e+07
1.616816510586998798e+07
1.616843522103244811e+07
1.616980511089875177e+07
1.617201375785326771e+07
1.617423016995556839e+07
1.617616347807086259e+07
1.617722551315134391e+07
1.617723426715411991e+07
1.617613256177791953e+07
1.617460552123224735e+07
1.617305136570391990e+07
1.617146361839235201e+07
1.617052686117583141e+07
1.617068495367995277e+07
1.617193421050148830e+07
1.617376320335434005e+07
1.617610591968595609e+07
1.617807352975453623e+07
1.617910385007354617e+07
1.617893307106331177e+07
1.617764428387136385e+07
1.617537141731126420e+07
1.617269078517449833e+07
1.617029084578796849e+07
1.616858422711787187e+07
1.616791728337927908e+07
1.616816456575158238e+07
1.616937326791862398e+07
1.617124167400969565e+07
1.617319408128773607e+07
1.617465687592524663e+07
1.617550231933438778e+07
1.617541920485402457e+07
1.617467660308458284e+07
1.617364078298990242e+07
1.617244785288951546e+07
1.617195257229824364e+07
1.617174999212055281e+07
1.617279242096580751e+07
1.617382250513056293e+07
1.617543952240431122e+07
1.617694711975860596e+07
1.617807577319545671e+07
1.617831498069259897e+07
1.617769347624063492e+07
1.617596183172811382e+07
1.617345406131144240e+07
1.617088691764835455e+07
1.616850663968897983e+07
1.616696467547953129e+07
1.616659183451166376e+07
1.616711730160041712e+07
1.616833978611799143e+07
1.617017104256438278e+07
1.617222577595607564e+07
1.617385609229928441e+07
1.617472870959856175e+07
1.617483280533349700e+07
1.617442722090869769e+07
1.617379161992465891e+07
1.617294325319888629e+07
1.617286493513019942e+07
1.617324124809135124e+07
1.617404014083440043e+07
1.617523865449290536e+07
1.617654178362094425e+07
1.617765857241867483e+07
1.617830045380129851e+07
1.617803097913166881e+07
1.617697015079230070e+07
1.617530972533365712e+07
1.617308413344185613e+07
1.617049872528294846e+07
1.616849595791749470e+07
1.616725931267017126e+07
1.616694032238167524e+07
1.616747063197928108e+07
1.616866886264596321e+07
1.617015263528158888e+07
1.617170754615866207e+07
1.617270188009414263e+07
1.617352256942269206e+07
1.617388176680968516e+07
1.617369659813305736e+07
1.617343898737037368e+07
1.617332615897174738e+07
1.617363568802580051e+07
1.617437080423620529e+07
1.617542489660696313e+07
1.617669650764422677e+07
1.617757159376039542e+07
1.617821941219746880e+07
1.617826227625200711e+07
1.617767877964183874e+07
1.617652303070456721e+07
1.617463695050689764e+07
1.617273666835903004e+07
1.617094140363690257e+07
1.616954393424696848e+07
1.616866255711813085e+07
1.616835801409388147e+07
1.616823476359427348e+07
1.616875206442005746e+07
1.616959713518211246e+07
1.617035228822439909e+07
1.617103353162641264e+07
1.617082775423411094e+07
1.617041860084633157e+07
1.617049956783476844e+07
1.617092598020406999e+07
1.617172042066407390e+07
1.617284258656406589e+07
1.617425633539408259e+07
1.617555279806106165e+07
1.617666875858769752e+07
1.617732311551243998e+07
1.617752603782625124e+07
1.617736680208216794e+07
1.617658930462420546e+07
1.617541699073371477e+07
1.617387848448291980e+07
1.617231229695310257e+07
1.617081248750351369e+07
1.616958198995024897e+07
1.616851010607985966e+07
1.616768134388650954e+07
1.616721385087473504e+07
1.616713233131991141e+07
1.616736278011076339e+07
1.616805667381750233e+07
1.616868101528256014e+07
1.616957071449792571e+07
1.617047371312778816e+07
