6.111272782373374328e+06
6.113029131099252962e+06
6.113140501509832218e+06
6.113762295664520934e+06
6.113913416354323737e+06
6.114404781633681618e+06
6.114677145236150362e+06
6.114947607334849425e+06
6.114954583696996793e+06
6.114926284352251329e+06
6.114605907732233405e+06
6.114058436444591731e+06
6.113114064704209566e+06
6.112232139050708152e+06
6.111039007621816359e+06
6.109939844146774150e+06
6.108761083369225264e+06
6.107890868195740506e+06
6.107279911472379230e+06
6.107217432453403249e+06
6.107628306104687043e+06
6.108532934324500151e+06
6.109675959791461937e+06
6.111076654546421953e+06
6.112450139666064642e+06
6.113637346410607919e+06
6.114359777753045782e+06
6.114833236647645012e+06
6.115008457085704431e+06
6.114958119904479943e+06
6.114894831177523360e+06
6.114911796270377934e+06
6.114932488094193861e+06
6.115022760213610716e+06
6.115248212999788113e+06
6.115237750411675312e+06
6.114863257723391987e+06
6.114274537330837920e+06
6.113359527046753094e+06
6.112049108902400360e+06
6.110519644255552441e+06
6.109001184549603611e+06
6.107718046882675029e+06
6.106937608231729828e+06
6.106832207587784156e+06
6.107359484047031030e+06
6.108520263545577414e+06
6.110179302504176274e+06
6.111907581828569062e+06
6.113572605244008824e+06
6.114786017795639113e+06
6.115471346294256859e+06
6.115684767794215120e+06
6.115419481443914585e+06
6.114970637702360749e+06
6.114541969508985989e+06
6.114303079217229038e+06
6.114383635314660147e+06
6.114841899952401407e+06
6.115301998105922714e+06
6.115593206411089748e+06
6.115591907995305955e+06
6.115184961535438895e+06
6.114101427034454420e+06
6.112476044576572254e+06
6.110460307805853896e+06
6.108396024059176445e+06
6.106787690375477076e+06
6.105912004405735992e+06
6.105854399073503911e+06
6.106740360344300978e+06
6.108373417636017315e+06
6.110507413724449463e+06
6.112625016666344367e+06
6.114375722516184673e+06
6.115399864977124147e+06
6.115822496587418020e+06
6.115581907141223550e+06
6.114865884961563163e+06
6.114027888537216000e+06
6.113393962769483216e+06
6.113215070418759249e+06
6.113608458604045212e+06
6.114461491080092266e+06
6.115332324169736356e+06
6.116040103589379229e+06
6.116359168426688761e+06
6.115808495253217407e+06
6.114474070047269575e+06
6.112333024912616238e+06
6.109896266367479227e+06
6.107578480429892428e+06
6.105860968946513720e+06
6.105063218844551593e+06
6.105384456674008630e+06
6.106669907521011308e+06
6.108789674846300855e+06
6.111241283168205060e+06
6.113363969097603112e+06
6.114968263189406134e+06
6.115778988334788941e+06
6.115670383984931745e+06
6.114788742618273944e+06
6.113692721715725958e+06
6.112517371671975590e+06
6.111834657250868157e+06
6.112049696093359031e+06
6.112929594875839539e+06
6.114168370623617433e+06
6.115593588050448336e+06
6.116698756150690839e+06
6.116979199964898638e+06
6.116245262631967664e+06
6.114443704022745602e+06
6.111955142706732266e+06
6.109195595386215486e+06
6.106820924815351143e+06
6.105304383982127532e+06
6.104793694563407451e+06
6.105520197814151645e+06
6.107326272070088424e+06
6.109795425879656337e+06
6.112235816062612459e+06
6.114375304473675787e+06
6.115615408590455540e+06
6.115688919551271945e+06
6.114818765876428224e+06
6.113408919489288703e+06
6.111785520806910470e+06
6.110460543607386760e+06
6.110018862701454200e+06
6.110549490240981802e+06
6.111800064016700722e+06
6.113530633659471758e+06
6.115424283432090655e+06
6.116660305749332532e+06
6.116848728581521660e+06
6.115729853801537305e+06
6.113645337003218010e+06
6.110772216766281985e+06
6.107991485418454744e+06
6.105756509292308241e+06
6.104579786497213878e+06
6.104596095729435794e+06
6.105920973415220156e+06
6.108175092753897421e+06
6.110685091567895375e+06
6.113012714374687523e+06
6.114733061890469864e+06
6.115269363045623526e+06
6.114659769325453788e+06
6.113181315008449368e+06
6.111246955713800155e+06
6.109353476500236429e+06
6.108254326659534127e+06
6.108167777634139173e+06
6.109014990656306036e+06
6.110815879099834710e+06
6.113152525819086470e+06
6.115149140049126931e+06
6.116329635681105778e+06
6.116308806618550792e+06
6.115063035677433945e+06
6.112789788777701557e+06
6.110090604591545649e+06
6.107512596612679772e+06
6.105692048348534852e+06
6.104946750773152336e+06
6.105583407675139606e+06
6.107257475957377814e+06
6.109464643289167434e+06
6.111895190699350089e+06
6.113935533046554774e+06
6.114991388693477027e+06
6.114714081085208803e+06
6.113447583882763050e+06
6.111402039442277513e+06
6.109018594817264937e+06
6.107189595870080404e+06
6.106247308139399625e+06
6.106388448417287320e+06
6.107695808328995481e+06
6.109954909899231978e+06
6.112382027107584290e+06
6.114388816980828531e+06
6.115392214008300565e+06
6.115254496827204712e+06
6.113875976114601828e+06
6.111745051187811419e+06
6.109340712580426596e+06
6.107364042915151455e+06
6.106053441894337535e+06
6.106267863049583510e+06
6.107095377518688329e+06
6.108983748502455652e+06
6.111279246027538553e+06
6.113388136977424845e+06
6.114648275163087063e+06
6.114781184732221067e+06
6.113858660284498706e+06
6.111903914749625139e+06
6.109416456531883217e+06
6.107085819999535568e+06
6.105300736469130032e+06
6.104590082012569532e+06
6.105127283562361263e+06
6.106913187472489662e+06
6.109228628630504943e+06
6.111559947423115373e+06
6.113288302342711017e+06
6.114076577975849621e+06
6.113517107701770030e+06
6.112246526605400257e+06
6.110540353621179238e+06
6.108679730233444832e+06
6.107292526921087876e+06
6.106852023045600392e+06
6.107304294990012422e+06
6.108722446997479536e+06
6.110579843656244688e+06
6.112510139135633595e+06
6.113927034342416562e+06
6.114498836180476472e+06
6.113852751491303556e+06
6.112339501572316512e+06
6.109896760885321535e+06
6.107366093725063838e+06
6.105106488900722004e+06
6.103656827417524531e+06
6.103134474201549776e+06
6.104134894399852492e+06
6.105895192828992382e+06
6.108070877917968668e+06
6.110019462275546044e+06
6.111553715937417001e+06
6.111931420140291564e+06
6.111811750749369152e+06
6.110591296177988872e+06
6.109547474450756796e+06
6.107960357519214042e+06
6.107555543266132474e+06
6.107868239112065174e+06
6.108735904351092875e+06
6.110222882994265296e+06
6.111950153964867815e+06
6.113368988482378423e+06
6.114108065333048813e+06
6.114015918161996640e+06
6.112758070890242234e+06
6.110614994456427172e+06
6.108233623723441735e+06
6.105986470957824960e+06
6.103958231257072650e+06
6.102828022850197740e+06
6.102817974163351581e+06
6.103765143221805803e+06
6.105277071265535429e+06
6.106998009119801223e+06
6.108651541625552811e+06
6.109739888328554109e+06
6.110069418843425810e+06
6.109890710062728263e+06
6.109253064909348264e+06
6.108514576725000516e+06
6.108142907609915361e+06
6.108291666563377716e+06
6.108803354252888821e+06
6.109843681459154002e+06
6.111251616438203491e+06
6.112497367375478148e+06
6.113362516491947696e+06
6.113581538421773352e+06
6.112854147416152991e+06
6.111355091005246155e+06
6.109445616174283437e+06
6.107270904857766815e+06
6.105165212246169336e+06
6.103581882994145155e+06
6.102769490537029691e+06
6.102875598663513549e+06
6.103652031219927594e+06
6.104743364150898531e+06
6.106091206281035207e+06
6.107325898164205253e+06
6.108264328244690783e+06
6.108695546780833974e+06
6.108777315142630599e+06
6.108624815860951319e+06
6.108614131729414687e+06
6.108819107117156498e+06
6.109171123099570163e+06
6.109911550496314652e+06
6.110875031873292290e+06
6.111809157791950740e+06
6.112573846365627833e+06
6.112916440492418595e+06
6.112622949710993096e+06
6.111693278667190112e+06
6.110241077678075992e+06
6.108631666200785898e+06
6.106811984748782590e+06
6.105109932297675870e+06
6.103860513080285862e+06
6.103193273698568344e+06
6.102980393055215478e+06
6.103344518043033779e+06
6.104012379773497581e+06
6.104937875988236628e+06
6.105979575506150723e+06
6.106839714611216448e+06
6.107495662615887821e+06
6.107963199817880988e+06
6.108413795161666349e+06
6.108852986345647834e+06
6.109223358937559649e+06
6.109623990904989652e+06
6.110203070999269374e+06
6.110833809578913264e+06
6.111420054263392463e+06
6.111742228356259875e+06
6.111725701520992443e+06
6.111331847213833593e+06
6.110595596291981637e+06
6.109533292525910772e+06
6.108222372455821373e+06
6.106797093070552684e+06
6.105433572248130105e+06
6.104174651929552667e+06
6.103260168578969315e+06
6.102758905398330651e+06
6.102679573548505083e+06
6.103015524091931060e+06
6.103731723301628605e+06
6.104695132663937286e+06
6.105723928639270365e+06
6.106730090576386079e+06
