4.011985183292926848e+07
4.012006504348027706e+07
4.012229850720695406e+07
4.012284903498276323e+07
4.012313402103241533e+07
4.012367623911864311e+07
4.012410885407376289e+07
4.012470478748126328e+07
4.012531012944115698e+07
4.012592063872517645e+07
4.012621214550969750e+07
4.012634027263022959e+07
4.012432748135649413e+07
4.012240626697346568e+07
4.012172986689867079e+07
4.012050633138331026e+07
4.011941220469660312e+07
4.011799446022629738e+07
4.011691771835128963e+07
4.011629068800572306e+07
4.011623520826715976e+07
4.011611253040074557e+07
4.011644447606049478e+07
4.011639223005551845e+07
4.011792787698315829e+07
4.012153012683284283e+07
4.012267646404872835e+07
4.012348611453645676e+07
4.012395699602407962e+07
4.012416346637827158e+07
4.012452363897871226e+07
4.012484638763536513e+07
4.012493287459436804e+07
4.012492880469561368e+07
4.012476778271771222e+07
4.012445486800258607e+07
4.012414511977200955e+07
4.012357486784408242e+07
4.012265700881764293e+07
4.012117203638438135e+07
4.011929483003300428e+07
4.011718001379647851e+07
4.011635397499612719e+07
4.011570546629206091e+07
4.011492168018092960e+07
4.011507423624318093e+07
4.011615570374881476e+07
4.011807230526744574e+07
4.012046494588100165e+07
4.012271912219362706e+07
4.012403164804296196e+07
4.012521909268978238e+07
4.012563508896528184e+07
4.012549088642895967e+07
4.012491098424650729e+07
4.012412291282394528e+07
4.012347481992127001e+07
4.012351157307308167e+07
4.012351409562457353e+07
4.012342375178104639e+07
4.012348511402828246e+07
4.012364386485230923e+07
4.012361873815864325e+07
4.012321682318158448e+07
4.012235102279169112e+07
4.012106929187500477e+07
4.011949263824615628e+07
4.011789920236100256e+07
4.011659634816713631e+07
4.011583688453524560e+07
4.011620704961627722e+07
4.011620359450659901e+07
4.011771275040216744e+07
4.012017759559907764e+07
4.012214031276200712e+07
4.012343165540917963e+07
4.012390100260448456e+07
4.012386409012364596e+07
4.012333596031790972e+07
4.012303073759263009e+07
4.012275779561781883e+07
4.012260257333106548e+07
4.012213857664453238e+07
4.012195119750320166e+07
4.012180585122788697e+07
4.012269136299938709e+07
4.012491225079579651e+07
4.012498788273273408e+07
4.012419728885247558e+07
4.012258803385120630e+07
4.012061626021400094e+07
4.011855807581726462e+07
4.011698391353988647e+07
4.011576908911835402e+07
4.011585506552141160e+07
4.011561999767356366e+07
4.011595801375465095e+07
4.011855450346419960e+07
4.012080250532375276e+07
4.012296968399001658e+07
4.012409669307276607e+07
4.012461680848092586e+07
4.012416304389903694e+07
4.012343399924063683e+07
4.012210580489112437e+07
4.012073494981496036e+07
4.011978188476876915e+07
4.011983762110871077e+07
4.012174148295741528e+07
4.012351865267901123e+07
4.012488123172046244e+07
4.012604166300611943e+07
4.012615657027092576e+07
4.012537916226646304e+07
4.012354924463736266e+07
4.012157755812336504e+07
4.011942971807534993e+07
4.011819806564094871e+07
4.011551297505696118e+07
4.011363298746839911e+07
4.011518670691454411e+07
4.011712922929160297e+07
4.011961791611425579e+07
4.012159344512712210e+07
4.012337777732568234e+07
4.012390993677720428e+07
4.012430294924835861e+07
4.012400759802767634e+07
4.012255208194350451e+07
4.012117543784658611e+07
4.012031552348944545e+07
4.012026274650236219e+07
4.012088897839330137e+07
4.012192610034736991e+07
4.012318303492353857e+07
4.012415603139130771e+07
4.012452250807281584e+07
4.012400137211135775e+07
4.012264306048718095e+07
4.012069410585124791e+07
4.011853367233892530e+07
4.011603429596325755e+07
4.011432929518442601e+07
4.011362268736706674e+07
4.011412776361235231e+07
4.011570292052311450e+07
4.011840592717847228e+07
4.012154063454581797e+07
4.012407125781625509e+07
4.012552324204737693e+07
4.012604473732164502e+07
4.012536857825561613e+07
4.012366466878631711e+07
4.012151892434658110e+07
4.011979121093613654e+07
4.011862821327611059e+07
4.011863851872880757e+07
4.011974734612180293e+07
4.012189294958844781e+07
4.012419562907485664e+07
4.012616593011885136e+07
4.012693131625745445e+07
4.012706156655028462e+07
4.012634982903072238e+07
4.012505431772363186e+07
4.012098985710152239e+07
4.011762000321085006e+07
4.011600596013409644e+07
4.011549117192353308e+07
4.011651390402535349e+07
4.011842370342960209e+07
4.012049308885473013e+07
4.012231077492787689e+07
4.012320401881927997e+07
4.012434338728892058e+07
4.012525087061975151e+07
4.012350785353400558e+07
4.012132848249738663e+07
4.011887376151318848e+07
4.011747225821375102e+07
4.011695014155954123e+07
4.011790839960159361e+07
4.011965563698257506e+07
4.012175928575941920e+07
4.012331694836373627e+07
4.012424314635523409e+07
4.012454240895436704e+07
4.012555743349017948e+07
4.012453419524253905e+07
4.012317754667689651e+07
4.012122984171715379e+07
4.011981964760753512e+07
4.011935492197553813e+07
4.011960446227631718e+07
4.012107391401328892e+07
4.012319866419905424e+07
4.012461767785795778e+07
4.012516890139531344e+07
4.012620721361508220e+07
4.012625621070228517e+07
4.012580702950549126e+07
4.012422193627583981e+07
4.012084166124527156e+07
4.011820357015246153e+07
4.011642519029929489e+07
4.011596064223881066e+07
4.011640921092424542e+07
4.011734174075209349e+07
4.011886514686160535e+07
4.012283810263101757e+07
4.012496139533012360e+07
4.012527079154473543e+07
4.012496794673423469e+07
4.012417311143805087e+07
4.012281720720372349e+07
4.012131602084763348e+07
4.012008940355471522e+07
4.011974222399690747e+07
4.012039112178492546e+07
4.012147363919797540e+07
4.012287597263676673e+07
4.012416038113433123e+07
4.012485267195394635e+07
4.012462384100401402e+07
4.012365227725929022e+07
4.012195466744148731e+07
4.012003269983185828e+07
4.011836338002631813e+07
4.011721776322308928e+07
4.011645875212228298e+07
4.011701764933476597e+07
4.011880491125071794e+07
4.012099438871216029e+07
4.012322514001343399e+07
4.012513414461636543e+07
4.012587342058440298e+07
4.012466289882539958e+07
4.012404834982984513e+07
4.012269357410552353e+07
4.012183587961400300e+07
4.012102602399063855e+07
4.012001213991956413e+07
4.011994483269977570e+07
4.012032247767333686e+07
4.012108131043219566e+07
4.012300128619070351e+07
4.012472556679265946e+07
4.012471252295532078e+07
4.012442561795489490e+07
4.012326113044743985e+07
4.012210735866135359e+07
4.012064931361360103e+07
4.011923617572794855e+07
4.011789979632692039e+07
4.011733482086050510e+07
4.011759594412384182e+07
4.011866142068433762e+07
4.012005687236750871e+07
4.012166984579191357e+07
4.012287927044798434e+07
4.012359876004182547e+07
4.012354602427270263e+07
4.012301654525063187e+07
4.012223691429982334e+07
4.012153732279288024e+07
4.012126174896252155e+07
4.012154217763239890e+07
4.012205342754275352e+07
4.012296371704591811e+07
4.012400619398475438e+07
4.012476029236371815e+07
4.012505643838168681e+07
4.012491026123102009e+07
4.012451017786967009e+07
4.012403992120996863e+07
4.012294744058657438e+07
4.012149034856127948e+07
4.012002824096428603e+07
4.011893213080107421e+07
4.011839972530005127e+07
4.011845919499571621e+07
4.011882197297310084e+07
4.011955433044879138e+07
4.012034922007258981e+07
4.012113798087289184e+07
4.012165698845857382e+07
4.012188076094269753e+07
4.012167941557496786e+07
4.012146800302583724e+07
4.012159362760390341e+07
4.012206061804777384e+07
4.012307583767330647e+07
4.012460681700059026e+07
4.012596573352574557e+07
4.012699819598595053e+07
4.012751134344452620e+07
4.012750688429236412e+07
4.012678029728994519e+07
4.012543096464349329e+07
4.012369373899962753e+07
4.012168442867309600e+07
4.011961103698366135e+07
4.011782076061509550e+07
4.011666961614077538e+07
4.011612388776322454e+07
4.011639307056148350e+07
4.011733699561417848e+07
4.011884859315104783e+07
4.012037215736006945e+07
4.012212418296384066e+07
4.012355262573645264e+07
4.012241323589681089e+07
4.012280135787613690e+07
4.012334185893299431e+07
4.012356175397621840e+07
4.012372944536866993e+07
4.012355499553460628e+07
4.012438972702044249e+07
4.012516987704245746e+07
4.012544571762531251e+07
4.012559293257588148e+07
4.012531501320048422e+07
4.012483102474346012e+07
4.012406014134835452e+07
4.012289539312763512e+07
4.012120840892384946e+07
4.011958162912891060e+07
4.011827512541095167e+07
4.011745224007823318e+07
4.011714357199182361e+07
4.011719895935443789e+07
4.011778381827165931e+07
4.011837971921495348e+07
4.011919088875449449e+07
4.011997528095692396e+07
4.012105801678656042e+07
