3.694411335582916439e+07
3.694262675976561755e+07
3.694108844393306226e+07
3.693930530004840344e+07
3.693676836396130174e+07
3.693448041865151376e+07
3.693253841444281489e+07
3.693073399058936536e+07
3.692952464205476642e+07
3.692892584472768754e+07
3.692939437590491772e+07
3.692780035515443236e+07
3.692486257055380195e+07
3.692253383341843635e+07
3.692057989189498127e+07
3.691977146812103689e+07
3.691922910061126947e+07
3.692007690258096904e+07
3.692123540470042080e+07
3.692169123299090564e+07
3.692136756035994738e+07
3.692124179630763829e+07
3.692088857777001709e+07
3.692061925622716546e+07
3.692048093844307214e+07
3.692047907381817698e+07
3.692075253153312206e+07
3.692260934422966093e+07
3.692452346331851184e+07
3.692573942554772645e+07
3.692869155940967798e+07
3.693405730458949506e+07
3.693941665675716847e+07
3.694523087132686377e+07
3.694942611226373166e+07
3.694784676777889580e+07
3.694460502915442735e+07
3.694074818427269161e+07
3.693872254786404967e+07
3.693829420072954148e+07
3.693921488236077130e+07
3.693675319967559725e+07
3.693118938999571651e+07
3.692652868696007878e+07
3.692325268711779267e+07
3.692067703278607130e+07
3.691961877518419176e+07
3.691897270433593541e+07
3.691892329591526091e+07
3.691866752881161869e+07
3.691945455699863285e+07
3.692114354226034135e+07
3.692513551932445168e+07
3.692931450468910486e+07
3.693172427515806258e+07
3.693395519344677776e+07
3.693828046457879245e+07
3.694101003614736348e+07
3.693983234994173050e+07
3.693831741914893687e+07
3.693878366636358947e+07
3.694046178087116778e+07
3.694025665243660659e+07
3.693794075972923636e+07
3.693592958326432109e+07
3.693577142580435425e+07
3.693760330572175980e+07
3.694133125435847789e+07
3.694818915484367311e+07
3.695507950542050600e+07
3.695765744176588953e+07
3.695861513641418517e+07
3.696049396491224319e+07
3.696259730008877814e+07
3.696070822725799680e+07
3.695644110396512598e+07
3.695231411740878969e+07
3.694997065678934753e+07
3.694793549345975369e+07
3.694574034011668712e+07
3.694467542985724658e+07
3.694434222702352703e+07
3.694322903896671534e+07
3.694222974430312216e+07
3.694006691404522210e+07
3.693695679942055047e+07
3.693676487377587706e+07
3.693638760293844342e+07
3.693532162300815433e+07
3.693586181781943142e+07
3.693742326939361542e+07
3.693751116743475199e+07
3.693718488234119862e+07
3.693570686336742342e+07
3.693485749599576741e+07
3.693487924763684720e+07
3.693610872035051137e+07
3.693705447882144153e+07
3.693825843775172532e+07
3.693933281062258035e+07
3.694009845310214907e+07
3.694104459340590984e+07
3.694292184241291136e+07
3.694535418986445665e+07
3.695130039592457563e+07
3.695796914434031397e+07
3.696223418225888908e+07
3.696401724135027081e+07
3.696292971271894872e+07
3.696153263711134344e+07
3.695937895956271142e+07
3.695748196655128151e+07
3.695560442379237711e+07
3.695302660092740506e+07
3.695042423699092865e+07
3.694887377934740484e+07
3.694779890576719493e+07
3.694918753431150317e+07
3.695116668564745784e+07
3.695347895758607239e+07
3.695509849590920657e+07
3.695390315879166871e+07
3.695292004997236282e+07
3.695181737173306197e+07
3.694994584306548536e+07
3.694737798237635940e+07
3.694510419732247293e+07
3.694287128612762690e+07
3.694135072068888694e+07
3.694035596368339658e+07
3.694007135921540856e+07
3.694006014229963720e+07
3.694076059392496198e+07
3.694193721193987131e+07
3.694060646693391353e+07
3.693733334294629097e+07
3.693512076402048022e+07
3.693325775526137650e+07
3.693255647090057284e+07
3.693165520444695652e+07
3.693155322939921916e+07
3.693241692585356534e+07
3.693362132416111976e+07
3.693428675514906645e+07
3.693502090638037026e+07
3.693635055954340100e+07
3.693862028008921444e+07
3.694038532073001564e+07
3.694131460823243111e+07
3.694118832176548243e+07
3.694150648696287721e+07
3.694242846874180436e+07
3.694411557629836351e+07
3.694605532626565546e+07
3.694768213259025663e+07
3.694943191707106680e+07
3.695366145558436215e+07
3.696104963890496641e+07
3.696718533899817616e+07
3.697164657292520255e+07
3.697440405034948885e+07
3.697311838231907785e+07
3.696892056063579768e+07
3.696410578464953601e+07
3.695863936688447744e+07
3.695949869602836668e+07
3.695630160632859170e+07
3.695170928888692707e+07
3.694830370391577482e+07
3.694664161782860756e+07
3.694343203891986609e+07
3.694156017615824193e+07
3.693904165025275201e+07
3.693571874187761545e+07
3.693102995245995373e+07
3.692721583336676657e+07
3.692573212732899189e+07
3.692661623627983034e+07
3.692910829880525172e+07
3.693191652472812682e+07
3.693353401547183096e+07
3.693473962042640150e+07
3.693727845990472287e+07
3.694002366980405152e+07
3.694130476152465492e+07
3.693745308646315336e+07
3.693141340780527890e+07
3.692658024111851305e+07
3.692280936474607885e+07
3.692042833865737170e+07
3.691852691870182753e+07
3.691909777005400509e+07
3.692476606058283150e+07
3.692426603602783382e+07
3.692924311784666032e+07
3.693479362207012624e+07
3.694045462982267141e+07
3.693957865036993474e+07
3.693641411444451660e+07
3.693115238564628363e+07
3.692766700089520216e+07
3.692624535474348813e+07
3.692573433401423693e+07
3.692523343422801793e+07
3.692579139077407867e+07
3.692828746773917228e+07
3.693010980787117034e+07
3.693087470864743739e+07
3.693173866457641125e+07
3.693240108810033649e+07
3.693403411616823077e+07
3.693443125335015357e+07
3.693336209066372365e+07
3.693290198118165135e+07
3.693663460058476776e+07
3.694006477774243057e+07
3.693981087285751849e+07
3.693836545178751647e+07
3.693848401052040607e+07
3.694108520953652263e+07
3.694205974378749728e+07
3.693939091113480926e+07
3.693669283074970543e+07
3.693546489324267209e+07
3.693549457864843309e+07
3.693424294038288295e+07
3.693283901819197088e+07
3.693283956829842180e+07
3.693590980817948282e+07
3.694078520546776056e+07
3.694665642152856290e+07
3.694760327311643213e+07
3.694483183483053744e+07
3.694432641335224360e+07
3.694515311915224791e+07
3.694413763658407331e+07
3.694100778055584431e+07
3.693886659351556003e+07
3.693806274444683641e+07
3.693869264149976522e+07
3.693721971495706588e+07
3.694382992333837599e+07
3.694663828162058443e+07
3.695266472857458144e+07
3.695897110603643954e+07
3.696272148880657554e+07
3.696031145479632914e+07
3.695463500882177055e+07
3.695148183696409315e+07
3.695304158716803044e+07
3.695133288158739358e+07
3.694652440472870320e+07
3.694093814266108721e+07
3.693614676429700106e+07
3.693491543856086582e+07
3.693366290062371641e+07
3.693474919577075541e+07
3.693490847123896331e+07
3.693414125921295583e+07
3.693307550872284174e+07
3.693191862816896290e+07
3.693386046985606849e+07
3.693578388203683496e+07
3.693567386944513768e+07
3.693607499842278659e+07
3.693510543536601216e+07
3.693448407466011494e+07
3.693345245331641287e+07
3.693165604736602306e+07
3.693031261070131510e+07
3.692849618089381605e+07
3.692604086167599261e+07
3.692395824730408937e+07
3.692191045121183246e+07
3.691960791128577292e+07
3.691873662328272313e+07
3.691902497612226754e+07
3.692014925720503181e+07
3.692269083264483511e+07
3.692598340654618293e+07
3.692770108629830927e+07
3.693022204229385406e+07
3.693462351614814252e+07
3.693796653856427222e+07
3.693951722467365861e+07
3.693962584274911880e+07
3.693880797154188901e+07
3.693827147622279823e+07
3.693794564829557389e+07
3.693745937350323051e+07
3.693767907447760552e+07
3.693900081865435839e+07
3.694070869447776675e+07
3.694114990661150217e+07
3.694070575992355496e+07
3.694034819219898432e+07
3.693933723582325131e+07
3.693734397040883452e+07
3.693641708760251105e+07
3.693539890247907490e+07
3.693425387897908688e+07
3.693395380620791763e+07
3.693480144191794097e+07
3.693817486099599302e+07
3.694137991973979771e+07
3.694331857484405488e+07
3.694604361728795618e+07
3.695003545378714800e+07
3.695139208574701101e+07
3.695086934410753101e+07
3.695243490670701861e+07
3.695421460446617007e+07
3.695353217542662472e+07
3.694982562542401999e+07
3.694391000073974580e+07
3.694015979657140374e+07
3.693814996870954335e+07
3.693726341924294829e+07
3.693779331175039709e+07
3.693639692342134565e+07
3.693296236889870465e+07
3.693012689233768731e+07
3.692907044458983839e+07
3.692904613113548607e+07
3.692912499257989973e+07
3.692911783115666360e+07
3.692913427142403275e+07
3.692874281572435051e+07
3.692771941474650055e+07
3.692736115079072863e+07
3.692864726971966773e+07
3.693023362642596662e+07
3.693184571904184669e+07
3.693208066845843941e+07
3.693255630210300535e+07
3.693277772753221542e+07
