5.310064491730639338e+07
5.310116698167140037e+07
5.310163221227417886e+07
5.310193849159128219e+07
5.310225588246136904e+07
5.310261434828721732e+07
5.310297900261623412e+07
5.310311813305251300e+07
5.310313415489448607e+07
5.310294914870649576e+07
5.310261816120247543e+07
5.310192983175821602e+07
5.310096002443063259e+07
5.309996051120302081e+07
5.309882552993119508e+07
5.309767025335699320e+07
5.309666952093180269e+07
5.309598465954858065e+07
5.309576393739581853e+07
5.309611269949831069e+07
5.309701010703948885e+07
5.309814704690777510e+07
5.309946384063686430e+07
5.310093606627190858e+07
5.310230710225817561e+07
5.310337081991716474e+07
5.310403789706249535e+07
5.310446534420169890e+07
5.310463220997621119e+07
5.310459736457379907e+07
5.310461453810162097e+07
5.310470946111977845e+07
5.310486831245289743e+07
5.310503920314865559e+07
5.310520113635142893e+07
5.310496836059426516e+07
5.310437479034415632e+07
5.310364734431273490e+07
5.310264236456289142e+07
5.310129599242472649e+07
5.309977636237914115e+07
5.309849687788641453e+07
5.309760815442518890e+07
5.309725298870400339e+07
5.309759955040376633e+07
5.309848864332592487e+07
5.309990033392470330e+07
5.310170418600206077e+07
5.310358498533762246e+07
5.310526596876906604e+07
5.310650815633816272e+07
5.310720878328768164e+07
5.310743839841328561e+07
5.310731265450850129e+07
5.310702479216236621e+07
5.310677619775609672e+07
5.310672828050356358e+07
5.310697585743015260e+07
5.310747668698628247e+07
5.310791489670843631e+07
5.310798230922024697e+07
5.310769071155472100e+07
5.310698074324963987e+07
5.310568893877792358e+07
5.310392618354360014e+07
5.310200341599607468e+07
5.310020846438646317e+07
5.309896929683180153e+07
5.309846697472252697e+07
5.309869799605078250e+07
5.309964997991496325e+07
5.310123920323176682e+07
5.310321711374366283e+07
5.310515177447400242e+07
5.310664580080842227e+07
5.310757371533209085e+07
5.310793027750579268e+07
5.310773647071363032e+07
5.310723318518401682e+07
5.310668845735044777e+07
5.310633756900750846e+07
5.310634467446656525e+07
5.310679428708697855e+07
5.310754436764880270e+07
5.310824909677871317e+07
5.310863455686876178e+07
5.310844291093865037e+07
5.310742403900104761e+07
5.310560972298465669e+07
5.310334341229707748e+07
5.310107073915300518e+07
5.309913453593295813e+07
5.309794655981537700e+07
5.309767589982181787e+07
5.309833536059913039e+07
5.309984199690160900e+07
5.310201125754348189e+07
5.310428871540433168e+07
5.310614873070153594e+07
5.310746198097749054e+07
5.310797401958072186e+07
5.310766524077091366e+07
5.310681064586639404e+07
5.310583358163301647e+07
5.310506539176659286e+07
5.310480876297456026e+07
5.310530943993142992e+07
5.310634907405887544e+07
5.310757625256473571e+07
5.310881219566721469e+07
5.310957869170591235e+07
5.310946491151921451e+07
5.310829617628180236e+07
5.310625103614817560e+07
5.310375474308372289e+07
5.310127156254599988e+07
5.309937890536313504e+07
5.309837069167596102e+07
5.309835328626241535e+07
5.309951509651248902e+07
5.310151531122247130e+07
5.310382779810661823e+07
5.310589344161545485e+07
5.310751119493801147e+07
5.310823237623269856e+07
5.310802460626123846e+07
5.310702518157022446e+07
5.310570805573318899e+07
5.310434957489959151e+07
5.310344990331260115e+07
5.310341970613737404e+07
5.310426357031785697e+07
5.310560576074088365e+07
5.310719409762895852e+07
5.310861342564292252e+07
5.310922809761758894e+07
5.310877817315755039e+07
5.310730307437741756e+07
5.310511458779899031e+07
5.310249134390832484e+07
5.310012310232307017e+07
5.309846141683609784e+07
5.309778180230086297e+07
5.309828794139771909e+07
5.309998128978484124e+07
5.310235150185259432e+07
5.310476314136161655e+07
5.310685515379351377e+07
5.310807849898672104e+07
5.310824071420846879e+07
5.310738617500883341e+07
5.310590877098961920e+07
5.310417656468888372e+07
5.310272801746426523e+07
5.310210656099719554e+07
5.310240988456232846e+07
5.310347482494232059e+07
5.310534893437706679e+07
5.310745217932368070e+07
5.310897557245008647e+07
5.310946149064334482e+07
5.310878067557516694e+07
5.310700874327441305e+07
5.310447258134622872e+07
5.310187142418337613e+07
5.309976610926064849e+07
5.309850186345136911e+07
5.309836408713568002e+07
5.309940934554361552e+07
5.310124876842416823e+07
5.310328238018857688e+07
5.310530309650371969e+07
5.310670277713806927e+07
5.310704521557234228e+07
5.310622249434535950e+07
5.310462628177752346e+07
5.310250472910127044e+07
5.310046726080968231e+07
5.309919111352533102e+07
5.309885375583952665e+07
5.309953322152681649e+07
5.310120243541208655e+07
5.310352060313910991e+07
5.310573882123295218e+07
5.310720106691408157e+07
5.310761644800279289e+07
5.310687334874968976e+07
5.310511957977177948e+07
5.310282256984043866e+07
5.310061246686067432e+07
5.309890393582379073e+07
5.309831115924640000e+07
5.309917129945150763e+07
5.310029342860125005e+07
5.310250300940350443e+07
5.310481334458580613e+07
5.310678121373408288e+07
5.310782340794444084e+07
5.310780165056225657e+07
5.310675993872264028e+07
5.310491125577157736e+07
5.310266427437943965e+07
5.310076746027955413e+07
5.309957744742841274e+07
5.309930238641728461e+07
5.310016086015066504e+07
5.310212102999609709e+07
5.310438249422670901e+07
5.310643153943375498e+07
5.310782265035562217e+07
5.310816613798779249e+07
5.310737729170126468e+07
5.310607139901132882e+07
5.310449567084336281e+07
5.310296818890673667e+07
5.310201230471067131e+07
5.310202328361673653e+07
5.310287815084581822e+07
5.310439203563838452e+07
5.310628422844046354e+07
5.310802502644025534e+07
5.310907599028515816e+07
5.310908296588239074e+07
5.310804545647797734e+07
5.310612172308693826e+07
5.310360675646089017e+07
5.310108750441336632e+07
5.309905179392109066e+07
5.309774889369819313e+07
5.309751092340929806e+07
5.309845360431025922e+07
5.310022777342444658e+07
5.310218328820825368e+07
5.310388639153911173e+07
5.310494071666156501e+07
5.310504107597501576e+07
5.310441864329987764e+07
5.310324859403418750e+07
5.310188736040601879e+07
5.310081165448440611e+07
5.310226375123469532e+07
5.310048001531110704e+07
5.310199358542896062e+07
5.310320020668747276e+07
5.310503229586360604e+07
5.310605076110573113e+07
5.310656020950181782e+07
5.310586371323700249e+07
5.310429921869268268e+07
5.310183663438989222e+07
5.309937121235238761e+07
5.309703322245852649e+07
5.309527348628821224e+07
5.309432631384032965e+07
5.309469146103481203e+07
5.309594249666681141e+07
5.309784884123818576e+07
5.309985581794209778e+07
5.310160153996718675e+07
5.310254919651196897e+07
5.310272536917090416e+07
5.310230173065797240e+07
5.310154055209887773e+07
5.310073813170903921e+07
5.310055990776891261e+07
5.310081296472465992e+07
5.310153784975013882e+07
5.310272766356808692e+07
5.310425803875917941e+07
5.310553040598651022e+07
5.310636326409184933e+07
5.310639060725487769e+07
5.310553899364943802e+07
5.310392260522483289e+07
5.310186007235213369e+07
5.309957445950965583e+07
5.309749357913212478e+07
5.309594335835867375e+07
5.309536661227095127e+07
5.309567881533519924e+07
5.309669214501886815e+07
5.309810293482389301e+07
5.309968294743343443e+07
5.310105950525812805e+07
5.310214949713532627e+07
5.310269237443244457e+07
5.310282513204216212e+07
5.310274295456644148e+07
5.310273371019602567e+07
5.310286978770933300e+07
5.310318259636515379e+07
5.310383573098326474e+07
5.310474956952341646e+07
5.310562187226772308e+07
5.310621488227910548e+07
5.310635371786667407e+07
5.310586740564179420e+07
5.310479831717710942e+07
5.310334109900395572e+07
5.310172269077451527e+07
5.309983754745849222e+07
5.309814529538048059e+07
5.309692130105626583e+07
5.309632825533746183e+07
5.309631818635288626e+07
5.309694623090293258e+07
5.309793423594423383e+07
5.309909948901568353e+07
5.310027183305597305e+07
5.310123987574915588e+07
5.310189467123609036e+07
5.310252348750836402e+07
5.310311302875107527e+07
5.310375008293608576e+07
5.310428508190036565e+07
5.310493291970732063e+07
5.310553669611071050e+07
5.310628254072825611e+07
5.310686284272543341e+07
5.310718713457811624e+07
5.310704727485971898e+07
5.310665167818832397e+07
5.310582304647672921e+07
5.310480595723807812e+07
5.310343211686863005e+07
5.310214616259635240e+07
5.310088639694280922e+07
5.310004530478621274e+07
5.309938259016209096e+07
5.309932193102551997e+07
5.309939454772841185e+07
5.310008890562009066e+07
5.310071634325013310e+07
5.310183427268288285e+07
5.310236946185372770e+07
5.310376397234045714e+07
