6.417759494323070347e+07
6.417795236759212613e+07
6.417817665881360322e+07
6.417817273731857538e+07
6.417815849907545745e+07
6.417829487656335533e+07
6.417884275037729740e+07
6.417935037785135210e+07
6.417988619562170655e+07
6.418047346254573762e+07
6.418103624864601344e+07
6.418126829385888577e+07
6.418107792310123891e+07
6.418036314555184543e+07
6.417930364072798193e+07
6.417816939938037097e+07
6.417689803899041563e+07
6.417563778601546586e+07
6.417457291321323067e+07
6.417394347149047256e+07
6.417382697544138134e+07
6.417404712984804064e+07
6.417454677044890076e+07
6.417525775769910216e+07
6.417614063051240146e+07
6.417705577871774137e+07
6.417779696325769275e+07
6.417824934538137913e+07
6.417856988810120523e+07
6.417877645830678195e+07
6.417892810037352890e+07
6.417906793946357816e+07
6.417924125507888198e+07
6.417951903499713540e+07
6.417983295064870268e+07
6.418015463023965061e+07
6.418049121917901933e+07
6.418054866322751343e+07
6.418022768348637968e+07
6.417937570658638328e+07
6.417813444454073906e+07
6.417669368757401407e+07
6.417534910792931169e+07
6.417430659901644289e+07
6.417370335765865445e+07
6.417370323212874681e+07
6.417461247992756218e+07
6.417595794813475013e+07
6.417701900308553874e+07
6.417795736445056647e+07
6.417856264372594655e+07
6.417892947662290186e+07
6.417910914590337127e+07
6.417904465927116573e+07
6.417887112794140726e+07
6.417880135364599526e+07
6.417883044111277163e+07
6.417913602508766204e+07
6.417969491936265677e+07
6.418072665426332504e+07
6.418188966244065017e+07
6.418273898421431333e+07
6.418278541346065700e+07
6.418189621435496211e+07
6.418026169468591362e+07
6.417818377279406041e+07
6.417598897667390108e+07
6.417414633396216482e+07
6.417296946912187338e+07
6.417259621822103858e+07
6.417299898109143227e+07
6.417407935532164574e+07
6.417564214530099928e+07
6.417727369454824924e+07
6.417870660633205622e+07
6.417976856722767651e+07
6.418061368265328556e+07
6.418092086079739779e+07
6.418061357408307493e+07
6.417998425961441547e+07
6.417939897179833055e+07
6.417905279147724807e+07
6.417919273222042620e+07
6.417969192301551253e+07
6.418063651408102363e+07
6.418150595465984195e+07
6.418223839308841527e+07
6.418204220507936180e+07
6.418076254561219364e+07
6.417864916413402557e+07
6.417618408457988501e+07
6.417381489380253106e+07
6.417170720872137696e+07
6.417033447797781229e+07
6.417014425410428643e+07
6.417080708398438990e+07
6.417223520827964693e+07
6.417411902576955408e+07
6.417596150306951255e+07
6.417743096893015504e+07
6.417831519291390479e+07
6.417851553703951836e+07
6.417803529338780046e+07
6.417726596434792876e+07
6.417635697314068675e+07
6.417574327442050725e+07
6.417577709665182978e+07
6.417648012944686413e+07
6.417766289119511843e+07
6.417930939220324904e+07
6.418079477167023718e+07
6.418145320049233735e+07
6.418101939124215394e+07
6.417952266529091448e+07
6.417736972179181129e+07
6.417486946267551929e+07
6.417257958311169595e+07
6.417087256352433562e+07
6.416988017351029813e+07
6.416992366611652821e+07
6.417101379191660136e+07
6.417286888467831910e+07
6.417492740004351735e+07
6.417678368258124590e+07
6.417807871239337325e+07
6.417853854548546672e+07
6.417809441185919195e+07
6.417727643399275839e+07
6.417614545069481432e+07
6.417496110784453154e+07
6.417447997342939675e+07
6.417460681281476468e+07
6.417537696551060677e+07
6.417657632956978679e+07
6.417808883616227657e+07
6.417920783187692612e+07
6.417965654540637136e+07
6.417912748727341741e+07
6.417772832536084950e+07
6.417565293035294116e+07
6.417337397853142768e+07
6.417122169687348604e+07
6.416966453265777230e+07
6.416900394590634108e+07
6.416945496640443057e+07
6.417092213202767819e+07
6.417309034608329833e+07
6.417542550597433001e+07
6.417753759249834716e+07
6.417873468839100003e+07
6.417892908070492744e+07
6.417819094848813862e+07
6.417686947811359912e+07
6.417531899113278836e+07
6.417399340590057522e+07
6.417331866046247631e+07
6.417354530359615386e+07
6.417460274867207557e+07
6.417628449912524968e+07
6.417814526282472908e+07
6.417965754068244249e+07
6.418022780579736084e+07
6.417991970578525960e+07
6.417871559515415877e+07
6.417678623906245828e+07
6.417459997596308589e+07
6.417264232335086167e+07
6.417132963449519873e+07
6.417130477028102428e+07
6.417219115190862864e+07
6.417362595788223296e+07
6.417542134373355657e+07
6.417708471880378574e+07
6.417822834973061085e+07
6.417845053188417852e+07
6.417789532255572081e+07
6.417671283632841706e+07
6.417522448519910127e+07
6.417381736682541668e+07
6.417292747068320215e+07
6.417272906218384206e+07
6.417341355227981508e+07
6.417491602146866173e+07
6.417690500853167474e+07
6.417880015146783739e+07
6.418010504427937418e+07
6.418044834339927882e+07
6.417987300656012446e+07
6.417879007462824136e+07
6.417727482812695950e+07
6.417544826107689738e+07
6.417405107405760884e+07
6.417401249734032154e+07
6.417372462123451382e+07
6.417496137407714128e+07
6.417664406588201970e+07
6.417845546032101661e+07
6.417976110522852093e+07
6.418033415380404890e+07
6.418014200029239804e+07
6.417928589857082069e+07
6.417796611083126068e+07
6.417639806767114252e+07
6.417461977749125659e+07
6.417339703243549168e+07
6.417308007945917547e+07
6.417390662641406059e+07
6.417551484156174213e+07
6.417754878962480277e+07
6.417952841934775561e+07
6.418086183084402233e+07
6.418134500191047788e+07
6.418108589577924460e+07
6.418012519225637615e+07
6.417861616357586533e+07
6.417705675899762660e+07
6.417599269840649515e+07
6.417558752117298543e+07
6.417605272151281685e+07
6.417705948244541883e+07
6.417854266752216965e+07
6.417993487443552166e+07
6.418091063015100360e+07
6.418111664664001763e+07
6.418059494058901072e+07
6.417952577677912265e+07
6.417798825526236743e+07
6.417625148795953393e+07
6.417462520553503186e+07
6.417360213252191246e+07
6.417373755799414217e+07
6.417460707972655445e+07
6.417577974485183507e+07
6.417714497409492731e+07
6.417839591701660305e+07
6.417902243258786201e+07
6.417904044553736597e+07
6.417840988499002159e+07
6.417784206865139306e+07
6.417723495355728269e+07
6.417670756780310720e+07
6.417669952331309021e+07
6.417705899914310873e+07
6.417794162168493122e+07
6.417925051555962861e+07
6.418069564424139261e+07
6.418189392342543602e+07
6.418236936824237555e+07
6.418186922491379827e+07
6.418057995202822983e+07
6.417891675149307400e+07
6.417702931368983537e+07
6.417514809312916547e+07
6.417358695439320803e+07
6.417284539153833687e+07
6.417298311148972064e+07
6.417379838714037091e+07
6.417520068583946675e+07
6.417649911619920284e+07
6.417724785173248500e+07
6.417755289167918265e+07
6.417744592344664037e+07
6.417693022661920637e+07
6.417628809178210050e+07
6.417597478791742027e+07
6.417608374845276028e+07
6.417667424832607061e+07
6.417778707976316661e+07
6.417923358633212745e+07
6.418042501525234431e+07
6.418127975970035791e+07
6.418185296162492782e+07
6.418168830783116817e+07
6.418075474001890421e+07
6.417929657169128209e+07
6.417748315917550772e+07
6.417555829740979522e+07
6.417398825552626699e+07
6.417294760516552627e+07
6.417270931640589982e+07
6.417311230152787268e+07
6.417380597230248898e+07
6.417470835956531763e+07
6.417569967799439281e+07
6.417652302692819387e+07
6.417706987741266191e+07
6.417728551319124550e+07
6.417719657736253738e+07
6.417719100737081468e+07
6.417736992914990336e+07
6.417765791926189512e+07
6.417828694215606153e+07
6.417910565449922532e+07
6.417996928039383888e+07
6.418076695235949010e+07
6.418122111376011372e+07
6.418108009427082539e+07
6.418044469931987673e+07
6.417930531532321125e+07
6.417795358579452336e+07
6.417655635641602427e+07
6.417524837026373297e+07
6.417404879674252123e+07
6.417329222491819412e+07
6.417292881598089635e+07
6.417292324769096076e+07
6.417319405115600675e+07
6.417391715838976949e+07
6.417476333426877111e+07
6.417551924786563963e+07
6.417617098068343848e+07
6.417666638799654692e+07
6.417721087011948973e+07
6.417771137722527981e+07
6.417816688768114895e+07
6.417849424972856045e+07
6.417878179994855821e+07
6.417907441273590177e+07
6.417938695595397800e+07
6.417957430344422907e+07
6.417954607778834552e+07
6.417933679656258970e+07
6.417880569454831630e+07
6.417804329537658393e+07
6.417711126454684883e+07
6.417608530452375859e+07
6.417505777500902116e+07
6.417422406654711068e+07
6.417366249607951939e+07
6.417321207792150229e+07
6.417293437347064167e+07
6.417303844445072114e+07
6.417341764790107310e+07
6.417409750640928000e+07
6.417497226390676945e+07
6.417600883221752197e+07
