4.093601114130975306e+07
4.094062643410368264e+07
4.093872735500257462e+07
4.094014236845132709e+07
4.093925145025057346e+07
4.093797224646977335e+07
4.093543908791664243e+07
4.093426545380983502e+07
4.093294758128679544e+07
4.093267036069125682e+07
4.093248567959374934e+07
4.093277111004124582e+07
4.093268297119694203e+07
4.093305236821144819e+07
4.093241933221385628e+07
4.093145706068743020e+07
4.093042557510960847e+07
4.093049288665473461e+07
4.093134775809627771e+07
4.093246599734187871e+07
4.093330169720666111e+07
4.093394413463097811e+07
4.093421819587623328e+07
4.093493519113551080e+07
4.093561550084556639e+07
4.093609380848831683e+07
4.093730779685047269e+07
4.093804685274215043e+07
4.093697360472561419e+07
4.093602708239820600e+07
4.093580986757892370e+07
4.093634044937169552e+07
4.093664458196660876e+07
4.093665561281891167e+07
4.093645951806008816e+07
4.093637818892776221e+07
4.093622726356744766e+07
4.093642876104692370e+07
4.093647288929700106e+07
4.093632048387476057e+07
4.093597142637783289e+07
4.093578946533200145e+07
4.093547189768096060e+07
4.093468588464100659e+07
4.093357843227473646e+07
4.093281357780292630e+07
4.093265170308694243e+07
4.093257008297500759e+07
4.093184458847758919e+07
4.093143274169203639e+07
4.093194393369528651e+07
4.093311846355001628e+07
4.093427809136690199e+07
4.093484810451113433e+07
4.093508627747230232e+07
4.093541090085404366e+07
4.093542237126169354e+07
4.093397088600578159e+07
4.093215707198071480e+07
4.093017589781817049e+07
4.092814835079889745e+07
4.092620327536480129e+07
4.092511719795586169e+07
4.092397874776024371e+07
4.092307827210395783e+07
4.092229666274023056e+07
4.092133381931220740e+07
4.092120428080911934e+07
4.092272534191884100e+07
4.092451950485828519e+07
4.092510628321611881e+07
4.092497025223006308e+07
4.092478828379647434e+07
4.092472614794359356e+07
4.092484802307825536e+07
4.092516420667551458e+07
4.092653944304344058e+07
4.092678752427301556e+07
4.092599749362225085e+07
4.092470719364580512e+07
4.092392416103570163e+07
4.092404098365569860e+07
4.092593502999679744e+07
4.092849359261219949e+07
4.093014437340916693e+07
4.093116700325776637e+07
4.093232563492515683e+07
4.093278719259877503e+07
4.093237639162971079e+07
4.093111492767218500e+07
4.092996939026936889e+07
4.093028227356897295e+07
4.093187361601816863e+07
4.093331921726361662e+07
4.093428252819646895e+07
4.093448913130958378e+07
4.093445037861360610e+07
4.093350572863737494e+07
4.093085716684123129e+07
4.092995098841360211e+07
4.093055754880919307e+07
4.093063231205730140e+07
4.092948311896546185e+07
4.092799824220096320e+07
4.092893033336803317e+07
4.092997636510355771e+07
4.092944914702991396e+07
4.092844229431616515e+07
4.092898549330628663e+07
4.093004816959077865e+07
4.093039612194488198e+07
4.092965867743042111e+07
4.092724128082768619e+07
4.092399763785953075e+07
4.092127058251367509e+07
4.091936906315056235e+07
4.091831228051084280e+07
4.091939174557924271e+07
4.092065929388213158e+07
4.092092845728304237e+07
4.092132226054821163e+07
4.092141533008971065e+07
4.092196643342228234e+07
4.092350543491180986e+07
4.092513327470320463e+07
4.092524105996524543e+07
4.092398718365208805e+07
4.092299120503748208e+07
4.092211863394736499e+07
4.092159920612776279e+07
4.092149486113887280e+07
4.092120719430783391e+07
4.092120004916539788e+07
4.092138842431316525e+07
4.092160021042209119e+07
4.092225439668017626e+07
4.092399756199480593e+07
4.092540579008148611e+07
4.092473159009899199e+07
4.092138698221292347e+07
4.091791039007836580e+07
4.091526786519396305e+07
4.091409925330445170e+07
4.091418221809712797e+07
4.091453601306790859e+07
4.091478305018875748e+07
4.091579350514596701e+07
4.091874270423302054e+07
4.091984270665978640e+07
4.091918565799204260e+07
4.091850996454832703e+07
4.091645178595524281e+07
4.091484820207172632e+07
4.091371622818460315e+07
4.091380720954852551e+07
4.091456049707324058e+07
4.091562490914863348e+07
4.091613438857328147e+07
4.091810301093220711e+07
4.092052884480460733e+07
4.092115726139920950e+07
4.092055391131607443e+07
4.091914510631803423e+07
4.091705305776136369e+07
4.091605643561387807e+07
4.091730191246595234e+07
4.091983421876931190e+07
4.092078981729496270e+07
4.092089931387127936e+07
4.092064721419007331e+07
4.092053727134841681e+07
4.092105809201960266e+07
4.092334607997071743e+07
4.092548708432240039e+07
4.092689726035126299e+07
4.092565479428220540e+07
4.092282569586183876e+07
4.091961666089443117e+07
4.091729743187571317e+07
4.091605082613644004e+07
4.091626644943469763e+07
4.091855800406019390e+07
4.092156659941817820e+07
4.092368476680324972e+07
4.092604368783119321e+07
4.092726772073088586e+07
4.092799548593884706e+07
4.092755712570609897e+07
4.092714270809075981e+07
4.092738841374703497e+07
4.092887916781757772e+07
4.092783993051588535e+07
4.092577453986685723e+07
4.092681515215233713e+07
4.092928401477764547e+07
4.093172561380328238e+07
4.093124272844894230e+07
4.092957207721948624e+07
4.092711748426984251e+07
4.092498943241155893e+07
4.092389311432382464e+07
4.092275633997617662e+07
4.092246868050148338e+07
4.092314196374326199e+07
4.092471144472399354e+07
4.092698154385422915e+07
4.093029228211177140e+07
4.093169781432709843e+07
4.093074345667216182e+07
4.092915127047388256e+07
4.092756349709594250e+07
4.092559960841924697e+07
4.092356685722711682e+07
4.092138939734768122e+07
4.091982542593593895e+07
4.091890191278108209e+07
4.091930121173635125e+07
4.092021135387103260e+07
4.092143241186767817e+07
4.092226470257422328e+07
4.092317001861344278e+07
4.092341531210792810e+07
4.092342597189732641e+07
4.092272918109600246e+07
4.092168662756113708e+07
4.092021093561720848e+07
4.091968562339726835e+07
4.091967988552454859e+07
4.092116958766917139e+07
4.092155676896791905e+07
4.092213443502566963e+07
4.092216654117844254e+07
4.092348335997551680e+07
4.092418132853983343e+07
4.092535364968176186e+07
4.092510106535936892e+07
4.092519102218115330e+07
4.092392564024135470e+07
4.092513659826356173e+07
4.092303673788311332e+07
4.092434803562120348e+07
4.092273796420875937e+07
4.092347357590574771e+07
4.092403701838409156e+07
4.092489851275930554e+07
4.092500569711852074e+07
4.092497334742777795e+07
4.092428641080271453e+07
4.092330914826292545e+07
4.092193466584707797e+07
4.092104306322091818e+07
4.092042156577144563e+07
4.092007077065490186e+07
4.092045127300220728e+07
4.092150283633632213e+07
4.092308357834650576e+07
4.092485663483709842e+07
4.092579453857547045e+07
4.092644669969521463e+07
4.092645114237941802e+07
4.092602673078436404e+07
4.092540223125094175e+07
4.092469869269738346e+07
4.092372578801605850e+07
4.092327591815857589e+07
4.092300616901965439e+07
4.092300724589542300e+07
4.092294946792288125e+07
4.092295591049952060e+07
4.092293074088586867e+07
4.092289470789698511e+07
4.092260849414658546e+07
4.092224386233423650e+07
4.092193319424880296e+07
4.092237651155862957e+07
4.092230049467962235e+07
4.092136548164717108e+07
4.092060702574296296e+07
4.092066927324495465e+07
4.092156771915739775e+07
4.092290061713730544e+07
4.092422337933427095e+07
4.092558720951272547e+07
4.092660384861322492e+07
4.092710890936286002e+07
4.092683817926669121e+07
4.092648121503551304e+07
4.092659270610048622e+07
4.092797551021286100e+07
4.092909363477522135e+07
4.092969771430365741e+07
4.093074177321418375e+07
4.093179348714797944e+07
4.093256571936710924e+07
4.093309004153054953e+07
4.093287341073912382e+07
4.093263178349199146e+07
4.093296431664998829e+07
4.093318891665183753e+07
4.093183483534525335e+07
4.093002315233293921e+07
4.092926951133004576e+07
4.092903810087709874e+07
4.092889352467919141e+07
4.092778196724905819e+07
4.092677428189062327e+07
4.092707878755946457e+07
4.092812769351176172e+07
4.092935629166712612e+07
4.093075563169009984e+07
4.093236376104903221e+07
4.093379716973674297e+07
4.093457195790939778e+07
4.093590038944530487e+07
4.093716625910538435e+07
4.093769805626218766e+07
4.093796653045541793e+07
4.093773569542708248e+07
4.093666034430105239e+07
4.093514420962703228e+07
4.093321643147056550e+07
4.093121701208501309e+07
4.092921544611652195e+07
4.092746915376450866e+07
4.092605420033086836e+07
4.092635091790084541e+07
4.092755937315426022e+07
4.092831356447375566e+07
4.092915473645935208e+07
4.092962853119654208e+07
4.092945050120322406e+07
4.092971017313323915e+07
4.092932030515575409e+07
4.092831832651934773e+07
4.092688349788103253e+07
4.092619189519519359e+07
