8.640886719118317589e+06
8.641792163906050846e+06
8.642164858943570405e+06
8.642518462409242988e+06
8.642743099810192361e+06
8.643053140327062458e+06
8.643392149753898382e+06
8.643566971921797842e+06
8.643591507323557511e+06
8.643454953103123233e+06
8.643134237300859764e+06
8.642455178756782785e+06
8.641470958029640839e+06
8.640455162158291787e+06
8.639230285506760702e+06
8.638044858804067597e+06
8.636925745986936614e+06
8.636035479663915932e+06
8.635465020520210266e+06
8.635416705844849348e+06
8.635943821246510372e+06
8.636895540829217061e+06
8.638054043468901888e+06
8.639450847317410633e+06
8.640807985395587981e+06
8.641907201532773674e+06
8.642581717368409038e+06
8.643023804474653676e+06
8.643170027508152649e+06
8.643053802003625780e+06
8.643014308884847909e+06
8.643033877831805497e+06
8.643082607283158228e+06
8.643156437550883740e+06
8.643354775328045711e+06
8.643245991266498342e+06
8.642788566366754472e+06
8.642159916061984375e+06
8.641172380807731301e+06
8.639779785338934511e+06
8.638208580664556473e+06
8.636671885808093473e+06
8.635421087397478521e+06
8.634711254785802215e+06
8.634707045818235725e+06
8.635313118438972160e+06
8.636548251945881173e+06
8.638250763307029381e+06
8.640018910168996081e+06
8.641650099714120850e+06
8.642834482945181429e+06
8.643422115026131272e+06
8.643559951779080555e+06
8.643285310598658398e+06
8.642820641206953675e+06
8.642410730970963836e+06
8.642201033262956887e+06
8.642341242330498993e+06
8.642826170241365209e+06
8.643292801584508270e+06
8.643495635623218492e+06
8.643415719006443396e+06
8.642882201986189932e+06
8.641735880609858781e+06
8.640039791252950206e+06
8.638024008488144726e+06
8.635952876945218071e+06
8.634413990476578474e+06
8.633629382831698284e+06
8.633725422120099887e+06
8.634725243417618796e+06
8.636454457401743159e+06
8.638632719538111240e+06
8.640733540287561715e+06
8.642382113600799814e+06
8.643335413336675614e+06
8.643725346950203180e+06
8.643427466942429543e+06
8.642701038513468578e+06
8.641925774462936446e+06
8.641349978674400598e+06
8.641218395785890520e+06
8.641728279255580157e+06
8.642608821916069835e+06
8.643435228717816994e+06
8.644071312546787784e+06
8.644262353729404509e+06
8.643570043734520674e+06
8.642061970671605319e+06
8.639852206269171089e+06
8.637367779418714345e+06
8.635120158669725060e+06
8.633524631448203698e+06
8.632891989152213559e+06
8.633414080539200455e+06
8.634835490761270747e+06
8.637027783253200352e+06
8.639519762040082365e+06
8.641572647245805711e+06
8.643089010593261570e+06
8.643833288305755705e+06
8.643616426922786981e+06
8.642691885960396379e+06
8.641581189525250345e+06
8.640509656477523968e+06
8.639971811245474964e+06
8.640327873859627172e+06
8.641328480955040082e+06
8.642580250941693783e+06
8.643953887993307784e+06
8.644944722851840779e+06
8.645074600943474099e+06
8.644161260847138241e+06
8.642210146818032488e+06
8.639644197667643428e+06
8.636905842394510284e+06
8.634619638871550560e+06
8.633265730963453650e+06
8.632951720293102786e+06
8.633914256183026358e+06
8.635860044064138085e+06
8.638373988701554015e+06
8.640729292816188186e+06
8.642740003901932389e+06
8.643830309251105413e+06
8.643826963618556038e+06
8.642941448130013421e+06
8.641526892928643152e+06
8.639947121917197481e+06
8.638763540556993335e+06
8.638517674912560731e+06
8.639272207622546703e+06
8.640673235486220568e+06
8.642474841308457777e+06
8.644317021479025483e+06
8.645385392975550145e+06
8.645332053849125281e+06
8.644052517853377387e+06
8.641861792424261570e+06
8.638998162475481629e+06
8.636291257564982399e+06
8.634274675450891256e+06
8.633253711070630699e+06
8.633469023430395871e+06
8.635002536303132772e+06
8.637386241981459782e+06
8.639932720454001799e+06
8.642224853431340307e+06
8.643709499586289749e+06
8.644138563831200823e+06
8.643391472322514281e+06
8.641843579958681017e+06
8.639917098461661488e+06
8.638129078701304272e+06
8.637248292157368734e+06
8.637375739189809188e+06
8.638365353537531570e+06
8.640324958790829405e+06
8.642739172141013667e+06
8.644681487695733085e+06
8.645686045079801232e+06
8.645470318550141528e+06
8.644050075985224918e+06
8.641697802202230319e+06
8.639007035764925182e+06
8.636569778456920758e+06
8.634940218812210485e+06
8.634462751241376624e+06
8.635351652141645551e+06
8.637258195134414360e+06
8.639538188088066876e+06
8.641974851532857865e+06
8.643907904891235754e+06
8.644746528107536957e+06
8.644310720167536288e+06
8.642938410896748304e+06
8.640792883318677545e+06
8.638522933941299096e+06
8.636877610596440732e+06
8.636154296241810545e+06
8.636526278453992680e+06
8.638037722029538825e+06
8.640416606062171981e+06
8.642875194023165852e+06
8.644743767811350524e+06
8.645591730697417632e+06
8.645218273481234908e+06
8.643726920085264370e+06
8.641527958555202931e+06
8.639193274143390357e+06
8.637256465151347220e+06
8.636283762020951137e+06
8.636996637437794358e+06
8.637753628314325586e+06
8.639865103869998828e+06
8.642141436405403540e+06
8.644178212104832754e+06
8.645234783067064360e+06
8.645244601820519194e+06
8.644147175717305392e+06
8.642094143864337355e+06
8.639577916332611814e+06
8.637339964387211949e+06
8.635752635682379827e+06
8.635238157006168738e+06
8.635963866156237200e+06
8.637926889742424712e+06
8.640371421539627016e+06
8.642699500174405053e+06
8.644339363404000178e+06
8.644914252647254616e+06
8.644204573386866599e+06
8.642831468146741390e+06
8.641092335339818150e+06
8.639244669475387782e+06
8.638011194192113355e+06
8.637775113556267694e+06
8.638482027934402227e+06
8.640048572426412255e+06
8.642045976885857061e+06
8.643995417576299980e+06
8.645371524430589750e+06
8.645763355470109731e+06
8.644959697457147762e+06
8.643233617802675813e+06
8.640744175050983205e+06
8.638208940323125571e+06
8.636117393947253004e+06
8.634797438007762656e+06
8.634525689478021115e+06
8.635699038251213729e+06
8.637624935149878263e+06
8.639820415929976851e+06
8.641833384695515037e+06
8.643224826194735244e+06
8.643548481554916129e+06
8.643211640475457534e+06
8.642068121703309938e+06
8.640824258939810097e+06
8.639635516259483993e+06
8.640315608009245247e+06
8.639478709761794657e+06
8.640870404919225723e+06
8.642284216784069315e+06
8.644243313732618466e+06
8.645592037737412378e+06
8.646318046255508438e+06
8.646031029126111418e+06
8.644713350141094998e+06
8.642421292669316754e+06
8.640042789757112041e+06
8.637757337702386081e+06
8.635895778300236911e+06
8.634842448122104630e+06
8.635006010243432596e+06
8.636078922614494339e+06
8.637773999867498875e+06
8.639587563012382016e+06
8.641261492739936337e+06
8.642303357104334980e+06
8.642580231888828799e+06
8.642286953162945807e+06
8.641610126036146656e+06
8.640847300872009248e+06
8.640613649909559637e+06
8.640865917112689465e+06
8.641540979556912556e+06
8.642688399060728028e+06
8.644168295725608245e+06
8.645489430632557720e+06
8.646396327831180766e+06
8.646514876219378784e+06
8.645670069783402607e+06
8.644053402983264998e+06
8.642001659797880799e+06
8.639749369987443089e+06
8.637681520472969860e+06
8.636125812962187454e+06
8.635480962381616235e+06
8.635733032012045383e+06
8.636668166870610788e+06
8.637886182450843975e+06
8.639331759744346142e+06
8.640581686114598066e+06
8.641499041984546930e+06
8.641888533130370080e+06
8.641852806993365288e+06
8.641731446794910356e+06
8.641752984476955608e+06
8.641983753270888701e+06
8.642383120058557019e+06
8.643214861611941829e+06
8.644294980342200026e+06
8.645349133950397372e+06
8.646153726319147274e+06
8.646454071798566729e+06
8.646047593931999058e+06
8.644981138342045248e+06
8.643405352482454851e+06
8.641714331833366305e+06
8.639816858412152156e+06
8.638074873816143721e+06
8.636883569403864443e+06
8.636311569477746263e+06
8.636219311254717410e+06
8.636697624282268807e+06
8.637469803399574012e+06
8.638421000063626096e+06
8.639488617805650458e+06
8.640360528684843332e+06
8.640911250041041523e+06
8.641350582154644653e+06
8.641747337780009955e+06
8.642202579016480595e+06
8.642667168059950694e+06
8.643200298124616966e+06
8.643804047532245517e+06
8.644553554919008166e+06
8.645132264478469267e+06
8.645469209973599762e+06
8.645405534710854292e+06
8.644978935750905424e+06
8.644096461959391832e+06
8.643022814479079098e+06
8.641615020551372319e+06
8.640177919072864577e+06
8.638730124287744984e+06
8.637628850313456729e+06
8.636776699614042416e+06
8.636455259097054601e+06
8.636376023970600218e+06
8.636923089963566512e+06
8.637624127812096849e+06
8.638733119990499690e+06
8.639564566003518179e+06
8.640835670597581193e+06
