1.053996365281468816e+07
1.054094790567908064e+07
1.054122115691040084e+07
1.054158939849663712e+07
1.054165302475435659e+07
1.054217889453367144e+07
1.054245353577189147e+07
1.054262903016407974e+07
1.054261882547561824e+07
1.054244819129427150e+07
1.054196962874440476e+07
1.054127540882015601e+07
1.053996560127604753e+07
1.053881913320350647e+07
1.053768002908300795e+07
1.053634638739952631e+07
1.053539352429151535e+07
1.053464057701952383e+07
1.053421345634581707e+07
1.053444234946801141e+07
1.053528438741828874e+07
1.053630491715637222e+07
1.053756864377058856e+07
1.053893766820097528e+07
1.054027159818338789e+07
1.054124352582827210e+07
1.054178082779994421e+07
1.054213839012833126e+07
1.054221949670764245e+07
1.054207803825606033e+07
1.054207302474247478e+07
1.054213464130071178e+07
1.054217894447658025e+07
1.054235067015321925e+07
1.054252780245137401e+07
1.054226993829259649e+07
1.054156692797935568e+07
1.054071297280573286e+07
1.053958730234728381e+07
1.053803726954897121e+07
1.053636464773532748e+07
1.053492150221093558e+07
1.053388141467700340e+07
1.053332657222416438e+07
1.053372355207623541e+07
1.053459454487221688e+07
1.053590127255503833e+07
1.053782909622882865e+07
1.053962391093420610e+07
1.054093825799768232e+07
1.054211448312611133e+07
1.054249978687442467e+07
1.054231077084941044e+07
1.054212631159746274e+07
1.054155986962725595e+07
1.054117966104472429e+07
1.054123908938931860e+07
1.054136374959843606e+07
1.054193442454067245e+07
1.054257192574060708e+07
1.054247627113349922e+07
1.054210022791549563e+07
1.054147543270356394e+07
1.053994234101124108e+07
1.053807573369022086e+07
1.053597360007541627e+07
1.053394035974253528e+07
1.053265619090637192e+07
1.053232637095216475e+07
1.053263383973467909e+07
1.053396429767424241e+07
1.053595024678350613e+07
1.053825339943603612e+07
1.054029931839685515e+07
1.054158086062530242e+07
1.054247452157587186e+07
1.054257041774921864e+07
1.054204010988044739e+07
1.054125403360661492e+07
1.054045177517613210e+07
1.054005644498150237e+07
1.054008315234824456e+07
1.054073726992947049e+07
1.054169409669088759e+07
1.054255662922976725e+07
1.054287853577945568e+07
1.054272879922229610e+07
1.054177556004386395e+07
1.053995301389895007e+07
1.053752969943872839e+07
1.053503179221201874e+07
1.053281192917101830e+07
1.053159505663289689e+07
1.053146807873816043e+07
1.053214358638870344e+07
1.053396906964292005e+07
1.053647554480237886e+07
1.053891051892925985e+07
1.054077940074755251e+07
1.054198277320257016e+07
1.054250107933689468e+07
1.054204109822524339e+07
1.054097855188208446e+07
1.053972270140485838e+07
1.053876379699475877e+07
1.053850672267904319e+07
1.053911278054900840e+07
1.054025823622981645e+07
1.054164136006958783e+07
1.054296127720896341e+07
1.054380086565391161e+07
1.054353805827543885e+07
1.054219758111748658e+07
1.054004995509390347e+07
1.053725490656000376e+07
1.053441080466902629e+07
1.053246205211880431e+07
1.053152242382881604e+07
1.053161578679588810e+07
1.053288862163825147e+07
1.053528693147685938e+07
1.053793070768963546e+07
1.054034341477584653e+07
1.054205449570715986e+07
1.054290806964460202e+07
1.054249577032745443e+07
1.054144823982265219e+07
1.053975613752279617e+07
1.053819792464345135e+07
1.053727303603042476e+07
1.053741486951287091e+07
1.053840023517204635e+07
1.054001270925299637e+07
1.054192633260128647e+07
1.054368376784264483e+07
1.054457505175888725e+07
1.054398994594899192e+07
1.054237492926805280e+07
1.053983936483441107e+07
1.053677694908064418e+07
1.053408483945224620e+07
1.053246986181551963e+07
1.053180381995257549e+07
1.053243027261745185e+07
1.053442816471145861e+07
1.053702990983779915e+07
1.053967178545720689e+07
1.054174456657855585e+07
1.054292528948604688e+07
1.054282141429162771e+07
1.054187534009881131e+07
1.054009357113618776e+07
1.053797280557768419e+07
1.053630435766690783e+07
1.053583839661888778e+07
1.053631838919500634e+07
1.053751246440738440e+07
1.053968034202026762e+07
1.054227747609054483e+07
1.054409312195963226e+07
1.054458105457075685e+07
1.054397090057895519e+07
1.054207718812618405e+07
1.053946236998395063e+07
1.053666872664692812e+07
1.053431801154408604e+07
1.053318506204465590e+07
1.053303250308999419e+07
1.053437355309749581e+07
1.053664798017087951e+07
1.053905160300390236e+07
1.054158145688655600e+07
1.054333069448365085e+07
1.054346681892405078e+07
1.054277418528559431e+07
1.054110132762181573e+07
1.053861729563369229e+07
1.053638066041889600e+07
1.053495881689842045e+07
1.053464563337785192e+07
1.053542708947347291e+07
1.053716158329925686e+07
1.053980351829230227e+07
1.054239635657159984e+07
1.054402017057133839e+07
1.054435695443895832e+07
1.054357861286703683e+07
1.054174632134008408e+07
1.053932857592310384e+07
1.053696217738457210e+07
1.053505867788916826e+07
1.053457332914881594e+07
1.053573706154136732e+07
1.053679650595386326e+07
1.053913270756160654e+07
1.054158391228614002e+07
1.054350398674255237e+07
1.054415193884588219e+07
1.054365793479629979e+07
1.054203568157323077e+07
1.053993092850148492e+07
1.053710989059606008e+07
1.053481735337466002e+07
1.053376152695106342e+07
1.053363349698524363e+07
1.053461757584864646e+07
1.053702403963749111e+07
1.053961727668551169e+07
1.054202602100037597e+07
1.054353750261392072e+07
1.054347245262411423e+07
1.054240984569460712e+07
1.054089396766174212e+07
1.053903682992803678e+07
1.053707949919057824e+07
1.053604704943127185e+07
1.053630882405470684e+07
1.053745333544593118e+07
1.053919626660238765e+07
1.054118545602031238e+07
1.054335453662761115e+07
1.054438502059672214e+07
1.054435904617638886e+07
1.054311981042372063e+07
1.054107183541628346e+07
1.053840941391424090e+07
1.053585565659353137e+07
1.053374893367595971e+07
1.053281384925795160e+07
1.053312194996763580e+07
1.053451696051323228e+07
1.053677693716211990e+07
1.053920186010695435e+07
1.054126295301452093e+07
1.054244764900436252e+07
1.054232633897393569e+07
1.054160820738193206e+07
1.054047673226791061e+07
1.053906180428000726e+07
1.053764301469327137e+07
1.053883394448558427e+07
1.053821655329630710e+07
1.053983220385744609e+07
1.054134659713883698e+07
1.054330687738495506e+07
1.054470590530532785e+07
1.054530094744111970e+07
1.054429861692139693e+07
1.054267377519781329e+07
1.054010931298696809e+07
1.053761205247462168e+07
1.053531584739340842e+07
1.053357058644467965e+07
1.053295444725917093e+07
1.053366100500678644e+07
1.053491691147994436e+07
1.053684903791238368e+07
1.053899585919159092e+07
1.054062053441595100e+07
1.054139012455237098e+07
1.054127303255679831e+07
1.054084098825874366e+07
1.054007262108993903e+07
1.053904511594639532e+07
1.053887818239557184e+07
1.053955399728188850e+07
1.054033078640039451e+07
1.054167556852663495e+07
1.054313535422939435e+07
1.054435683165542781e+07
1.054534732639967091e+07
1.054507275563081913e+07
1.054358916861672886e+07
1.054180129155731387e+07
1.053960586047532782e+07
1.053724849577757344e+07
1.053515274378003739e+07
1.053366712700800598e+07
1.053340998199588433e+07
1.053409458161707595e+07
1.053504014972043037e+07
1.053648563634858094e+07
1.053811421800650470e+07
1.053932133203567751e+07
1.054001787388701178e+07
1.054022535072019137e+07
1.053989668275871500e+07
1.053979737545293011e+07
1.053972978215902112e+07
1.053996332294071652e+07
1.054066011061497219e+07
1.054148433143405989e+07
1.054258951569528878e+07
1.054363630837689340e+07
1.054441987054549530e+07
1.054458070925468206e+07
1.054395109313842095e+07
1.054242821751928702e+07
1.054078020597151294e+07
1.053904319036369398e+07
1.053703689315375127e+07
1.053527272283757105e+07
1.053435573424392752e+07
1.053399762026814930e+07
1.053407968931774236e+07
1.053480950590601750e+07
1.053573420947958902e+07
1.053691246640446223e+07
1.053807103792629950e+07
1.053891007243452780e+07
1.053921094588471390e+07
1.053962630738989823e+07
1.054009085953921266e+07
1.054042763411384262e+07
1.054083599217851087e+07
1.054146379507223703e+07
1.054210970432139002e+07
1.054283191063482873e+07
1.054351349251916446e+07
1.054371268052719906e+07
1.054358618137306161e+07
1.054299739302634820e+07
1.054197549004054256e+07
1.054072351800287329e+07
1.053915987914404459e+07
1.053759054216016270e+07
1.053615520545640215e+07
1.053512693089417927e+07
1.053428956580009684e+07
1.053418009564297274e+07
1.053434191831714287e+07
1.053508185965323262e+07
1.053607540990899503e+07
1.053728093236485124e+07
1.053802110148606263e+07
1.053925522183760814e+07
