6.244229878851456940e+07
6.244288049718472362e+07
6.244326491070276499e+07
6.244362193628405780e+07
6.244393290140756965e+07
6.244430391495820135e+07
6.244467456268386543e+07
6.244490471828369051e+07
6.244502070218964666e+07
6.244497061670672148e+07
6.244468025719063729e+07
6.244404209549840540e+07
6.244300682739529759e+07
6.244197606562151015e+07
6.244085823729663342e+07
6.243970003474016488e+07
6.243866408134956658e+07
6.243782734876243025e+07
6.243728071451485902e+07
6.243722582039913535e+07
6.243777855324944854e+07
6.243862013242629170e+07
6.243975899006412923e+07
6.244103891873542219e+07
6.244227936737076938e+07
6.244339534511073679e+07
6.244417378601232916e+07
6.244469759761321545e+07
6.244495418631727248e+07
6.244492995431652665e+07
6.244489241978128999e+07
6.244483076263439655e+07
6.244478908949963003e+07
6.244477060241494328e+07
6.244482823057760298e+07
6.244461445313357562e+07
6.244411811876270175e+07
6.244343703202834725e+07
6.244248834371668845e+07
6.244118457667595893e+07
6.243970950917209685e+07
6.243832475204934925e+07
6.243719747466690093e+07
6.243658261916160583e+07
6.243666883387912810e+07
6.243730146564230323e+07
6.243852261845142394e+07
6.244017102863007039e+07
6.244189071508574486e+07
6.244342013331864029e+07
6.244454777973604202e+07
6.244520409032973647e+07
6.244537956970525533e+07
6.244512599255567044e+07
6.244469431026754528e+07
6.244429055427940190e+07
6.244407796504079551e+07
6.244421544238512218e+07
6.244463808531475067e+07
6.244502486877886951e+07
6.244517073716334254e+07
6.244505341480079293e+07
6.244456938257347792e+07
6.244344758798352629e+07
6.244170335021180660e+07
6.243975555745171010e+07
6.243778431361314654e+07
6.243627206678213924e+07
6.243557160525087267e+07
6.243565943944427371e+07
6.243655777422394603e+07
6.243817338401131332e+07
6.244018846347957104e+07
6.244211241165284067e+07
6.244366657132562250e+07
6.244465821504372358e+07
6.244512991939860582e+07
6.244501475379127264e+07
6.244453499076464772e+07
6.244392394239334762e+07
6.244346715468864888e+07
6.244339327036086470e+07
6.244376041035724431e+07
6.244442669849991798e+07
6.244506950921183079e+07
6.244550332620041817e+07
6.244555921478296816e+07
6.244486077193025500e+07
6.244340274354763329e+07
6.244133222309845686e+07
6.243901657631352544e+07
6.243685442270123214e+07
6.243535863095624000e+07
6.243476962732215971e+07
6.243519709474360198e+07
6.243649034634327888e+07
6.243854105543217808e+07
6.244080521914344281e+07
6.244278960139212757e+07
6.244431496288616955e+07
6.244510703545628488e+07
6.244505802642606199e+07
6.244434625960504264e+07
6.244333375201095641e+07
6.244238555500440300e+07
6.244186504591424763e+07
6.244213643059297651e+07
6.244297108052685857e+07
6.244409180501016974e+07
6.244530441969674081e+07
6.244620353422226757e+07
6.244630361225068569e+07
6.244545561181367189e+07
6.244369789478515834e+07
6.244140036237484217e+07
6.243874360289016366e+07
6.243662103860775381e+07
6.243534284947426617e+07
6.243509985832853615e+07
6.243600640592178702e+07
6.243788547128997743e+07
6.244030095727606863e+07
6.244259370576222241e+07
6.244445687083108723e+07
6.244543465333432704e+07
6.244548941621861607e+07
6.244470046084655821e+07
6.244344243920782954e+07
6.244201480994205922e+07
6.244094622149311006e+07
6.244070555863873661e+07
6.244133480731768906e+07
6.244257763306134939e+07
6.244421404382088780e+07
6.244588660269179940e+07
6.244688184314008802e+07
6.244688974219591171e+07
6.244571802810984850e+07
6.244372952635247260e+07
6.244104404160048068e+07
6.243842641728253663e+07
6.243648073000799119e+07
6.243548919790478051e+07
6.243570771284510195e+07
6.243714603094539046e+07
6.243941949710222334e+07
6.244175513956283033e+07
6.244382469228036702e+07
6.244523467333665490e+07
6.244565429321359843e+07
6.244503163266389817e+07
6.244368071566264331e+07
6.244192986633917689e+07
6.244030321282971650e+07
6.243941180425754189e+07
6.243944743838000298e+07
6.244033180270332098e+07
6.244209456034577638e+07
6.244426462931952626e+07
6.244606656151088327e+07
6.244699621349126846e+07
6.244679822352194041e+07
6.244549376093996316e+07
6.244327753956191987e+07
6.244077287461011857e+07
6.243854000663431734e+07
6.243693649948092550e+07
6.243645405875837803e+07
6.243726999757609516e+07
6.243901001406034082e+07
6.244106807710266113e+07
6.244331366078868508e+07
6.244509798562023044e+07
6.244593156694863737e+07
6.244558719636136293e+07
6.244435746367823333e+07
6.244247505979915708e+07
6.244040822143030912e+07
6.243882573591638356e+07
6.243809208363345265e+07
6.243835748129759729e+07
6.243972017297385633e+07
6.244187821800325811e+07
6.244415815040857345e+07
6.244590278844753653e+07
6.244675443029569089e+07
6.244646987752911448e+07
6.244510629628324509e+07
6.244304621958460659e+07
6.244087641629379988e+07
6.243898747060138732e+07
6.243803953729873896e+07
6.243876503552175313e+07
6.243922970888693631e+07
6.244121053080648184e+07
6.244330403785937279e+07
6.244521835324288160e+07
6.244625372670840472e+07
6.244627689866817743e+07
6.244526473286341876e+07
6.244350178085970134e+07
6.244113864656539261e+07
6.243893727907618135e+07
6.243748993361277878e+07
6.243691897909145802e+07
6.243761943982235342e+07
6.243951283691168576e+07
6.244171112352823466e+07
6.244392216115244478e+07
6.244550998984017968e+07
6.244610495574879646e+07
6.244550414194875211e+07
6.244425781032527238e+07
6.244262218547291309e+07
6.244097710063959658e+07
6.243982921037957072e+07
6.243965232446237653e+07
6.244034832659753412e+07
6.244182226927992702e+07
6.244369954901012033e+07
6.244552693237289786e+07
6.244677565388807654e+07
6.244709948903126270e+07
6.244633685675988346e+07
6.244466282564487308e+07
6.244231684223031998e+07
6.243993757201692462e+07
6.243790370675863326e+07
6.243663325925544649e+07
6.243657972723803669e+07
6.243775802208744735e+07
6.243975676461823285e+07
6.244192015573021024e+07
6.244377987191872299e+07
6.244504277159924060e+07
6.244537676793003082e+07
6.244497861806209385e+07
6.244394437305252254e+07
6.244272057586468756e+07
6.244168712913783640e+07
6.244204300042702258e+07
6.244162381302608550e+07
6.244283202587474883e+07
6.244429740202181786e+07
6.244607115638273954e+07
6.244732880752658099e+07
6.244793375605230033e+07
6.244753227715141326e+07
6.244615626087385416e+07
6.244393797221617401e+07
6.244152289978842437e+07
6.243928011525789648e+07
6.243747723001855612e+07
6.243646185010633618e+07
6.243659016059271246e+07
6.243763361985977739e+07
6.243926607454486936e+07
6.244108158252887428e+07
6.244270582783316821e+07
6.244370248593752831e+07
6.244399522752052546e+07
6.244372955866172165e+07
6.244310254974537343e+07
6.244247101011455804e+07
6.244230551399172097e+07
6.244256539383019507e+07
6.244325641672018915e+07
6.244434232058924437e+07
6.244572849566237628e+07
6.244694677117545158e+07
6.244769172109567374e+07
6.244766755026129633e+07
6.244677738896058500e+07
6.244515550882703811e+07
6.244312877208770066e+07
6.244095847289349139e+07
6.243895611179549247e+07
6.243747522484447807e+07
6.243687877908520401e+07
6.243713486705361307e+07
6.243803375588389486e+07
6.243924279547400773e+07
6.244059401362695545e+07
6.244179752198859304e+07
6.244271993243044615e+07
6.244320616746433079e+07
6.244335107765305042e+07
6.244325456543669850e+07
6.244339887963455915e+07
6.244367225439421833e+07
6.244405301102723926e+07
6.244477446865721792e+07
6.244573525636745244e+07
6.244667140134626627e+07
6.244725539365189523e+07
6.244735726681112498e+07
6.244693374500039965e+07
6.244590803697863966e+07
6.244444007873684168e+07
6.244278128673363477e+07
6.244083283977007866e+07
6.243926774128331244e+07
6.243810913341981918e+07
6.243757664935539663e+07
6.243750273431646824e+07
6.243798474615122378e+07
6.243869881715122610e+07
6.243956424495844543e+07
6.244057454975877702e+07
6.244138211858820915e+07
6.244191786496553570e+07
6.244234490852775425e+07
6.244278089066346735e+07
6.244327821178335696e+07
6.244377157764177024e+07
6.244439037548314780e+07
6.244507836238192022e+07
6.244585070942986012e+07
6.244647815257578343e+07
6.244676418004635721e+07
6.244662770077718794e+07
6.244615354982607067e+07
6.244529957427878678e+07
6.244417661731857806e+07
6.244278007280660421e+07
6.244137618513055891e+07
6.243997277280332148e+07
6.243890415247000754e+07
6.243811924496318400e+07
6.243781207953778654e+07
6.243784605286195129e+07
6.243838024134185165e+07
6.243912760762909800e+07
6.244018193083305657e+07
6.244097608700642735e+07
6.244211681993065774e+07
