7.133318436072760820e+07
7.133410564483213425e+07
7.133444503319935501e+07
7.133478286107631028e+07
7.133502103462101519e+07
7.133539577462516725e+07
7.133569538855560124e+07
7.133600449659603834e+07
7.133625396348232031e+07
7.133634842305120826e+07
7.133620701267063618e+07
7.133577537147600949e+07
7.133519574568717182e+07
7.133456599109096825e+07
7.133368203859546781e+07
7.133281223188769817e+07
7.133181917820447683e+07
7.133073153855837882e+07
7.132969296089422703e+07
7.132898424513471127e+07
7.132862229911746085e+07
7.132875019975347817e+07
7.132928419727881253e+07
7.133019173094581068e+07
7.133133748746752739e+07
7.133257657331486046e+07
7.133352634409698844e+07
7.133424062036262453e+07
7.133471310779933631e+07
7.133490323553518951e+07
7.133500470392729342e+07
7.133519728714421391e+07
7.133546394108365476e+07
7.133577864907544851e+07
7.133613294661116600e+07
7.133638977431403100e+07
7.133648823448786139e+07
7.133640717430654168e+07
7.133610392785251141e+07
7.133554573826833069e+07
7.133467744003579021e+07
7.133358565715852380e+07
7.133246362474872172e+07
7.133148156037740409e+07
7.133075143426737189e+07
7.133079938298207521e+07
7.133196495795983076e+07
7.133387324356822670e+07
7.133611137772174180e+07
7.133884643872626126e+07
7.134144400961928070e+07
7.134355551424264908e+07
7.134465232219150662e+07
7.134443208030591905e+07
7.134387520997345448e+07
7.134345547750025988e+07
7.134334964707364142e+07
7.134346916008022428e+07
7.134369077461989224e+07
7.134397427207809687e+07
7.134450909002077579e+07
7.134530246678985655e+07
7.134597121686147153e+07
7.134612564035813510e+07
7.134544393542774022e+07
7.134369904467616975e+07
7.134146698047874868e+07
7.133947980685211718e+07
7.133805357328784466e+07
7.133759634560699761e+07
7.133814674662008882e+07
7.133895759541909397e+07
7.133991744013182819e+07
7.134091637422057986e+07
7.134168764433781803e+07
7.134222929402568936e+07
7.134264924868121743e+07
7.134274565659023821e+07
7.134257416896004975e+07
7.134243599165950716e+07
7.134229303826554120e+07
7.134232285306109488e+07
7.134275542369049788e+07
7.134378478090700507e+07
7.134521492642711103e+07
7.134680144048441947e+07
7.134829381879279017e+07
7.134903882344786823e+07
7.134887426854629815e+07
7.134773492990517616e+07
7.134575971159371734e+07
7.134313519402015209e+07
7.134033855485734344e+07
7.133817039837345481e+07
7.133693757568907738e+07
7.133639602767510712e+07
7.133673357704374194e+07
7.133769299260886014e+07
7.133892962250144780e+07
7.134017911192874610e+07
7.134100756378114223e+07
7.134122156240671873e+07
7.134095667993879318e+07
7.134046762462097406e+07
7.133976767924703658e+07
7.133927804108816385e+07
7.133945950684539974e+07
7.134032562914782763e+07
7.134164343898609281e+07
7.134300020979931951e+07
7.134409142226654291e+07
7.134455913489596546e+07
7.134416759307323396e+07
7.134276001786386967e+07
7.134053082079672813e+07
7.133779920308876038e+07
7.133505732783880830e+07
7.133281953428539634e+07
7.133140716549476981e+07
7.133108800294059515e+07
7.133178248753337562e+07
7.133331552376012504e+07
7.133525521803717315e+07
7.133713683107614517e+07
7.133857191351407766e+07
7.133907510328769684e+07
7.133857412717357278e+07
7.133731441207134724e+07
7.133584205811640620e+07
7.133468249358519912e+07
7.133453310975919664e+07
7.133548630508647859e+07
7.133745690970948339e+07
7.134004271037125587e+07
7.134260639123132825e+07
7.134466834675315022e+07
7.134563430411860347e+07
7.134512533117964864e+07
7.134331110527700186e+07
7.134084191531942785e+07
7.133809654814036191e+07
7.133534367021177709e+07
7.133341065223266184e+07
7.133240026917983592e+07
7.133238402236352861e+07
7.133328850146345794e+07
7.133476935365281999e+07
7.133641469739560783e+07
7.133788033333705366e+07
7.133872473601123691e+07
7.133869020958641171e+07
7.133808864560192823e+07
7.133737015450567007e+07
7.133679130058555305e+07
7.133657152368958294e+07
7.133662961456283927e+07
7.133706005035556853e+07
7.133795536332879961e+07
7.133929595440278947e+07
7.134064899199254811e+07
7.134171854154279828e+07
7.134209599409496784e+07
7.134182883675196767e+07
7.134096343795695901e+07
7.133981874937339127e+07
7.133835715349416435e+07
7.133669982232013345e+07
7.133542894778025150e+07
7.133488330014109612e+07
7.133517619054985046e+07
7.133628771408824623e+07
7.133794970831224322e+07
7.133955108908481896e+07
7.134057154937486351e+07
7.134053228761653602e+07
7.133955979318049550e+07
7.133790717109119892e+07
7.133585329648266733e+07
7.133401885603825748e+07
7.133290177159979939e+07
7.133281578993828595e+07
7.133387693470807374e+07
7.133595333674722910e+07
7.133846956868460774e+07
7.134088290846893191e+07
7.134259041355638206e+07
7.134307360309052467e+07
7.134218278964351118e+07
7.134022614832277596e+07
7.133777266431432962e+07
7.133532417723454535e+07
7.133329990106223524e+07
7.133207327208966017e+07
7.133214106565524638e+07
7.133306867302809656e+07
7.133468955673941970e+07
7.133639772583404183e+07
7.133780374357400835e+07
7.133832896088506281e+07
7.133812011329261959e+07
7.133717140647239983e+07
7.133583948363727331e+07
7.133472346979857981e+07
7.133354330406163633e+07
7.133270953426007926e+07
7.133273940089429915e+07
7.133385267147453129e+07
7.133559470407634974e+07
7.133766354470866919e+07
7.133939304212513566e+07
7.134052433246064186e+07
7.134076129251508415e+07
7.134014901773309708e+07
7.133897315766051412e+07
7.133751225094617903e+07
7.133617220705525577e+07
7.133518569158549607e+07
7.133493721282833815e+07
7.133542665479531884e+07
7.133628117191338539e+07
7.133745633793185651e+07
7.133847449188780785e+07
7.133901813879458606e+07
7.133876728889565170e+07
7.133792403766921163e+07
7.133644210033732653e+07
7.133481040593416989e+07
7.133309973494938016e+07
7.133159494831471145e+07
7.133064927721692622e+07
7.133063712778459489e+07
7.133121997855125368e+07
7.133221621721015871e+07
7.133348066461041570e+07
7.133466967758704722e+07
7.133531515227909386e+07
7.133548280305001140e+07
7.133486242327304184e+07
7.133404083644308150e+07
7.133283480905288458e+07
7.133507912462112308e+07
7.133157709450331330e+07
7.133288133203138411e+07
7.133351145490615070e+07
7.133526549117819965e+07
7.133640705979548395e+07
7.133773935435530543e+07
7.133809745724594593e+07
7.133798612336628139e+07
7.133682329369762540e+07
7.133568593427042663e+07
7.133414151539966464e+07
7.133274448328520358e+07
7.133127258358962834e+07
7.133047029174374044e+07
7.133014523279549181e+07
7.133047812201325595e+07
7.133107862321579456e+07
7.133198148554317653e+07
7.133257310744287074e+07
7.133308493707151711e+07
7.133316963253816962e+07
7.133291524001458287e+07
7.133242374609622359e+07
7.133208191293750703e+07
7.133197708357761800e+07
7.133237580220137537e+07
7.133318285042189062e+07
7.133443159466679394e+07
7.133583128626501560e+07
7.133701919984036684e+07
7.133765675271697342e+07
7.133780861464466155e+07
7.133742610368743539e+07
7.133669832443003356e+07
7.133563190560576320e+07
7.133449681882771850e+07
7.133358564425888658e+07
7.133306984695388377e+07
7.133284272569146752e+07
7.133291685362353921e+07
7.133321871130317450e+07
7.133373995654498041e+07
7.133434402197830379e+07
7.133486696061192453e+07
7.133512441476070881e+07
7.133524681462946534e+07
7.133529472810007632e+07
7.133557498178634048e+07
7.133601361651197076e+07
7.133643213555449247e+07
7.133731201376397908e+07
7.133859257878616452e+07
7.133999455327968299e+07
7.134135111442288756e+07
7.134227326652081311e+07
7.134253752176238596e+07
7.134220845248207450e+07
7.134150091210974753e+07
7.134055525414408743e+07
7.133951874920400977e+07
7.133862447308194637e+07
7.133771129359818995e+07
7.133688905016325414e+07
7.133604983047991991e+07
7.133552055099426210e+07
7.133509274205480516e+07
7.133513248345990479e+07
7.133529380513876677e+07
7.133553969946268201e+07
7.133585346418812871e+07
7.133630475520102680e+07
7.133677748947766423e+07
7.133742335218355060e+07
7.133798811398832500e+07
7.133860567563186586e+07
7.133925310831634700e+07
7.134018604079563916e+07
7.134089769069960713e+07
7.134148967120240629e+07
7.134176106514306366e+07
7.134202484304866195e+07
7.134196848005338013e+07
7.134185079855664074e+07
7.134130187017746270e+07
7.134069557999953628e+07
7.133970942238900065e+07
7.133903942268536985e+07
7.133839403100584447e+07
7.133809511978514493e+07
7.133731588234937191e+07
7.133715128633084893e+07
7.133684158667352796e+07
7.133735545898665488e+07
7.133715237214039266e+07
7.133829638202787936e+07
