6.978504524764049798e+06
6.979445794098647311e+06
6.979798282609657384e+06
6.980200209093241021e+06
6.980368208065362647e+06
6.980803386130131781e+06
6.981127894142095931e+06
6.981242830907096155e+06
6.981202759993729182e+06
6.980986553215976804e+06
6.980517256399184465e+06
6.979716817960773595e+06
6.978491519531864673e+06
6.977351874356463552e+06
6.976164635076828301e+06
6.974902708471585996e+06
6.973859148831703700e+06
6.973111900954403915e+06
6.972681765551994555e+06
6.972847495886065997e+06
6.973661166219302453e+06
6.974668149722833186e+06
6.975862011852364056e+06
6.977261923982125707e+06
6.978549203887103125e+06
6.979549195421596058e+06
6.980149267964031547e+06
6.980564934742929414e+06
6.980748475163662806e+06
6.980656559151793830e+06
6.980657953783486970e+06
6.980745777935207821e+06
6.980778672150457278e+06
6.980881890661385842e+06
6.981030973036671989e+06
6.980761439411585219e+06
6.980080698803170584e+06
6.979271007127003744e+06
6.978127080175995827e+06
6.976601884769219905e+06
6.974943276600647718e+06
6.973540773013139144e+06
6.972482233079392463e+06
6.971932374170427211e+06
6.972253584669386037e+06
6.973065842825739644e+06
6.974395164984565228e+06
6.976206972221372649e+06
6.977997527836794034e+06
6.979443211895291694e+06
6.980543357578364201e+06
6.980992063886828721e+06
6.980973900481686927e+06
6.980770972897117026e+06
6.980316499310772866e+06
6.979950071846430190e+06
6.979918304875480011e+06
6.980108909009693190e+06
6.980618165990986861e+06
6.981132552815812640e+06
6.981087129545747302e+06
6.980719466433278285e+06
6.980034194853036664e+06
6.978579480683909729e+06
6.976675724327495322e+06
6.974650568296940997e+06
6.972697110274758190e+06
6.971366357098600827e+06
6.970939776419335976e+06
6.971264850916456431e+06
6.972500355770588852e+06
6.974452913998859935e+06
6.976689499899067916e+06
6.978789442127572373e+06
6.980262408298436552e+06
6.981148716485069133e+06
6.981332553372299299e+06
6.980866714476833120e+06
6.980128409100545570e+06
6.979358931373191066e+06
6.978946188167300075e+06
6.978993471295796335e+06
6.979613781355868094e+06
6.980541565252900124e+06
6.981328077988471836e+06
6.981712226736938581e+06
6.981595657431644388e+06
6.980637139682569541e+06
6.978832350655714050e+06
6.976466934798128903e+06
6.973998343570617959e+06
6.971733504888337106e+06
6.970420082370865159e+06
6.970135157166151330e+06
6.970873128044757992e+06
6.972677716367029585e+06
6.975120955266109668e+06
6.977582806944438256e+06
6.979508769059933722e+06
6.980819939582848921e+06
6.981359808752791025e+06
6.980938816496433690e+06
6.979969156172083691e+06
6.978778342048828490e+06
6.977880295350264758e+06
6.977575748409356922e+06
6.978169061090261675e+06
6.979310939619542100e+06
6.980644130148440599e+06
6.981926563933036290e+06
6.982712189548661932e+06
6.982493807038448751e+06
6.981158397466790862e+06
6.978983114835853688e+06
6.976275738637705334e+06
6.973465267177568749e+06
6.971413719030557200e+06
6.970406779285260476e+06
6.970433597083977424e+06
6.971695408228639513e+06
6.973978729152032174e+06
6.976611159295168705e+06
6.979011109823103994e+06
6.980880545083349571e+06
6.981728053621963598e+06
6.981461933072349057e+06
6.980397585868711583e+06
6.978889248519951478e+06
6.977340588771313429e+06
6.976386727160487324e+06
6.976413131020535715e+06
6.977385761776981875e+06
6.978928296248645522e+06
6.980775242397790775e+06
6.982451784013136290e+06
6.983289711319440976e+06
6.982838893501708284e+06
6.981259654880532064e+06
6.978795991856153123e+06
6.975807226796192117e+06
6.973196100542321801e+06
6.971447635003192350e+06
6.970812237995461561e+06
6.971420347360664047e+06
6.973346893167392351e+06
6.975905843075032346e+06
6.978457579442097805e+06
6.980629830788724124e+06
6.981885753563605249e+06
6.981903796662078239e+06
6.980947551494358107e+06
6.979258085810344666e+06
6.977247762309198268e+06
6.975582891996845603e+06
6.975056066202550195e+06
6.975467676604156382e+06
6.976664145582304336e+06
6.978785369443080388e+06
6.981234481664120220e+06
6.982941492363003083e+06
6.983494606515969150e+06
6.982923976293493994e+06
6.981204910246671177e+06
6.978624482656992972e+06
6.975902695527704433e+06
6.973631241908261552e+06
6.972347349673320539e+06
6.972182578290380538e+06
6.973432800609835424e+06
6.975638951725444756e+06
6.977986026233199984e+06
6.980426180707700551e+06
6.982104927083959803e+06
6.982452320741888136e+06
6.981716955423071980e+06
6.980133552387531847e+06
6.977845437601756305e+06
6.975701781668530777e+06
6.974308924884284846e+06
6.973819821664150804e+06
6.974489677024228498e+06
6.976251117864363827e+06
6.978814063291920349e+06
6.981280040350633673e+06
6.982901184864765964e+06
6.983349663431238383e+06
6.982668227098520845e+06
6.980861672445503995e+06
6.978580507172822021e+06
6.976341087215231732e+06
6.974581603279975243e+06
6.973895376707996242e+06
6.974902693927667104e+06
6.975976297412683256e+06
6.978338638116471469e+06
6.980653655559324659e+06
6.982478135963371024e+06
6.983215920738594607e+06
6.982811195448564366e+06
6.981310576823188923e+06
6.979129958352753893e+06
6.976449649846753106e+06
6.974266346113681793e+06
6.973108014729484916e+06
6.972947916830087081e+06
6.973960209253045730e+06
6.976270519527929835e+06
6.978837951323182322e+06
6.981093531667300500e+06
6.982567756150469184e+06
6.982693730340905488e+06
6.981624740077920258e+06
6.980017849403266795e+06
6.978090819094373845e+06
6.976299828323722817e+06
6.975434751892932691e+06
6.975576502396110445e+06
6.976610844841566868e+06
6.978372067420336418e+06
6.980422919847748242e+06
6.982395917259432375e+06
6.983508591903513297e+06
6.983519726832412183e+06
6.982357515600565821e+06
6.980265730167451315e+06
6.977552336862526834e+06
6.975006203682512045e+06
6.972984670229280367e+06
6.971992369999395683e+06
6.972209034337141551e+06
6.973661994610003196e+06
6.975917938891788013e+06
6.978341733738724142e+06
6.980252901978058740e+06
6.981440328740470111e+06
6.981411209599548951e+06
6.980712381680812687e+06
6.979463312494006008e+06
6.978096401567178778e+06
6.976893027579795569e+06
6.977907255536722019e+06
6.977296593341371976e+06
6.978915580979684368e+06
6.980560204853712581e+06
6.982556925625483505e+06
6.983885630429857410e+06
6.984423829424212687e+06
6.983641861904953606e+06
6.981909947549807839e+06
6.979291090533107519e+06
6.976728678811534308e+06
6.974464195633433759e+06
6.972746069162367843e+06
6.972044834898038767e+06
6.972627001262594946e+06
6.973960926132001914e+06
6.975833387804253958e+06
6.977913787249586545e+06
6.979640071746301837e+06
6.980474005159141496e+06
6.980506880976223387e+06
6.980005818198845722e+06
6.979143003197018988e+06
6.978205053713412024e+06
6.978035003878319636e+06
6.978508168231343850e+06
6.979377458681930788e+06
6.980701493521028198e+06
6.982249184524455108e+06
6.983497748591842130e+06
6.984374127350218594e+06
6.984250901044971310e+06
6.982999411994726397e+06
6.981129102277941070e+06
6.978888963793285191e+06
6.976476332364928909e+06
6.974421901645777747e+06
6.972937023953171447e+06
6.972561104806376621e+06
6.973115550164534710e+06
6.974220219746640883e+06
6.975635364351450466e+06
6.977195813951402903e+06
6.978446521216354333e+06
6.979274843457438052e+06
6.979528300417577848e+06
6.979351205836891197e+06
6.979149920852479525e+06
6.979125896703225560e+06
6.979354106365234591e+06
6.979934794265637174e+06
6.980791212579914369e+06
6.981926875087362714e+06
6.982981595189603977e+06
6.983764434565320611e+06
6.983950814482626505e+06
6.983388463427798823e+06
6.981962850509613752e+06
6.980261100189039484e+06
6.978501819974648766e+06
6.976491886047646403e+06
6.974768104191117920e+06
6.973736479103639722e+06
6.973284129570411518e+06
6.973336510503037833e+06
6.973971467252740636e+06
6.974957295777028427e+06
6.976075708863392472e+06
6.977210320217847824e+06
6.978099549489908852e+06
6.978495520234855823e+06
6.978869612839268520e+06
6.979269601143634878e+06
6.979722478009514511e+06
6.980114936432481743e+06
6.980732440424905159e+06
6.981418350809992291e+06
6.982170847139931284e+06
6.982806142204249278e+06
6.983014185288454406e+06
6.982860435379906558e+06
6.982288598286063410e+06
6.981233056566761807e+06
6.979921395907177590e+06
6.978347786221048795e+06
6.976849321849563159e+06
6.975410383574998938e+06
6.974336507659545168e+06
6.973533364779419266e+06
6.973359425736183301e+06
6.973495281334207393e+06
6.974226161565211602e+06
6.975162400114720687e+06
6.976394228113939054e+06
6.977175514247358777e+06
6.978375467510486953e+06
