5.718649872574578039e+06
5.720763863609745167e+06
5.720710137532839552e+06
5.721368150014908053e+06
5.721432101284461096e+06
5.722012074877545238e+06
5.722310626636648551e+06
5.722729826379287988e+06
5.722828767904997803e+06
5.722933879129005596e+06
5.722682842200899497e+06
5.722305682634273544e+06
5.721489619807999581e+06
5.720761078682632186e+06
5.719869425597073510e+06
5.719005759700132534e+06
5.718218140482676215e+06
5.717725593656862155e+06
5.717407633162843995e+06
5.717623115442248061e+06
5.718309789038521238e+06
5.719275264626639895e+06
5.720365127024663612e+06
5.721637391795759089e+06
5.722815190238758922e+06
5.723795592870662920e+06
5.724373001135776751e+06
5.724849819943111390e+06
5.725054955223487690e+06
5.725130313841211610e+06
5.725209999770320952e+06
5.725370744508592412e+06
5.725546915863261558e+06
5.725814439297789708e+06
5.726071336772255599e+06
5.726035210661198944e+06
5.725644746394475922e+06
5.725128734841684811e+06
5.724310462363811210e+06
5.723193365304844454e+06
5.721916187235124409e+06
5.720805297907754779e+06
5.719935600959644653e+06
5.719521227262926288e+06
5.719782737484788522e+06
5.720494645268628374e+06
5.721640433493169025e+06
5.723140824884410016e+06
5.724638274951664731e+06
5.725924787256809883e+06
5.726878217078124173e+06
5.727375220195968635e+06
5.727462265155373141e+06
5.727380959881854244e+06
5.727100527826209553e+06
5.726891236514708959e+06
5.726906630455382168e+06
5.727151377583151683e+06
5.727626124258812517e+06
5.728110590303692967e+06
5.728222555282488465e+06
5.728082214071874507e+06
5.727604056001009420e+06
5.726575038602120243e+06
5.725132811336074024e+06
5.723547665813005529e+06
5.721926483368889429e+06
5.720802883065784350e+06
5.720397559671736322e+06
5.720643123660841957e+06
5.721574382556536235e+06
5.723089359269895591e+06
5.724878577695691027e+06
5.726533127470448613e+06
5.727719834099239670e+06
5.728438480332658626e+06
5.728597732320861891e+06
5.728273354935899377e+06
5.727727879478233866e+06
5.727132797839313745e+06
5.726784613027979620e+06
5.726794910763856955e+06
5.727272702970111743e+06
5.727983469012267888e+06
5.728636031886064447e+06
5.728977294109254144e+06
5.728939421088465489e+06
5.728205059869989753e+06
5.726808540434158407e+06
5.724948087569279596e+06
5.722966139021792449e+06
5.721144889532875270e+06
5.720000398660988547e+06
5.719659871025436558e+06
5.720111314308582805e+06
5.721324017700263299e+06
5.723138759839276783e+06
5.725025362010160461e+06
5.726520407558172941e+06
5.727520398008153774e+06
5.727899059986056760e+06
5.727559096308117732e+06
5.726720488848484121e+06
5.725704954052926041e+06
5.724914671510463580e+06
5.724572440236301161e+06
5.724935831093659624e+06
5.725742368200043216e+06
5.726697053163966164e+06
5.727681097717652097e+06
5.728285584250085056e+06
5.728137934926202521e+06
5.727136217307092622e+06
5.725390398686633445e+06
5.723230755731117912e+06
5.720939110319076106e+06
5.719188003337513655e+06
5.718222312671789899e+06
5.718081346035764553e+06
5.718963285900374874e+06
5.720602897471048869e+06
5.722561117612523027e+06
5.724351272882755846e+06
5.725737425489135087e+06
5.726330213704641908e+06
5.726036289700117894e+06
5.725108501470616087e+06
5.723838088918793015e+06
5.722527045204023831e+06
5.721640875865357928e+06
5.721567306707850657e+06
5.722210755076444708e+06
5.723336355341408402e+06
5.724742099781725556e+06
5.726094782474352047e+06
5.726753417556284927e+06
5.726453197882832028e+06
5.725148699028048664e+06
5.723195372437766753e+06
5.720762646459832788e+06
5.718586771897272207e+06
5.716962552783388644e+06
5.716222756003137678e+06
5.716481948480899446e+06
5.717817526421890594e+06
5.719704582118945196e+06
5.721632887457201257e+06
5.723296762682732195e+06
5.724256394214545377e+06
5.724228092219837941e+06
5.723381269527055323e+06
5.721994640465679578e+06
5.720359985481010750e+06
5.718974698758140206e+06
5.718401386550737545e+06
5.718596290776255541e+06
5.719442627628933638e+06
5.721014998026856221e+06
5.722869978210021742e+06
5.724215166316973977e+06
5.724701865207696334e+06
5.724216865994644351e+06
5.722804342997505330e+06
5.720681221202112734e+06
5.718460197374034673e+06
5.716516429482745938e+06
5.715292773051377386e+06
5.714941053982354701e+06
5.715757234294030815e+06
5.717333629204841331e+06
5.719136802457580343e+06
5.720990692572655156e+06
5.722316641342399642e+06
5.722658151848947629e+06
5.722081920862739906e+06
5.720765528761500493e+06
5.718954147978665307e+06
5.717099381093386561e+06
5.715894404735524207e+06
5.715368583851790056e+06
5.715778953654844314e+06
5.717015399987692945e+06
5.718952873301411048e+06
5.720790486991901882e+06
5.722156838774150237e+06
5.722563470840769820e+06
5.722086447344614193e+06
5.720625626460977830e+06
5.718786113237632439e+06
5.716851451428841799e+06
5.715423624345073476e+06
5.714564743279780261e+06
5.714796596729735844e+06
5.716075343980455771e+06
5.717609479498769157e+06
5.719462191822014749e+06
5.720933179717040621e+06
5.721606989970790222e+06
5.721347438918394037e+06
5.720204928254953586e+06
5.718461043712791987e+06
5.716329345142877661e+06
5.714517718272785656e+06
5.713419484874079004e+06
5.713101526479614899e+06
5.713725616079949774e+06
5.715410839299412444e+06
5.717328741272975691e+06
5.719131581779872999e+06
5.720313015348735265e+06
5.720549646905116737e+06
5.719746843351611868e+06
5.718537406438168138e+06
5.717022933999520727e+06
5.715574941655409522e+06
5.714611740386486053e+06
5.714589255907076411e+06
5.715253338745037094e+06
5.716525343745193444e+06
5.718052284972303547e+06
5.719609634193291888e+06
5.720495771829537116e+06
5.720590476049052551e+06
5.719725439874003641e+06
5.718173136062470265e+06
5.716026060248668306e+06
5.714011429825116880e+06
5.712279728720441461e+06
5.711356755643854849e+06
5.711249532373990864e+06
5.712293799183228984e+06
5.713833180713603273e+06
5.715687934360129759e+06
5.717118589589786716e+06
5.718228590211833827e+06
5.718190821356743574e+06
5.717884552098523825e+06
5.716695102325644344e+06
5.715878131282547489e+06
5.714374094089559279e+06
5.712516380675829016e+06
5.715128881557159126e+06
5.715417170257126912e+06
5.717009526094389148e+06
5.718127937003037892e+06
5.719329334307863377e+06
5.719558515845114365e+06
5.719220140652746893e+06
5.717803613328499720e+06
5.715937831094778143e+06
5.713787863804123364e+06
5.712043775612218305e+06
5.710462305536746047e+06
5.709789765434116125e+06
5.709980654256199487e+06
5.710988252135134302e+06
5.712272007355670445e+06
5.713844323713272810e+06
5.715043977817199193e+06
5.715771715757659636e+06
5.715781929495627061e+06
5.715458209702440538e+06
5.714772486036969349e+06
5.714086249020214193e+06
5.713817598698815331e+06
5.714096312195328064e+06
5.714575293280671351e+06
5.715498046241211705e+06
5.716616836709642783e+06
5.717611870630003512e+06
5.718205268797575496e+06
5.718107378916830756e+06
5.717164022802516818e+06
5.715760728390194476e+06
5.714001113462282345e+06
5.712128356933797710e+06
5.710404465283558704e+06
5.709147794971952215e+06
5.708698616820847616e+06
5.708980424168067053e+06
5.709691322075926699e+06
5.710683290755530819e+06
5.711816040088756010e+06
5.712730828257799149e+06
5.713363900528023019e+06
5.713570293339979835e+06
5.713422499114676379e+06
5.713246734391324222e+06
5.713193046570223756e+06
5.713318051425158978e+06
5.713677596034499817e+06
5.714274214385988191e+06
5.715106749142655171e+06
5.715861315849905834e+06
5.716395071996493265e+06
5.716511286707406864e+06
5.716065521100605838e+06
5.715001022864646278e+06
5.713679700322062708e+06
5.712224599076801911e+06
5.710606381992926821e+06
5.709196108507751487e+06
5.708308562916047871e+06
5.707823260417966172e+06
5.707776714306315407e+06
5.708160897489256226e+06
5.708853466352232732e+06
5.709610143511726521e+06
5.710489354508581571e+06
5.711110987968033180e+06
5.711456681055541150e+06
5.711705122508072294e+06
5.712021141947654076e+06
5.712266981810045429e+06
5.712565788841531612e+06
5.712920821828552522e+06
5.713405294847399928e+06
5.713871496592091396e+06
5.714368528465846553e+06
5.714507627137132920e+06
5.714437028332427144e+06
5.713948425503247418e+06
5.713237032585682347e+06
5.712161206523354165e+06
5.710990680903385393e+06
5.709643813917398453e+06
5.708527937593916431e+06
5.707478469574911520e+06
5.706911175350369886e+06
5.706500994997994974e+06
5.706670692118413746e+06
5.706929474846802652e+06
5.707829076316745020e+06
5.708421866311334074e+06
5.709468634904471226e+06
5.709671534591339529e+06
