8.755666977077884600e+06
8.754286776923261583e+06
8.755380000035474077e+06
8.755228165639139712e+06
8.755707529570037499e+06
8.755679139456499368e+06
8.756089055743331090e+06
8.756082776295868680e+06
8.756272820345290005e+06
8.756067760643778369e+06
8.756002273143701255e+06
8.755453227589661255e+06
8.754824986045157537e+06
8.753988842255333439e+06
8.753058444586541504e+06
8.752084698693525046e+06
8.751178929986093193e+06
8.750323087962845340e+06
8.749798932614291087e+06
8.749654011249374598e+06
8.750041785367691889e+06
8.750720985288497061e+06
8.751773804246136919e+06
8.752949003098903224e+06
8.754169950396252796e+06
8.755172188441123813e+06
8.755901329656235874e+06
8.756312688784655184e+06
8.756518446762528270e+06
8.756396460622688755e+06
8.756324601461131126e+06
8.756280193481560796e+06
8.756310888615699485e+06
8.756360501414710656e+06
8.756563996352128685e+06
8.756555074419118464e+06
8.756328457034032792e+06
8.755877442543329671e+06
8.755165754620036110e+06
8.754075370072493330e+06
8.752784985704809427e+06
8.751458602987462655e+06
8.750364595633815974e+06
8.749654725184768438e+06
8.749520692905129865e+06
8.749959038056781515e+06
8.750987035763151944e+06
8.752406540666328743e+06
8.753950861916141585e+06
8.755470090532582253e+06
8.756561030561435968e+06
8.757211612730581313e+06
8.757436308971488848e+06
8.757233473781926557e+06
8.756856607309347019e+06
8.756443048177141696e+06
8.756190945768764243e+06
8.756249823396760970e+06
8.756641918224312365e+06
8.757054645380863920e+06
8.757379970927113667e+06
8.757476694088444114e+06
8.757207327429523692e+06
8.756388911988733336e+06
8.755055136625805870e+06
8.753400396608512849e+06
8.751623500562096015e+06
8.750226908068515360e+06
8.749427766458472237e+06
8.749321761754659936e+06
8.750056308851797134e+06
8.751453757920840755e+06
8.753296612347627059e+06
8.755180891934210435e+06
8.756781191165801138e+06
8.757762551553554833e+06
8.758222902973374352e+06
8.758094026490394026e+06
8.757509587252205238e+06
8.756814601592671126e+06
8.756242618120413274e+06
8.756072518622353673e+06
8.756356958483131602e+06
8.757070095960400999e+06
8.757848675349185243e+06
8.758542493067832664e+06
8.758909823480054736e+06
8.758559097420426086e+06
8.757520738583393395e+06
8.755777224539842457e+06
8.753717819278202951e+06
8.751747407907534391e+06
8.750200701221274212e+06
8.749498355570845306e+06
8.749764613188525662e+06
8.750866259948739782e+06
8.752692595039671287e+06
8.754848092030629516e+06
8.756768630954945460e+06
8.758311237084001303e+06
8.759136206603491679e+06
8.759215442206749693e+06
8.758525202458739281e+06
8.757602120962930843e+06
8.756591707921426743e+06
8.756003332970652729e+06
8.756138024627193809e+06
8.756910032339945436e+06
8.757970693571049720e+06
8.759294160953229293e+06
8.760342898768380284e+06
8.760765087033698335e+06
8.760264209947554395e+06
8.758885574089357629e+06
8.756860730618681759e+06
8.754540690753612667e+06
8.752466129540413618e+06
8.751101008285621181e+06
8.750621914457216859e+06
8.751283644232546911e+06
8.752836767018513754e+06
8.755051591624848545e+06
8.757236513949830085e+06
8.759194988562021405e+06
8.760394274725753814e+06
8.760700437807355076e+06
8.760113559247424826e+06
8.758996172897471115e+06
8.757607810445616022e+06
8.756474136482700706e+06
8.756046472882624716e+06
8.756530234839219600e+06
8.757621025721963495e+06
8.759206485820442438e+06
8.760936333025187254e+06
8.762133091852707788e+06
8.762457745531974360e+06
8.761720137152133510e+06
8.760112075992187485e+06
8.757876281985128298e+06
8.755482737187521532e+06
8.753512138348614797e+06
8.752358380479495972e+06
8.752340142412150279e+06
8.753436953422578052e+06
8.755395112129928544e+06
8.757626860467527062e+06
8.759799458888731897e+06
8.761390760222911835e+06
8.762098747269488871e+06
8.761738527737349272e+06
8.760633463378518820e+06
8.759039082593042403e+06
8.757457556203294545e+06
8.756424660262379795e+06
8.756272174166887999e+06
8.756921361052617431e+06
8.758511308631673455e+06
8.760548926207233220e+06
8.762404483881622553e+06
8.763569762801419944e+06
8.763742055769747123e+06
8.762876036326993257e+06
8.761139244070965797e+06
8.758905686309434474e+06
8.756774923447789624e+06
8.754999847004784271e+06
8.754261150547606871e+06
8.754663103482253850e+06
8.756127557376798242e+06
8.758063794276582077e+06
8.760344779077460989e+06
8.762176382952123880e+06
8.763304229613356292e+06
8.763202018961317837e+06
8.762326092795068398e+06
8.760673863853298128e+06
8.758783811311451718e+06
8.757121803082495928e+06
8.756292270184285939e+06
8.756269633630936965e+06
8.757432406052766368e+06
8.759309525024365634e+06
8.761527209826784208e+06
8.763282565533902496e+06
8.764373363083468750e+06
8.764332071190102026e+06
8.763451501702861860e+06
8.761653062484381720e+06
8.759819251216689125e+06
8.757894402638161555e+06
8.756994490401010960e+06
8.757464783526921645e+06
8.757407922038123012e+06
8.759135549204658717e+06
8.761095130829624832e+06
8.763028105030152947e+06
8.764265113424597308e+06
8.764562478139109910e+06
8.763927629767760634e+06
8.762400771310485899e+06
8.760368053865224123e+06
8.758363233619101346e+06
8.756711446618141606e+06
8.755878715961074457e+06
8.756262821392619982e+06
8.757721808673445135e+06
8.759776013946568593e+06
8.761847016478281468e+06
8.763508488836124539e+06
8.764299223365340382e+06
8.764107475445257500e+06
8.763117550806920975e+06
8.761804398424761370e+06
8.760228486764175817e+06
8.759056091058420017e+06
8.758463278152883053e+06
8.758889559390572831e+06
8.760043473305229098e+06
8.761707750957680866e+06
8.763371746229011565e+06
8.764821197602620348e+06
8.765355078138252720e+06
8.765045007123112679e+06
8.763762020039035007e+06
8.761883510152703151e+06
8.759640674847098067e+06
8.757761917624482885e+06
8.756244893147308379e+06
8.755835044297587126e+06
8.756472053149823099e+06
8.758144994978850707e+06
8.759870544659771025e+06
8.761820459855632856e+06
8.763003605443013832e+06
8.763778617794744670e+06
8.763457016980294138e+06
8.762952302480181679e+06
8.761520621781133115e+06
8.761209936880121008e+06
8.761242656682034954e+06
8.760254679965777323e+06
8.761253831485031173e+06
8.762325853263510391e+06
8.763922579882016405e+06
8.765161124003317207e+06
8.766000919174099341e+06
8.765954173631055281e+06
8.765063664530728012e+06
8.763300447874572128e+06
8.761380447340199724e+06
8.759442974302971736e+06
8.757705815896265209e+06
8.756582132225474343e+06
8.756509431729575619e+06
8.757317462083766237e+06
8.758677120400870219e+06
8.760200921426326036e+06
8.761719619270868599e+06
8.762734010783042759e+06
8.763141183390390128e+06
8.763035474696928635e+06
8.762521676460180432e+06
8.761955212221257389e+06
8.761702567201897502e+06
8.761790484883116558e+06
8.762252957290342078e+06
8.763119453180160373e+06
8.764287609323572367e+06
8.765418046705622226e+06
8.766213045305797830e+06
8.766450421686585993e+06
8.765925731681257486e+06
8.764694817603589967e+06
8.763098858240980655e+06
8.761290156827608123e+06
8.759522971861828119e+06
8.758140895259901881e+06
8.757378642254373059e+06
8.757395913494678214e+06
8.758056160362044349e+06
8.758994928182834759e+06
8.760156511881144717e+06
8.761243431658472866e+06
8.762136624286627397e+06
8.762616065091252327e+06
8.762717212806485593e+06
8.762611290326420218e+06
8.762700191189859062e+06
8.762882946869222447e+06
8.763140529897905886e+06
8.763788522629091516e+06
8.764594131413459778e+06
8.765405000758696347e+06
8.766045535805596039e+06
8.766367870429078117e+06
8.766131911865513772e+06
8.765420233277937397e+06
8.764268648343706504e+06
8.762932950241001323e+06
8.761398256755542010e+06
8.760003884875731543e+06
8.758926221290417016e+06
8.758289715070256963e+06
8.758076588392522186e+06
8.758337055670082569e+06
8.758895010857265443e+06
8.759698806107236072e+06
8.760609637206315994e+06
8.761436113817695528e+06
8.762019637652119622e+06
8.762452103307360783e+06
8.762861402533438057e+06
8.763287655176559463e+06
8.763643253816030920e+06
8.764029395281413570e+06
8.764493585212921724e+06
8.765037745777936652e+06
8.765482633774386719e+06
8.765766072269165888e+06
8.765735213320774958e+06
8.765443463844576851e+06
8.764831899130897596e+06
8.763970174765262753e+06
8.762851065287372097e+06
8.761686922609526664e+06
8.760510412246573716e+06
8.759532398798426613e+06
8.758658701150994748e+06
8.758260492873540148e+06
8.758069452326033264e+06
8.758434836719421670e+06
8.758937903942881152e+06
8.759882138856844977e+06
8.760579199140571058e+06
8.761758208239989355e+06
