1.971194270334373042e+07
1.971368351081202179e+07
1.971437875235626847e+07
1.971526405551068485e+07
1.971548180677763745e+07
1.971591789473077655e+07
1.971593487521839887e+07
1.971583456570346281e+07
1.971539146650268510e+07
1.971486368788374215e+07
1.971410314027006552e+07
1.971384694244059175e+07
1.971320622886332124e+07
1.971221401686106622e+07
1.971080185998221114e+07
1.970917461357069761e+07
1.970783390276217461e+07
1.970679974132114276e+07
1.970611533960559219e+07
1.970606482408815995e+07
1.970662701797808707e+07
1.970735693428497016e+07
1.970826749584811181e+07
1.970943242636880651e+07
1.971056789814740047e+07
1.971144585182223842e+07
1.971192626772556826e+07
1.971227779301438481e+07
1.971235455674028024e+07
1.971224342691225559e+07
1.971221520578740910e+07
1.971226269845938310e+07
1.971232042839606106e+07
1.971246677921890095e+07
1.971260340788547695e+07
1.971237887262164056e+07
1.971173695318600163e+07
1.971096264324376360e+07
1.970988946690128371e+07
1.970845578804948926e+07
1.970689578182282299e+07
1.970559213515862450e+07
1.970460488338847831e+07
1.970412192757015675e+07
1.970448005665931106e+07
1.970534987067493424e+07
1.970671586598448828e+07
1.970857235945015773e+07
1.971034562655301020e+07
1.971177769787760079e+07
1.971291980286296830e+07
1.971341012581085041e+07
1.971341955947492644e+07
1.971330723936825618e+07
1.971296861450450122e+07
1.971275002161359042e+07
1.971284846524857730e+07
1.971314400589421764e+07
1.971370836764016002e+07
1.971423751886000857e+07
1.971417541894819587e+07
1.971384209273566306e+07
1.971316764051528648e+07
1.971178790303364769e+07
1.971001540639122576e+07
1.970809921330723166e+07
1.970627770568766445e+07
1.970511874117137492e+07
1.970481678712140769e+07
1.970526381555824727e+07
1.970659719738605618e+07
1.970860754907255247e+07
1.971098134768568352e+07
1.971316855506980047e+07
1.971472575407260656e+07
1.971579407716631517e+07
1.971610111889162287e+07
1.971581407931194827e+07
1.971525397468956560e+07
1.971468906540548056e+07
1.971447563284267113e+07
1.971470644723704085e+07
1.971546015342247114e+07
1.971640783247517422e+07
1.971715979800520465e+07
1.971750160533197597e+07
1.971733220814741775e+07
1.971638427323051915e+07
1.971460557795763016e+07
1.971229485698204115e+07
1.970987355799828097e+07
1.970771409811808169e+07
1.970648486545692012e+07
1.970628256968890503e+07
1.970700814898928627e+07
1.970877823290912807e+07
1.971120787607880309e+07
1.971362605206805095e+07
1.971545776534843445e+07
1.971665855805080011e+07
1.971717923479842767e+07
1.971685917443192005e+07
1.971597716633697227e+07
1.971486291141233593e+07
1.971409627476060763e+07
1.971391053342211992e+07
1.971455447361236811e+07
1.971574557326517627e+07
1.971714295211191103e+07
1.971850993004970625e+07
1.971939630719216168e+07
1.971925558526586741e+07
1.971801934252524748e+07
1.971594542664408311e+07
1.971336390649002790e+07
1.971075396035272628e+07
1.970890420513280109e+07
1.970798870496591181e+07
1.970814223811639845e+07
1.970949524042958394e+07
1.971183940816504136e+07
1.971446632996938005e+07
1.971682484266786277e+07
1.971854743728805333e+07
1.971935591418071836e+07
1.971906670966582000e+07
1.971806268709082901e+07
1.971659217056318000e+07
1.971516822561975941e+07
1.971432301795564964e+07
1.971449548780212179e+07
1.971552093981204927e+07
1.971711705711100623e+07
1.971900615249332041e+07
1.972072367947236076e+07
1.972161289381957427e+07
1.972127436567646265e+07
1.971992545039216802e+07
1.971764046890714392e+07
1.971470325830299780e+07
1.971206058512748033e+07
1.971028988161272183e+07
1.970956783850419894e+07
1.970988705259358510e+07
1.971134103088307753e+07
1.971350073256653547e+07
1.971561192898886278e+07
1.971730251377879828e+07
1.971818962495117635e+07
1.971788930679940060e+07
1.971647960817168653e+07
1.971440127423860133e+07
1.971211064516486228e+07
1.971018204123800620e+07
1.970926774462980032e+07
1.970929586029162258e+07
1.971017748183262348e+07
1.971215156590396911e+07
1.971460282578626275e+07
1.971620321997579560e+07
1.971648822539248690e+07
1.971569244749424979e+07
1.971378118262036890e+07
1.971116097237512097e+07
1.970843696967439726e+07
1.970624451760842279e+07
1.970506640134333447e+07
1.970497104952143878e+07
1.970632938467338309e+07
1.970849682724191993e+07
1.971081210124896839e+07
1.971316791001652554e+07
1.971483247192918137e+07
1.971515794949195161e+07
1.971447042401272431e+07
1.971292199936907738e+07
1.971063821171583980e+07
1.970853070063031092e+07
1.970729000469654053e+07
1.970700593899622932e+07
1.970782649451864883e+07
1.970960720658447593e+07
1.971225902009872720e+07
1.971488489377231896e+07
1.971667563122505322e+07
1.971731683529622480e+07
1.971676798362964019e+07
1.971508853929419816e+07
1.971292444368930534e+07
1.971077182939668745e+07
1.970909953936585039e+07
1.970855170873154327e+07
1.970931328794509172e+07
1.971086900769316778e+07
1.971312456963124126e+07
1.971560460822692513e+07
1.971766127685200796e+07
1.971855348917040974e+07
1.971807765724293515e+07
1.971670688386033475e+07
1.971465496424559876e+07
1.971194679456919432e+07
1.970977104970325530e+07
1.970879283860258758e+07
1.970895187524938583e+07
1.971035214066448808e+07
1.971290432991123199e+07
1.971562923049144819e+07
1.971797225173087418e+07
1.971930815147142485e+07
1.971916817473490909e+07
1.971781717939754575e+07
1.971603623435100168e+07
1.971405511143046618e+07
1.971180141437085345e+07
1.971034420574702322e+07
1.971020620966056734e+07
1.971099077871888876e+07
1.971249505500711128e+07
1.971459860445025563e+07
1.971665728327193484e+07
1.971767090026864409e+07
1.971728902195249125e+07
1.971574383855478093e+07
1.971343521074960008e+07
1.971037775654904544e+07
1.970743055682471022e+07
1.970505068628098816e+07
1.970393011140148714e+07
1.970408802272309363e+07
1.970555208404627070e+07
1.970767134233700112e+07
1.970996761351507902e+07
1.971188007175445557e+07
1.971306737085738406e+07
1.971310814804225415e+07
1.971263560772358254e+07
1.971148495074234903e+07
1.971037540577927977e+07
1.970920565093675256e+07
1.971175107923710346e+07
1.971004178961824626e+07
1.971221143346748874e+07
1.971377663105891272e+07
1.971593549086452276e+07
1.971723710040330514e+07
1.971786534692634270e+07
1.971685169028579444e+07
1.971515872178487107e+07
1.971245721599901468e+07
1.971000391037222371e+07
1.970773249358675629e+07
1.970593447252722457e+07
1.970499984712505341e+07
1.970540829003648087e+07
1.970642508162875101e+07
1.970811491582718864e+07
1.970991991842153296e+07
1.971143524024720863e+07
1.971220172980754822e+07
1.971224874533954635e+07
1.971200027677138522e+07
1.971154112297629192e+07
1.971081643180706725e+07
1.971095637712303177e+07
1.971162454667790607e+07
1.971239579499744996e+07
1.971363218704599142e+07
1.971513632242426649e+07
1.971631602937423438e+07
1.971725129718652368e+07
1.971720440193551779e+07
1.971638889193699881e+07
1.971506682319435477e+07
1.971305901023301482e+07
1.971073070586854219e+07
1.970862594040948898e+07
1.970709577546503395e+07
1.970668632118020579e+07
1.970714223347327858e+07
1.970805004252866283e+07
1.970942372281017900e+07
1.971099731526310369e+07
1.971225693291965500e+07
1.971323778434914351e+07
1.971373519357843325e+07
1.971359544539926574e+07
1.971337214497370645e+07
1.971320284198133275e+07
1.971332971334867552e+07
1.971377126137273386e+07
1.971451548705636337e+07
1.971545997032836452e+07
1.971634602055669948e+07
1.971694124551179633e+07
1.971700224400728568e+07
1.971634813335525244e+07
1.971494245633731410e+07
1.971329455901990458e+07
1.971156787736454979e+07
1.970950742146214098e+07
1.970770644778313488e+07
1.970655871461687610e+07
1.970597802187400684e+07
1.970593030051438883e+07
1.970654123424512893e+07
1.970745191652429476e+07
1.970855323506230116e+07
1.970967852318682149e+07
1.971061540213907138e+07
1.971114274574863166e+07
1.971190213924118876e+07
1.971246052672850341e+07
1.971296381169551611e+07
1.971345010181364417e+07
1.971427775606606528e+07
1.971514209595031291e+07
1.971597459187057614e+07
1.971673382382174581e+07
1.971722555445033684e+07
1.971717380640072003e+07
1.971656239139718562e+07
1.971530161570187658e+07
1.971378857167348638e+07
1.971203269762893394e+07
1.971050885223351792e+07
1.970906036030564457e+07
1.970815010802013800e+07
1.970765477024943009e+07
1.970801692058371380e+07
1.970839979337915778e+07
1.970958996131866798e+07
1.971042057895302773e+07
1.971180005423354357e+07
1.971224847949859872e+07
1.971365409361878410e+07
