1.477598670604250021e+07
1.477694274095113575e+07
1.477730391441279277e+07
1.477768369924571924e+07
1.477787655783206411e+07
1.477814226382577233e+07
1.477836860035432875e+07
1.477850644422378018e+07
1.477850822505700774e+07
1.477839063871403970e+07
1.477811070148820430e+07
1.477749619435878471e+07
1.477663629416160658e+07
1.477572500277560391e+07
1.477459381798136421e+07
1.477350450004833192e+07
1.477240058742069826e+07
1.477150425213389285e+07
1.477086732535491139e+07
1.477076813818802312e+07
1.477119185823184066e+07
1.477204567455706373e+07
1.477320873554383591e+07
1.477458546774772368e+07
1.477592573504705168e+07
1.477709629669028334e+07
1.477785544441703707e+07
1.477829904453481175e+07
1.477848172445846722e+07
1.477837083226286806e+07
1.477827241937274486e+07
1.477822504926445708e+07
1.477820528961901926e+07
1.477820473978115804e+07
1.477834349415566772e+07
1.477826309340591542e+07
1.477789357498507202e+07
1.477735409082582779e+07
1.477646011820327118e+07
1.477519778513376042e+07
1.477371270757444389e+07
1.477219733525641076e+07
1.477094309304567426e+07
1.477017605071921274e+07
1.477004821631463990e+07
1.477055872254975140e+07
1.477171246818108857e+07
1.477333983996195532e+07
1.477508117576501146e+07
1.477674290565264784e+07
1.477797356253763288e+07
1.477866641549188085e+07
1.477885989375268854e+07
1.477859846479488723e+07
1.477812241882357188e+07
1.477764488495570049e+07
1.477735166476859711e+07
1.477741220120751671e+07
1.477779347726818733e+07
1.477820409106947482e+07
1.477848321586213820e+07
1.477849105002203956e+07
1.477811349884809926e+07
1.477713229611971974e+07
1.477556044076392427e+07
1.477363020610689931e+07
1.477162796053009667e+07
1.477005465331118740e+07
1.476917139966313541e+07
1.476907845056847110e+07
1.476995262097977474e+07
1.477152544746187143e+07
1.477364743756441958e+07
1.477577330752277188e+07
1.477750437290442735e+07
1.477855091203222796e+07
1.477899192770814337e+07
1.477874541837021708e+07
1.477802530885658786e+07
1.477724675990473665e+07
1.477661822043656372e+07
1.477637299917061254e+07
1.477668975352457166e+07
1.477748388521287963e+07
1.477834308471347950e+07
1.477904242791715637e+07
1.477933129386058822e+07
1.477878916883907281e+07
1.477748749948681146e+07
1.477543693857491016e+07
1.477307557547659986e+07
1.477080210625087656e+07
1.476907495968049951e+07
1.476830527433225140e+07
1.476864473118079454e+07
1.476993282177111693e+07
1.477203611016746797e+07
1.477443249994020723e+07
1.477654481236227974e+07
1.477820455592074804e+07
1.477907109269733541e+07
1.477901845089927688e+07
1.477819148689267598e+07
1.477705586993847415e+07
1.477591122713220865e+07
1.477523258634215407e+07
1.477542317729693837e+07
1.477624656172566488e+07
1.477744970347488485e+07
1.477884447988597117e+07
1.477992780914979056e+07
1.478021417405440286e+07
1.477953297861013561e+07
1.477781481638767198e+07
1.477539789490784891e+07
1.477272018337652646e+07
1.477038547642854787e+07
1.476887012861594744e+07
1.476837427903930470e+07
1.476913713879003190e+07
1.477095290535140783e+07
1.477338581049924716e+07
1.477581681833921932e+07
1.477792054073809832e+07
1.477917291243075207e+07
1.477933687088468857e+07
1.477858174299433641e+07
1.477722786360997520e+07
1.477564954538311623e+07
1.477435609967451543e+07
1.477387313919265009e+07
1.477439829302377813e+07
1.477564801278091595e+07
1.477736994668788090e+07
1.477924947014375217e+07
1.478047285151215829e+07
1.478067589237139188e+07
1.477961220022888854e+07
1.477763437418995611e+07
1.477497172824368067e+07
1.477224103819008730e+07
1.477006848410691135e+07
1.476886165634805523e+07
1.476887814718503878e+07
1.477019842688515969e+07
1.477236678241961077e+07
1.477490329198466428e+07
1.477724811466029845e+07
1.477889288148281164e+07
1.477950114328957163e+07
1.477894292336685956e+07
1.477750829135021567e+07
1.477563263977622613e+07
1.477380100938815810e+07
1.477269466408199072e+07
1.477254765326947160e+07
1.477336564636296779e+07
1.477512669122207910e+07
1.477741547013342008e+07
1.477943430076250806e+07
1.478062582131975144e+07
1.478065819232205860e+07
1.477947833385121264e+07
1.477731105899113044e+07
1.477471798368953913e+07
1.477225781604741141e+07
1.477050679489593022e+07
1.476977809631337225e+07
1.477039257544938847e+07
1.477207340077123605e+07
1.477424730846937187e+07
1.477666959702985175e+07
1.477866377925564349e+07
1.477975232125976309e+07
1.477954833948740363e+07
1.477839029434641078e+07
1.477642898070433177e+07
1.477412842055786774e+07
1.477230870150026679e+07
1.477142408456923626e+07
1.477156489008801430e+07
1.477287707348174043e+07
1.477505259227423929e+07
1.477746089241635613e+07
1.477942367678032815e+07
1.478047579093788005e+07
1.478036376235721074e+07
1.477913022519930080e+07
1.477708911383728310e+07
1.477482499496750720e+07
1.477283489524477534e+07
1.477163663586503826e+07
1.477208910139523447e+07
1.477258773578980751e+07
1.477447475209687650e+07
1.477668510095307603e+07
1.477876867116956785e+07
1.478000165932171233e+07
1.478017952410552837e+07
1.477930223059716448e+07
1.477745751588580012e+07
1.477501344558768347e+07
1.477282183593500778e+07
1.477107791482790746e+07
1.477036334099925123e+07
1.477091128016260453e+07
1.477264928615007922e+07
1.477491105541648343e+07
1.477718503816957027e+07
1.477890122908771038e+07
1.477967856957511231e+07
1.477927219981992058e+07
1.477807737746942788e+07
1.477646996995038725e+07
1.477472423121168092e+07
1.477336444631000236e+07
1.477291569125350751e+07
1.477341513779236004e+07
1.477477785360618308e+07
1.477657783935754746e+07
1.477846248428818211e+07
1.477985635329172388e+07
1.478039676426703110e+07
1.477980615512151271e+07
1.477834450837392733e+07
1.477605377308805287e+07
1.477358717353639193e+07
1.477146553080459684e+07
1.477003180324381590e+07
1.476956586372967064e+07
1.477050345265593007e+07
1.477226571531736292e+07
1.477438893949001282e+07
1.477638524600665085e+07
1.477787904235071130e+07
1.477840985219764337e+07
1.477823360296911560e+07
1.477725368519982323e+07
1.477615422837902606e+07
1.477489405345184729e+07
1.477498444351688586e+07
1.477448758151901141e+07
1.477549054990789108e+07
1.477679071457361244e+07
1.477853575816252641e+07
1.477992316949121468e+07
1.478071779501633160e+07
1.478057720886038803e+07
1.477943400148466229e+07
1.477733757155053504e+07
1.477506806506046280e+07
1.477286719054375030e+07
1.477094467579205148e+07
1.476979837590811960e+07
1.476975662489226274e+07
1.477067415774903819e+07
1.477225573572669737e+07
1.477405143092498742e+07
1.477577653325719759e+07
1.477691114073532261e+07
1.477728919055533968e+07
1.477709434434726834e+07
1.477649664829222299e+07
1.477581545790280029e+07
1.477547472526409104e+07
1.477556776105536893e+07
1.477607066097609885e+07
1.477704034642039239e+07
1.477841492497112229e+07
1.477968278218658268e+07
1.478052316897850297e+07
1.478066709001141973e+07
1.477995439397396520e+07
1.477849450893619657e+07
1.477657486721083522e+07
1.477441363354028761e+07
1.477237579249823466e+07
1.477082839867917821e+07
1.477009005002079904e+07
1.477021391382222436e+07
1.477106109024329111e+07
1.477220463827599026e+07
1.477352493112752028e+07
1.477473461530355550e+07
1.477573184173345007e+07
1.477619297914927267e+07
1.477622286065593734e+07
1.477612639079593308e+07
1.477611360105861165e+07
1.477631231006423570e+07
1.477664347783266939e+07
1.477737590129176155e+07
1.477834380394899659e+07
1.477926485070188716e+07
1.478001350312784500e+07
1.478031365903013013e+07
1.477995737827953137e+07
1.477903999362441711e+07
1.477765937415191531e+07
1.477610019970880635e+07
1.477428809456549212e+07
1.477264862313729711e+07
1.477146527853035927e+07
1.477080973967989348e+07
1.477063468536724336e+07
1.477105904147771560e+07
1.477179264648001827e+07
1.477274563951772824e+07
1.477380533394484036e+07
1.477469223050076887e+07
1.477534645850787498e+07
1.477580613751066290e+07
1.477625910636101663e+07
1.477672410016512871e+07
1.477713816004566848e+07
1.477757797992607579e+07
1.477809529080067761e+07
1.477872666304631531e+07
1.477921758859939687e+07
1.477949125382539444e+07
1.477941108937170729e+07
1.477903800695648603e+07
1.477830209121653624e+07
1.477731175069963932e+07
1.477600785530720279e+07
1.477467533973387443e+07
1.477332451498014852e+07
1.477220119256533124e+07
1.477128066136724688e+07
1.477086091798530146e+07
1.477077470555685274e+07
1.477121280079497397e+07
1.477185125839868560e+07
1.477290099867792055e+07
1.477380032197894715e+07
1.477498261846736446e+07
