1.290126264865820855e+07
1.290216900287154689e+07
1.290248911379289441e+07
1.290288871803794429e+07
1.290309757469722256e+07
1.290349044471565634e+07
1.290381347198768333e+07
1.290395008325085044e+07
1.290390202731223032e+07
1.290371265198910795e+07
1.290325702113448828e+07
1.290250326420126855e+07
1.290137013985065930e+07
1.290027650487097166e+07
1.289911749844560772e+07
1.289792463297025114e+07
1.289692915770116821e+07
1.289617351138713956e+07
1.289579359966377914e+07
1.289591411377143115e+07
1.289665207198802382e+07
1.289760808687394485e+07
1.289872571681321040e+07
1.290006456452709995e+07
1.290132706973145530e+07
1.290230509812579863e+07
1.290291762063480727e+07
1.290333457269106805e+07
1.290344966894540004e+07
1.290335949110296741e+07
1.290336163286995888e+07
1.290338924868880212e+07
1.290343756675035693e+07
1.290354073421181552e+07
1.290366986450975575e+07
1.290340484418747202e+07
1.290275962269707955e+07
1.290197365050918609e+07
1.290088318336932361e+07
1.289945389684951119e+07
1.289786943437791243e+07
1.289647825769583136e+07
1.289542690860567987e+07
1.289490639346932061e+07
1.289520348111423664e+07
1.289596982267061993e+07
1.289724856552686729e+07
1.289893883782157488e+07
1.290063553952945210e+07
1.290203545574503951e+07
1.290307068127111159e+07
1.290353955704523437e+07
1.290358752282107435e+07
1.290336561735190265e+07
1.290295119823925011e+07
1.290258805492174439e+07
1.290256194629048370e+07
1.290277410246913135e+07
1.290325475354871154e+07
1.290369019998040423e+07
1.290365861398459040e+07
1.290333878758423589e+07
1.290262785429320857e+07
1.290127915476495586e+07
1.289951622468694858e+07
1.289758340102900751e+07
1.289568417536517419e+07
1.289440619802480005e+07
1.289400947465050407e+07
1.289431602405465953e+07
1.289549151220710389e+07
1.289730112581345998e+07
1.289943077734730393e+07
1.290139311404673569e+07
1.290276542350197025e+07
1.290362991128875688e+07
1.290379494031955674e+07
1.290340207088745199e+07
1.290273195468140766e+07
1.290206922936535440e+07
1.290170460059537552e+07
1.290174721298357472e+07
1.290232304082565941e+07
1.290313738471810892e+07
1.290383321433609538e+07
1.290421279121850431e+07
1.290411175837283209e+07
1.290322046720116399e+07
1.290150481262103282e+07
1.289923472214499116e+07
1.289687821301266737e+07
1.289475132156927884e+07
1.289349380765081942e+07
1.289323526003895514e+07
1.289394631125381030e+07
1.289557217920069210e+07
1.289784949936256371e+07
1.290013821797082759e+07
1.290196301336515136e+07
1.290325575695557892e+07
1.290376559448416717e+07
1.290339880615481921e+07
1.290247274109187908e+07
1.290135601655821875e+07
1.290046199558396265e+07
1.290018875933019631e+07
1.290071425249398872e+07
1.290178658244999126e+07
1.290298833165696450e+07
1.290418304832720757e+07
1.290495214445953816e+07
1.290476154967028089e+07
1.290352291777412221e+07
1.290142040655112080e+07
1.289882976251723059e+07
1.289616370756705478e+07
1.289423317618857138e+07
1.289322366357321851e+07
1.289323676932923682e+07
1.289443462402708270e+07
1.289659095354860090e+07
1.289912009422957152e+07
1.290136741372978874e+07
1.290310545132466219e+07
1.290388409555036388e+07
1.290360473891673982e+07
1.290258818014564365e+07
1.290117730810765550e+07
1.289974111828579009e+07
1.289881664441405982e+07
1.289891273407107592e+07
1.289986617731852271e+07
1.290132363369483128e+07
1.290307400084735453e+07
1.290465955345925875e+07
1.290546868821215257e+07
1.290507980375025980e+07
1.290355284020946361e+07
1.290125855060941167e+07
1.289838374289589189e+07
1.289591220044473931e+07
1.289425817266333476e+07
1.289359096427712776e+07
1.289415113951443508e+07
1.289596620606822893e+07
1.289842631865983829e+07
1.290084770869871974e+07
1.290287797711471654e+07
1.290407031835092604e+07
1.290411056297333539e+07
1.290321457132104412e+07
1.290164694962141477e+07
1.289971944935113937e+07
1.289821609745254368e+07
1.289767742535679974e+07
1.289806274267162010e+07
1.289923064860780723e+07
1.290124163898542710e+07
1.290357692148048803e+07
1.290527983445066214e+07
1.290588618514492363e+07
1.290529552537176013e+07
1.290361706057340838e+07
1.290110052724211290e+07
1.289849752880599163e+07
1.289629559773479588e+07
1.289500886217301711e+07
1.289486492190430313e+07
1.289606248518667184e+07
1.289811880425232835e+07
1.290037422301352769e+07
1.290268768924016692e+07
1.290431900397848710e+07
1.290473944366000779e+07
1.290407390790122002e+07
1.290254255513311550e+07
1.290027628549321555e+07
1.289807986055257916e+07
1.289664616968135908e+07
1.289621702865937538e+07
1.289696082547537610e+07
1.289867069587112032e+07
1.290108995284690708e+07
1.290346699697838910e+07
1.290502932424470037e+07
1.290550214025289938e+07
1.290480462103205919e+07
1.290306010954867117e+07
1.290076872428368405e+07
1.289851881370141171e+07
1.289674356692213938e+07
1.289616498452065513e+07
1.289728328225791641e+07
1.289816025827009976e+07
1.290040767640380748e+07
1.290261304934354872e+07
1.290440882570547424e+07
1.290512056937117688e+07
1.290474957442584075e+07
1.290335544995757937e+07
1.290129357477757521e+07
1.289875138337578811e+07
1.289662450114217959e+07
1.289543443208926730e+07
1.289522971302304603e+07
1.289622307289439440e+07
1.289842104380712472e+07
1.290085197975091264e+07
1.290308113540242240e+07
1.290454467998230644e+07
1.290480869236593135e+07
1.290383717639243975e+07
1.290238801342787966e+07
1.290057754617778212e+07
1.289885935937902331e+07
1.289784344897446036e+07
1.289794743043199554e+07
1.289895440843030624e+07
1.290059598621192202e+07
1.290259277227932774e+07
1.290448716813939437e+07
1.290558493514657021e+07
1.290563228409844264e+07
1.290462712504875287e+07
1.290266070150144771e+07
1.290009927277231961e+07
1.289767578918382339e+07
1.289573960754798725e+07
1.289474010872689262e+07
1.289484564382584766e+07
1.289618360054617189e+07
1.289829691471312009e+07
1.290058167608223483e+07
1.290248465835796483e+07
1.290372799556335807e+07
1.290378250354226492e+07
1.290321110988983512e+07
1.290203243379935436e+07
1.290074267917811312e+07
1.289959798050030880e+07
1.290025129679357074e+07
1.290001080702987500e+07
1.290141562342345156e+07
1.290295827429329045e+07
1.290478490561648645e+07
1.290606844142250530e+07
1.290656637381606176e+07
1.290592388936019130e+07
1.290435586251379363e+07
1.290197085084219836e+07
1.289949778124668635e+07
1.289729756099672988e+07
1.289562620324190333e+07
1.289492154016927443e+07
1.289541928776494972e+07
1.289667426878427155e+07
1.289847281998017617e+07
1.290041912343456037e+07
1.290196170548457839e+07
1.290280716566376574e+07
1.290289307053301111e+07
1.290247442126264609e+07
1.290171691981237568e+07
1.290090458312948421e+07
1.290077594752665050e+07
1.290118270157149620e+07
1.290195490352228843e+07
1.290320374927148595e+07
1.290469184850802831e+07
1.290587615896794759e+07
1.290664141623434052e+07
1.290646548544543795e+07
1.290528345145560615e+07
1.290350108955942094e+07
1.290137344990735129e+07
1.289908397439970449e+07
1.289710643951187469e+07
1.289570224689225294e+07
1.289529472109817900e+07
1.289577907916882262e+07
1.289680064164819196e+07
1.289814113595756702e+07
1.289962386469358765e+07
1.290079092289684899e+07
1.290158030513230339e+07
1.290180221103470214e+07
1.290159420119670220e+07
1.290142671342119202e+07
1.290145729756419919e+07
1.290173066733506322e+07
1.290229122228228115e+07
1.290314162640327588e+07
1.290422498449711129e+07
1.290525911503714323e+07
1.290595929414724000e+07
1.290611827721311338e+07
1.290554936555093154e+07
1.290417782896489277e+07
1.290250470113914646e+07
1.290072422687117755e+07
1.289878315364263766e+07
1.289716137255046144e+07
1.289616170999066904e+07
1.289571975026030838e+07
1.289582654043820500e+07
1.289645357093919814e+07
1.289734860120019875e+07
1.289837328584643267e+07
1.289947728150691092e+07
1.290029242051581107e+07
1.290065194359438680e+07
1.290099699899743497e+07
1.290135603984112665e+07
1.290176260721653700e+07
1.290212245091869868e+07
1.290273944364988618e+07
1.290340336223253794e+07
1.290413854806820676e+07
1.290477720264243707e+07
1.290500954166970588e+07
1.290485322047054768e+07
1.290430118247707374e+07
1.290327503046343848e+07
1.290201178810019232e+07
1.290051230305327661e+07
1.289901754376134835e+07
1.289761721331908740e+07
1.289655395962928608e+07
1.289581851364978030e+07
1.289564959058779664e+07
1.289578793224973045e+07
1.289647204290346615e+07
1.289737025032824837e+07
1.289847685265119746e+07
1.289924424890398420e+07
1.290033869434287958e+07
