1.818827225153144822e+07
1.819105095161513612e+07
1.819072904547885060e+07
1.819136402016728744e+07
1.819109453203575686e+07
1.819162040413327143e+07
1.819178238178003952e+07
1.819241141518472508e+07
1.819276222649154812e+07
1.819319933000496775e+07
1.819262984861492738e+07
1.819188626527381316e+07
1.819054115089578927e+07
1.818962502164303139e+07
1.818861403694203496e+07
1.818769400193024799e+07
1.818673787479123846e+07
1.818609683089132980e+07
1.818562009986136481e+07
1.818583995822928101e+07
1.818659776060449332e+07
1.818772647611256316e+07
1.818893392298524454e+07
1.819030918284118921e+07
1.819162277717671543e+07
1.819277935570605099e+07
1.819353383532162011e+07
1.819446778436021134e+07
1.819505779550959542e+07
1.819537853023853526e+07
1.819556077136821300e+07
1.819583198062758148e+07
1.819602595982396975e+07
1.819623005807934701e+07
1.819637426832722872e+07
1.819599577778441459e+07
1.819501256282128021e+07
1.819399795122319832e+07
1.819270371476579830e+07
1.819120066934285313e+07
1.818955883306602389e+07
1.818824579928638041e+07
1.818736941858883575e+07
1.818716703234316781e+07
1.818771352521020919e+07
1.818861604779333621e+07
1.819001257277354226e+07
1.819204800761367381e+07
1.819383116477042809e+07
1.819504618828416616e+07
1.819587086488183215e+07
1.819609070799132064e+07
1.819577323759679869e+07
1.819539999737753347e+07
1.819471565361747891e+07
1.819427367221426219e+07
1.819426945638828725e+07
1.819456395632319897e+07
1.819528782407469675e+07
1.819619292223723233e+07
1.819625145414291695e+07
1.819591174906241521e+07
1.819518158274262026e+07
1.819358694308670238e+07
1.819162515611367673e+07
1.818952142964796722e+07
1.818742857548328862e+07
1.818604114575925469e+07
1.818556895260268077e+07
1.818589526053208858e+07
1.818740583080434054e+07
1.818951407968212664e+07
1.819179165372326225e+07
1.819389572010691464e+07
1.819541068380695209e+07
1.819651390129476413e+07
1.819682184108795971e+07
1.819656606601192057e+07
1.819612203599442914e+07
1.819552609220564738e+07
1.819502752574620768e+07
1.819503341724672168e+07
1.819551559953814372e+07
1.819630130856015906e+07
1.819706148218505457e+07
1.819757304918709770e+07
1.819762333928411081e+07
1.819694303420268744e+07
1.819522160743640363e+07
1.819297079010124132e+07
1.819054907840985060e+07
1.818862209673855826e+07
1.818756505563037097e+07
1.818728284308625758e+07
1.818798780161963776e+07
1.818974941697888821e+07
1.819193042056706548e+07
1.819408800752348080e+07
1.819568937080044672e+07
1.819684940428865701e+07
1.819734041735940799e+07
1.819700920389920101e+07
1.819609723627651855e+07
1.819492462375620380e+07
1.819404406754111871e+07
1.819374856938253343e+07
1.819436814258411899e+07
1.819572367230536789e+07
1.819718917086772621e+07
1.819865882495442778e+07
1.819962432625104859e+07
1.819944854624947906e+07
1.819820728442642093e+07
1.819604987242174894e+07
1.819304856585980952e+07
1.819001001938897744e+07
1.818778498078756407e+07
1.818664455006998777e+07
1.818662488284985349e+07
1.818784410335155576e+07
1.819035983995546773e+07
1.819327186760447174e+07
1.819595115243907273e+07
1.819779164902498573e+07
1.819875859157665074e+07
1.819870066061252728e+07
1.819774182660390437e+07
1.819618213103433698e+07
1.819469566180962324e+07
1.819369166208178177e+07
1.819387113703867421e+07
1.819490146422658861e+07
1.819652580816140026e+07
1.819842322206728533e+07
1.820015164103436098e+07
1.820111964393965527e+07
1.820054475986971706e+07
1.819874408469079435e+07
1.819604783557380736e+07
1.819295780350103974e+07
1.819055172556910291e+07
1.818892486311601475e+07
1.818797853893464059e+07
1.818819827389085665e+07
1.818984427031034231e+07
1.819240420479640737e+07
1.819502685301020369e+07
1.819735856693733484e+07
1.819884798711131886e+07
1.819913590065684542e+07
1.819834213789422810e+07
1.819671818485975266e+07
1.819476753716791421e+07
1.819329260027834773e+07
1.819293737956702709e+07
1.819333774214179441e+07
1.819445603071005642e+07
1.819644418309210241e+07
1.819862052003387734e+07
1.819996549201890826e+07
1.820011874839859456e+07
1.819912059768972918e+07
1.819713620179105550e+07
1.819483599794802815e+07
1.819253833371218294e+07
1.819049369663239270e+07
1.818939709950472042e+07
1.818919564371936023e+07
1.819034601693540812e+07
1.819222103179240972e+07
1.819424591375274956e+07
1.819636247107098252e+07
1.819781931843374297e+07
1.819802926360500976e+07
1.819753658887675032e+07
1.819612449849328399e+07
1.819397378165701032e+07
1.819169455645298958e+07
1.819019399827492982e+07
1.818956666714448109e+07
1.819012969014600664e+07
1.819159812376812845e+07
1.819407870727037638e+07
1.819640235683732107e+07
1.819794788139732555e+07
1.819824487923918292e+07
1.819754300286187232e+07
1.819584481746864691e+07
1.819386783309584111e+07
1.819139148388479277e+07
1.818958385769241676e+07
1.818821236048062891e+07
1.818590151927699149e+07
1.818637829274830222e+07
1.818695940271580964e+07
1.818849454817765206e+07
1.818955360262050480e+07
1.818976608909076080e+07
1.818898209613803029e+07
1.818729572685108334e+07
1.818509438801396638e+07
1.818244440658864006e+07
1.818046533594208956e+07
1.817967858263010532e+07
1.817968263304603472e+07
1.818097274495962262e+07
1.818352621289053559e+07
1.818636309778637439e+07
1.818896037618858367e+07
1.819082119355862215e+07
1.819119264106142521e+07
1.819037887136979029e+07
1.818913451273710281e+07
1.818753447711492702e+07
1.818591874085976556e+07
1.818482834604768082e+07
1.818493998907640949e+07
1.818595736356172338e+07
1.818764003337484226e+07
1.818968040213244781e+07
1.819182915807924047e+07
1.819288709786559269e+07
1.819283953685664013e+07
1.819117667011056468e+07
1.818863806795690581e+07
1.818542020045046881e+07
1.818228101924647763e+07
1.817950723869590461e+07
1.817815998224824667e+07
1.817802121069867164e+07
1.817925535946087912e+07
1.818118400451378524e+07
1.818355769558475912e+07
1.818547385725892708e+07
1.818701583325489610e+07
1.818712311378156766e+07
1.818688518219189346e+07
1.818555461390736327e+07
1.818446282944364846e+07
1.818252000432508811e+07
1.818614096313459799e+07
1.818321850456204638e+07
1.818546393004099652e+07
1.818667188542872667e+07
1.818863605537672341e+07
1.818952111223144084e+07
1.818992790281515568e+07
1.818866598925941065e+07
1.818700202045578882e+07
1.818428036756990850e+07
1.818189495603748783e+07
1.817963929787036404e+07
1.817832879155451804e+07
1.817796226022753119e+07
1.817896008538440615e+07
1.818047512060081586e+07
1.818252471374824643e+07
1.818440652474524826e+07
1.818570432757083699e+07
1.818626926186354831e+07
1.818612205726091936e+07
1.818567379239364341e+07
1.818524463460382819e+07
1.818489202806146815e+07
1.818501469241551310e+07
1.818558085895594209e+07
1.818627548266215995e+07
1.818718327636353299e+07
1.818832365542731434e+07
1.818927023116531968e+07
1.819030138708399236e+07
1.819016286590262875e+07
1.818886093582395464e+07
1.818718826760254428e+07
1.818500158636911586e+07
1.818258268327463791e+07
1.818061239038152248e+07
1.817914649290576577e+07
1.817865106523134932e+07
1.817903732047092170e+07
1.818000073641337827e+07
1.818153585944939777e+07
1.818326539435279369e+07
1.818469709266897663e+07
1.818565325126897544e+07
1.818622621122142673e+07
1.818636066390055791e+07
1.818645054867697507e+07
1.818661072459954396e+07
1.818700971866040304e+07
1.818767649732074887e+07
1.818837133391704410e+07
1.818924676780826226e+07
1.819011962923558056e+07
1.819065692537447438e+07
1.819069816037485376e+07
1.819011400325156376e+07
1.818872868579911068e+07
1.818715183626640588e+07
1.818550435314965621e+07
1.818362670275575668e+07
1.818212938818572834e+07
1.818150651524166763e+07
1.818151304832209647e+07
1.818181947663756460e+07
1.818258091609735042e+07
1.818339592897585407e+07
1.818431548433033749e+07
1.818518157615723461e+07
1.818583921898011491e+07
1.818599542528111488e+07
1.818638151119857654e+07
1.818675249564705417e+07
1.818713610812775046e+07
1.818754950998739898e+07
1.818839074395594373e+07
1.818929525822784752e+07
1.819019611616969481e+07
1.819086709968193620e+07
1.819121413812577352e+07
1.819108733440455049e+07
1.819059232755631953e+07
1.818962121099453047e+07
1.818856026164097339e+07
1.818703221346610412e+07
1.818578676991148666e+07
1.818442936908335239e+07
1.818351312686768919e+07
1.818279166755535826e+07
1.818303613586475328e+07
1.818351492941135541e+07
1.818469449060037360e+07
1.818561536468871683e+07
1.818705860558611155e+07
1.818741182466925681e+07
1.818912425268171355e+07
