1.396109779011322372e+07
1.396232938596790843e+07
1.396267308594488725e+07
1.396308303699849173e+07
1.396401428882138431e+07
1.396535142816681974e+07
1.396658213704047911e+07
1.396704128709533438e+07
1.396680348581479117e+07
1.396667018667428009e+07
1.396615967386316322e+07
1.396568529272694327e+07
1.396521927873330005e+07
1.396434306115409918e+07
1.396318300565214641e+07
1.396084844372347184e+07
1.395797427825562283e+07
1.395605575558557548e+07
1.395513473328766413e+07
1.395537801194679923e+07
1.395574315509130433e+07
1.395615880104926042e+07
1.395705270926077850e+07
1.395824884555897675e+07
1.395911437316498719e+07
1.396002965161445178e+07
1.396097682510807551e+07
1.396153874708694778e+07
1.396186701250184327e+07
1.396219238086423837e+07
1.396260925433633849e+07
1.396297927854019403e+07
1.396282901364087686e+07
1.396279391498526372e+07
1.396362978941399977e+07
1.396342255708510242e+07
1.396230167279097065e+07
1.396152810661477968e+07
1.396039779698956758e+07
1.395912346380653977e+07
1.395723733617437445e+07
1.395508192159869522e+07
1.395295205643315054e+07
1.395131855122499168e+07
1.395025491446078010e+07
1.395053797120641917e+07
1.395113998351310380e+07
1.395109981829676405e+07
1.395115803051457182e+07
1.395194235139531828e+07
1.395278325875327177e+07
1.395448511151996255e+07
1.395718561590663157e+07
1.395996750736932084e+07
1.396046242983409949e+07
1.396080676024094038e+07
1.396170451144775189e+07
1.396290194370583631e+07
1.396374602834218740e+07
1.396386496938879974e+07
1.396355051325971261e+07
1.396310837045730837e+07
1.396160150763541088e+07
1.395884124688682891e+07
1.395640124366676062e+07
1.395377158116162382e+07
1.395139597746443562e+07
1.394960154544127546e+07
1.394884869216639549e+07
1.394941042450116761e+07
1.395089643186190352e+07
1.395156384261930734e+07
1.395277599831507169e+07
1.395439343044620007e+07
1.395535826424147934e+07
1.395558107777229510e+07
1.395684946492553875e+07
1.395801195377921872e+07
1.395972266014833190e+07
1.395987885724158213e+07
1.395841824967707135e+07
1.395804241740499623e+07
1.395839183134005964e+07
1.395888878153097257e+07
1.395796448774506338e+07
1.395676991894179955e+07
1.395575781998222321e+07
1.395429729961496778e+07
1.395247172048468329e+07
1.395017507181068510e+07
1.394810702875271812e+07
1.394695107909001037e+07
1.394667100359616615e+07
1.394723848262202740e+07
1.394856245978935994e+07
1.395076713060549833e+07
1.395222102565824240e+07
1.395330249039217643e+07
1.395422340192685276e+07
1.395503047714621201e+07
1.395517028934645467e+07
1.395550760128354654e+07
1.395658057847261056e+07
1.395767899573239125e+07
1.395756580918033049e+07
1.395637539104672708e+07
1.395625885386580229e+07
1.395699235067717172e+07
1.395835760843605921e+07
1.396010217903317511e+07
1.396122069356773235e+07
1.396136262728634290e+07
1.396067007929586060e+07
1.395893024284795113e+07
1.395614928745933436e+07
1.395307437116816267e+07
1.395040858069053851e+07
1.394805916716124862e+07
1.394672912714516744e+07
1.394660981146121956e+07
1.394736870923038200e+07
1.394830196557273157e+07
1.394992522393145226e+07
1.395164089214716293e+07
1.395284048115595058e+07
1.395318721021903120e+07
1.395280999872607179e+07
1.395255886120077036e+07
1.395309663602373190e+07
1.395365119611775689e+07
1.395482122052504681e+07
1.395603559973878600e+07
1.395685780849110335e+07
1.395827268098228425e+07
1.396054777578172833e+07
1.396202039205075987e+07
1.396204643460975029e+07
1.396057779704087600e+07
1.395763039801450819e+07
1.395334396432446875e+07
1.394933049732752331e+07
1.394620097054695711e+07
1.394483310612525232e+07
1.394461316973381862e+07
1.394511769743015990e+07
1.394682478424557857e+07
1.394924856496817619e+07
1.395181619655687548e+07
1.395425494169156440e+07
1.395589414908649586e+07
1.395655478362575173e+07
1.395655413570228219e+07
1.395598358444526233e+07
1.395547067158401571e+07
1.395490895223867148e+07
1.395473240416639857e+07
1.395571573940350488e+07
1.395764065006493591e+07
1.395974318338901550e+07
1.396169326052246802e+07
1.396258363295673952e+07
1.396190875463104062e+07
1.395876633949248865e+07
1.395385144315083511e+07
1.394896881806968711e+07
1.394485000022693165e+07
1.394194082366714813e+07
1.394079581033048034e+07
1.394148282299604453e+07
1.394338616950810887e+07
1.394668226267024316e+07
1.395028285160125606e+07
1.395351348650349863e+07
1.395529447464026324e+07
1.395616289485512674e+07
1.395656547876751609e+07
1.395584512604235485e+07
1.395428103113923594e+07
1.395314452996431664e+07
1.395239882801376469e+07
1.395256886344273016e+07
1.395383624682591483e+07
1.395553163509769551e+07
1.395764156194734387e+07
1.395957313165166043e+07
1.396026897437625192e+07
1.396010959148147143e+07
1.395883170040537231e+07
1.395652985964487866e+07
1.395380226932348683e+07
1.395146852491710335e+07
1.395024014106374420e+07
1.395177990564674325e+07
1.395195988745837659e+07
1.395412983397852443e+07
1.395666968267123587e+07
1.395857927882917598e+07
1.395963143790177815e+07
1.395997153595999442e+07
1.395912117408015579e+07
1.395776086592509411e+07
1.395594712421393208e+07
1.395392491136282682e+07
1.395205045440133289e+07
1.395121040865067579e+07
1.395122951760568283e+07
1.395276826462178491e+07
1.395478820320294052e+07
1.395721263629660010e+07
1.395967639720749110e+07
1.396101009884448908e+07
1.396003901217827201e+07
1.395886891857621819e+07
1.395711910859512351e+07
1.395506284552337974e+07
1.395372708020959981e+07
1.395335407543748058e+07
1.395361126878240332e+07
1.395518155650252290e+07
1.395699232625203952e+07
1.395905605349723063e+07
1.396138306409994327e+07
1.396278026735293120e+07
1.396266679576372355e+07
1.396144505723439530e+07
1.395874288334486075e+07
1.395649638974831626e+07
1.395432422010241821e+07
1.395287245798311010e+07
1.395210001440900005e+07
1.395290125204089470e+07
1.395463494490953907e+07
1.395698577209967561e+07
1.395937073918454349e+07
1.396059777087972313e+07
1.396080387765178271e+07
1.396070793336863630e+07
1.395978570292747952e+07
1.395901459197092243e+07
1.395795581063547544e+07
1.394966177006245777e+07
1.395950622191394307e+07
1.395767406562921591e+07
1.395879525758299418e+07
1.395880610072693229e+07
1.396003256801810674e+07
1.395960132188550569e+07
1.395986418462310173e+07
1.395855254315857403e+07
1.395700222432725132e+07
1.395452143935412355e+07
1.395245931010930054e+07
1.395008368987849727e+07
1.394906276898000576e+07
1.394882923879450746e+07
1.395000712439936958e+07
1.395098991056092270e+07
1.395264753056011535e+07
1.395405994421695359e+07
1.395494977003714256e+07
1.395519363030439615e+07
1.395473601815230213e+07
1.395291433187692985e+07
1.395130651004342921e+07
1.395017784451583214e+07
1.395002000323392078e+07
1.395031478746247478e+07
1.395137282488717325e+07
1.395299579244863056e+07
1.395519787489425763e+07
1.395535580773349106e+07
1.395479547433821298e+07
1.395397998680821620e+07
1.395287762101017125e+07
1.395144147297877446e+07
1.395008551703437790e+07
1.394839312558120117e+07
1.394648891555846296e+07
1.394526768641849793e+07
1.394559298350328021e+07
1.394635099268065766e+07
1.394665427084053122e+07
1.394794051694960892e+07
1.394882755136571452e+07
1.394859359626490064e+07
1.394834534265120514e+07
1.394819913487756439e+07
1.394791749606916122e+07
1.394802260030594468e+07
1.394797005318725668e+07
1.394815649734822288e+07
1.394833399590898678e+07
1.394858162042827718e+07
1.394945254265652038e+07
1.395040911481496319e+07
1.395011860638538562e+07
1.394916589392320812e+07
1.394785500789946318e+07
1.394654262511645630e+07
1.394539709266260080e+07
1.394424638935778104e+07
1.394314039941260591e+07
1.394206149712820351e+07
1.394145110841912031e+07
1.394156170329475217e+07
1.394180978902655281e+07
1.394286311523032002e+07
1.394389445594960265e+07
1.394446153852763772e+07
1.394459664413074590e+07
1.394458728425542824e+07
1.394408907880523428e+07
1.394430592735556699e+07
1.394462607731283084e+07
1.394485220952323452e+07
1.394459319458737038e+07
1.394522202131733671e+07
1.394523155715699866e+07
1.394610298466037214e+07
1.394715211079148576e+07
1.394825042290412262e+07
1.394830938668322004e+07
1.394815219280128554e+07
1.394695569618107378e+07
1.394583300789686106e+07
1.394384810122515820e+07
1.394233770645710267e+07
1.394056843884875998e+07
1.394000933333945088e+07
1.393934227938567661e+07
1.393996760853273980e+07
1.394027714879575372e+07
1.394180476575480774e+07
1.394153421515790932e+07
1.394251355859730951e+07
1.394016908701672964e+07
