6.311307844560372084e+07
6.311394521164171398e+07
6.311426982674674690e+07
6.311478636162595451e+07
6.311521168083991855e+07
6.311578278337621689e+07
6.311629515361547470e+07
6.311660779118812084e+07
6.311670919875480980e+07
6.311666764764214307e+07
6.311639153535612673e+07
6.311583579509989917e+07
6.311497483135721087e+07
6.311410804329775274e+07
6.311303800186046958e+07
6.311187352130582929e+07
6.311075927131327987e+07
6.310992720290722698e+07
6.310947381860411167e+07
6.310971255354496092e+07
6.311061669984392822e+07
6.311185119710311294e+07
6.311331148774424195e+07
6.311516739967729151e+07
6.311691946899820119e+07
6.311834758473959565e+07
6.311924935579652339e+07
6.311980208988625556e+07
6.311999432043655217e+07
6.311979377196037769e+07
6.311959675885791332e+07
6.311950430131894350e+07
6.311932156900020689e+07
6.311914838388758153e+07
6.311907321006371826e+07
6.311868282094841450e+07
6.311801848765674233e+07
6.311741492692553252e+07
6.311665159961619973e+07
6.311554415419565141e+07
6.311420150646456331e+07
6.311288769761645794e+07
6.311177418839519471e+07
6.311107754210228473e+07
6.311087463365831971e+07
6.311115206582024693e+07
6.311198179780036211e+07
6.311319032631044090e+07
6.311445674955812097e+07
6.311555522614171356e+07
6.311639286195036024e+07
6.311684937783811241e+07
6.311698188106065243e+07
6.311685585743848234e+07
6.311660548483767360e+07
6.311640139311788976e+07
6.311639460943175107e+07
6.311670060876785964e+07
6.311725678703150153e+07
6.311768754156033695e+07
6.311774542949379981e+07
6.311749611457215995e+07
6.311679060264506191e+07
6.311549348122452199e+07
6.311380282717442513e+07
6.311198504482367635e+07
6.311019633589076251e+07
6.310877721390719712e+07
6.310805274403527379e+07
6.310810538108768314e+07
6.310893817545927316e+07
6.311048498906724900e+07
6.311229841303124279e+07
6.311398746155819297e+07
6.311522232240105420e+07
6.311583003033937514e+07
6.311589978620149940e+07
6.311547688205444068e+07
6.311478297557864338e+07
6.311403505316596478e+07
6.311350569524864852e+07
6.311342715213740617e+07
6.311383187351143360e+07
6.311451221799428761e+07
6.311510679753881693e+07
6.311543282822943479e+07
6.311534189364893734e+07
6.311457112856212258e+07
6.311308227357857674e+07
6.311110141986481100e+07
6.310894064883968979e+07
6.310699180398198962e+07
6.310576697745844722e+07
6.310542937222278118e+07
6.310594303869604319e+07
6.310721665172352642e+07
6.310907396777216345e+07
6.311104396933463216e+07
6.311268196196893603e+07
6.311388428265427798e+07
6.311438828621386737e+07
6.311420677047912031e+07
6.311353395610545576e+07
6.311268761001456529e+07
6.311204745591259003e+07
6.311190133785687387e+07
6.311246665648521483e+07
6.311351327663107961e+07
6.311468996483312547e+07
6.311585888948711753e+07
6.311657569863224030e+07
6.311647110977001488e+07
6.311543275142976642e+07
6.311361674342250079e+07
6.311137130086576194e+07
6.310911331505689025e+07
6.310747005052332580e+07
6.310678339799968153e+07
6.310704397106601298e+07
6.310840845476631075e+07
6.311063769860950857e+07
6.311330777335736156e+07
6.311578263074508309e+07
6.311779955124003440e+07
6.311901471263439953e+07
6.311924946860115975e+07
6.311867202739638090e+07
6.311773009223361313e+07
6.311661395372665673e+07
6.311582295271979272e+07
6.311583642476800829e+07
6.311655040476945043e+07
6.311773601361223310e+07
6.311927701936120540e+07
6.312094888929031044e+07
6.312197187648652494e+07
6.312184709654393047e+07
6.312051941993717104e+07
6.311829271493379772e+07
6.311547649946297705e+07
6.311281066783313453e+07
6.311081746818201244e+07
6.310980898201520741e+07
6.310996687568609416e+07
6.311137909166648984e+07
6.311358480746788532e+07
6.311600751638507843e+07
6.311838108426352590e+07
6.311985674688534439e+07
6.312018257040909678e+07
6.311956588932072371e+07
6.311849736938860267e+07
6.311696707160540670e+07
6.311549466685599834e+07
6.311472978486569971e+07
6.311467800668220222e+07
6.311537334919905663e+07
6.311683142675748467e+07
6.311882736526607722e+07
6.312052092207913101e+07
6.312115022389465570e+07
6.312063002577396482e+07
6.311911070437412709e+07
6.311687239423070103e+07
6.311452990141776204e+07
6.311253984313624352e+07
6.311112127970992774e+07
6.311062113045275211e+07
6.311133828153464198e+07
6.311291592459984124e+07
6.311481303816981614e+07
6.311669953894825280e+07
6.311799725614653528e+07
6.311843796788988262e+07
6.311807879928030074e+07
6.311706067788348347e+07
6.311547907230374962e+07
6.311368085596264154e+07
6.311230953363104910e+07
6.311165329860218614e+07
6.311196174833122641e+07
6.311331929800888151e+07
6.311542988508472592e+07
6.311740718500352651e+07
6.311870499916220456e+07
6.311895421693304926e+07
6.311823303197121620e+07
6.311668979196865112e+07
6.311481062907639146e+07
6.311292122305589914e+07
6.311143260182970762e+07
6.311073669989406317e+07
6.311115718805923313e+07
6.311207402013460547e+07
6.311391362791995704e+07
6.311591802121727169e+07
6.311765758157137036e+07
6.311867721095862240e+07
6.311870404634583741e+07
6.311775532252381742e+07
6.311613023771428317e+07
6.311415701538297534e+07
6.311239690024036169e+07
6.311118383454488218e+07
6.311078278040789813e+07
6.311138519337564707e+07
6.311299633323189616e+07
6.311489041302388161e+07
6.311653843534615636e+07
6.311747482034139335e+07
6.311743999470903724e+07
6.311640936011930555e+07
6.311500570570451021e+07
6.311335134688816220e+07
6.311183601844827086e+07
6.311092236266020685e+07
6.311099713621604443e+07
6.311184952198250592e+07
6.311340272905431688e+07
6.311538246034365147e+07
6.311724101619690657e+07
6.311841694613641500e+07
6.311862202622427791e+07
6.311783430947574973e+07
6.311616356363567710e+07
6.311386395902147889e+07
6.311155284013196081e+07
6.310967138238725811e+07
6.310865283197417855e+07
6.310855259749352187e+07
6.310944751497041434e+07
6.311094153150551021e+07
6.311260195811227709e+07
6.311397622002316266e+07
6.311485724350598454e+07
6.311485827803499997e+07
6.311433026565554738e+07
6.311334204622431844e+07
6.311246211924300343e+07
6.311178935029081255e+07
6.311365221888390929e+07
6.311251692028148472e+07
6.311429187548822910e+07
6.311556196956099570e+07
6.311722234505659342e+07
6.311802366523367912e+07
6.311832353602089733e+07
6.311752274267987907e+07
6.311599392307125032e+07
6.311374616479200870e+07
6.311163514334543049e+07
6.310970015472235531e+07
6.310824932350863516e+07
6.310751252213628590e+07
6.310786967372839153e+07
6.310898975485730916e+07
6.311072090692815930e+07
6.311250030864359438e+07
6.311403354959461838e+07
6.311490147326989472e+07
6.311508173368217051e+07
6.311469931255815923e+07
6.311400835343492776e+07
6.311328947855200619e+07
6.311316430450683832e+07
6.311343784495490044e+07
6.311408887814331055e+07
6.311502192414164543e+07
6.311620236812090129e+07
6.311716153426613659e+07
6.311774149317596108e+07
6.311768354031928629e+07
6.311688174851960689e+07
6.311546320990870148e+07
6.311378230222111940e+07
6.311195551401348412e+07
6.311035330858250707e+07
6.310924341108412296e+07
6.310899219707613438e+07
6.310947985517953336e+07
6.311045360565758497e+07
6.311149178836806864e+07
6.311258843527298421e+07
6.311358353371705115e+07
6.311435462013364583e+07
6.311466301849501580e+07
6.311458822767953575e+07
6.311442364114589244e+07
6.311445769526512921e+07
6.311473618167644739e+07
6.311524293266855925e+07
6.311605879318673164e+07
6.311705313508260250e+07
6.311795356169750541e+07
6.311857074719095230e+07
6.311872602950798720e+07
6.311828436706586927e+07
6.311730891960792989e+07
6.311608119645625353e+07
6.311483855316803604e+07
6.311335639960487932e+07
6.311206284625546634e+07
6.311112839116772264e+07
6.311066601416482031e+07
6.311059783376961201e+07
6.311099075353015959e+07
6.311169333627086878e+07
6.311256054691343755e+07
6.311348730213137716e+07
6.311421733697760105e+07
6.311460686812357605e+07
6.311493482276175916e+07
6.311524993328608572e+07
6.311575437201361358e+07
6.311619906845577061e+07
6.311683858723200858e+07
6.311744923211706430e+07
6.311818210197999328e+07
6.311881629992974550e+07
6.311926671715684235e+07
6.311925888316375017e+07
6.311883902881963551e+07
6.311776640529266745e+07
6.311646216288232803e+07
6.311482529971113056e+07
6.311327452264191955e+07
6.311178108156909794e+07
6.311068475956100225e+07
6.310981326798560470e+07
6.310961564119868726e+07
6.310966412132067233e+07
6.311026141570568830e+07
6.311091159536416084e+07
6.311217786090312153e+07
6.311306099162703007e+07
6.311472195257516205e+07
