1.747385297891772538e+07
1.747157423058719933e+07
1.747278776970323548e+07
1.747269840260601416e+07
1.747338623579615727e+07
1.747348270241364837e+07
1.747415994660851359e+07
1.747439362581219524e+07
1.747505830205377191e+07
1.747520275684716180e+07
1.747548332366615906e+07
1.747517729635103419e+07
1.747452895032055676e+07
1.747348828076574579e+07
1.747241534384868667e+07
1.747097548238729686e+07
1.747003643859649077e+07
1.746918011479709670e+07
1.746881399987802282e+07
1.746890325041428953e+07
1.746966517999562249e+07
1.747044796706527099e+07
1.747172139895301685e+07
1.747308569250400737e+07
1.747439776244670525e+07
1.747549492016765475e+07
1.747633643604601547e+07
1.747704450483731925e+07
1.747756768720261753e+07
1.747763484870842472e+07
1.747775162569587305e+07
1.747768807526753098e+07
1.747771955365663022e+07
1.747778133209073544e+07
1.747780481414502859e+07
1.747729402454946563e+07
1.747653907637009025e+07
1.747577518574697152e+07
1.747494784972592816e+07
1.747379917910587415e+07
1.747256898600845039e+07
1.747144954748099670e+07
1.747040549052959681e+07
1.747004815630048513e+07
1.747030327838803828e+07
1.747064984684638679e+07
1.747153273680688441e+07
1.747284201033088937e+07
1.747429151920473948e+07
1.747534112866920233e+07
1.747614183282684162e+07
1.747642928151486069e+07
1.747629636861260608e+07
1.747588713632635027e+07
1.747533256769139692e+07
1.747485881843823567e+07
1.747457184098816663e+07
1.747451156967010349e+07
1.747483991166036204e+07
1.747517059674900770e+07
1.747501307120559737e+07
1.747462333733365312e+07
1.747395314555667713e+07
1.747257749175975472e+07
1.747079518705729023e+07
1.746886151675682142e+07
1.746700931779277697e+07
1.746572545357086882e+07
1.746526351989957690e+07
1.746558741682334244e+07
1.746677344953177497e+07
1.746865598524378240e+07
1.747086289022625983e+07
1.747291630785655230e+07
1.747444222321991622e+07
1.747545469637610391e+07
1.747579965147823095e+07
1.747554973719212413e+07
1.747501525106174871e+07
1.747443074356933311e+07
1.747411068918938935e+07
1.747414700706324354e+07
1.747472196194284782e+07
1.747563640259110183e+07
1.747652794663691893e+07
1.747719720396740735e+07
1.747741758062513918e+07
1.747677323135539144e+07
1.747521542832235619e+07
1.747315323094128445e+07
1.747098264282104000e+07
1.746912197219571844e+07
1.746810446649767831e+07
1.746805295662288368e+07
1.746882771607150882e+07
1.747062596834183112e+07
1.747303105208863318e+07
1.747551111465986818e+07
1.747743841508111730e+07
1.747884406747290120e+07
1.747948300643872470e+07
1.747927280849940330e+07
1.747850114295105264e+07
1.747746994134277850e+07
1.747663143192734942e+07
1.747639937975812331e+07
1.747698661665809900e+07
1.747808237886011973e+07
1.747931739592856914e+07
1.748060495776084810e+07
1.748144721953514218e+07
1.748143995554314926e+07
1.748040249489138275e+07
1.747857282620132342e+07
1.747619079037685320e+07
1.747372702477535233e+07
1.747189445951995999e+07
1.747102183670939878e+07
1.747117350304504111e+07
1.747262303773520514e+07
1.747493889238491282e+07
1.747766202094805986e+07
1.748006561903297529e+07
1.748193986556197703e+07
1.748274975677562505e+07
1.748250386542848498e+07
1.748151043372326717e+07
1.748013944771507755e+07
1.747870476050712913e+07
1.747788698666971549e+07
1.747805103213046491e+07
1.747916784402253851e+07
1.748079731491627544e+07
1.748281093386283517e+07
1.748456747098414972e+07
1.748560378367425501e+07
1.748517255647568405e+07
1.748341111492813751e+07
1.748076854505855218e+07
1.747774416264005750e+07
1.747508501613661647e+07
1.747336211212856695e+07
1.747249800649818778e+07
1.747284523248535022e+07
1.747440624579796940e+07
1.747656980931401998e+07
1.747860624776713550e+07
1.748033754722162336e+07
1.748117591857362911e+07
1.748106155821762607e+07
1.748002010681675002e+07
1.747847570193513110e+07
1.747669583547851816e+07
1.747536828918676451e+07
1.747501355372869968e+07
1.747566948886422813e+07
1.747707914910713583e+07
1.747938659618109465e+07
1.748185504753496125e+07
1.748378684780475497e+07
1.748453361212695017e+07
1.748417454394397512e+07
1.748253679102352262e+07
1.748013897455379367e+07
1.747749765626248345e+07
1.747529849145689607e+07
1.747391675646505505e+07
1.747370835112772137e+07
1.747483774176958576e+07
1.747688549397711456e+07
1.747897271344284713e+07
1.748122868153721467e+07
1.748273415080068260e+07
1.748312561545551941e+07
1.748242287674461678e+07
1.748118961498456076e+07
1.747916625551837310e+07
1.747737873881357908e+07
1.747620007033845410e+07
1.747604300019979477e+07
1.747676495070116967e+07
1.747856848166959360e+07
1.748107408124083281e+07
1.748361544677206501e+07
1.748491608192550391e+07
1.748516390216152370e+07
1.748418009298830852e+07
1.748242404002244398e+07
1.747997516297793016e+07
1.747786146329668537e+07
1.747586917486071959e+07
1.747555534619968012e+07
1.747682121672736853e+07
1.747706998047173768e+07
1.747939434957471490e+07
1.748147613263187930e+07
1.748316174225091189e+07
1.748376408205876499e+07
1.748333861053552479e+07
1.748173758136757091e+07
1.747951460912462696e+07
1.747699538534421474e+07
1.747499580016794428e+07
1.747385364735817909e+07
1.747348831599537283e+07
1.747440315362067521e+07
1.747647219915651157e+07
1.747893140178430453e+07
1.748114062505080923e+07
1.748268440954902768e+07
1.748292496538152918e+07
1.748215243878021091e+07
1.748079683002035320e+07
1.747916463017882034e+07
1.747747613494851440e+07
1.747669199114068970e+07
1.747691369750068337e+07
1.747814428601526096e+07
1.747982915319312736e+07
1.748210258099685609e+07
1.748415532419044524e+07
1.748560810707966238e+07
1.748585378138504177e+07
1.748511330950463563e+07
1.748318444893615320e+07
1.748087879891182110e+07
1.747844962724332139e+07
1.747665959005432948e+07
1.747558446846107766e+07
1.747601517206712812e+07
1.747733572256506607e+07
1.747962182719615847e+07
1.748172185161619633e+07
1.748380863717652485e+07
1.748451010240953416e+07
1.748464287836406380e+07
1.748357824943500385e+07
1.748286816325666383e+07
1.748095858354046568e+07
1.748086928292658180e+07
1.747470750228213519e+07
1.748182033386248723e+07
1.748170776690100506e+07
1.748448430169030651e+07
1.748579447575437650e+07
1.748781590284052119e+07
1.748801968084968999e+07
1.748787518457031623e+07
1.748605740076361969e+07
1.748408236208594590e+07
1.748155694337607175e+07
1.747972484453586489e+07
1.747793068121072277e+07
1.747750006217257679e+07
1.747798866589040682e+07
1.747961877864743024e+07
1.748142748873643950e+07
1.748367045616538823e+07
1.748524198754870147e+07
1.748629572308047488e+07
1.748633651076370105e+07
1.748605164481806755e+07
1.748521593882376328e+07
1.748440194368518144e+07
1.748417675476527587e+07
1.748467136202374846e+07
1.748541619349192083e+07
1.748675597933772579e+07
1.748820530959299207e+07
1.748954885848271102e+07
1.749050763846862316e+07
1.749074852004886419e+07
1.748982223036358133e+07
1.748833681292165816e+07
1.748637375337713584e+07
1.748424970380577445e+07
1.748236597873643413e+07
1.748110692409557849e+07
1.748081967319331691e+07
1.748149228460508585e+07
1.748256935940137878e+07
1.748339550163562968e+07
1.748434911266442388e+07
1.748528174791089818e+07
1.748562020737435296e+07
1.748525313665037602e+07
1.748466912645355612e+07
1.748418067620971426e+07
1.748394210133354738e+07
1.748390232735557482e+07
1.748424664548543468e+07
1.748494407644594461e+07
1.748602386081447080e+07
1.748710812014085799e+07
1.748796033005830273e+07
1.748817464459161088e+07
1.748767551926534623e+07
1.748641486805860326e+07
1.748512874285703525e+07
1.748377198416677862e+07
1.748232553906208277e+07
1.748100077002551034e+07
1.748028875851168483e+07
1.747962858145256713e+07
1.747952594586534053e+07
1.747983035555619374e+07
1.748055046543674543e+07
1.748133705929074064e+07
1.748237776982567459e+07
1.748303002494645864e+07
1.748347125683856755e+07
1.748373248317389190e+07
1.748415581309898198e+07
1.748441385457882285e+07
1.748488913156303391e+07
1.748546276490537077e+07
1.748635823289396614e+07
1.748706059528053179e+07
1.748780748482904211e+07
1.748793370433972031e+07
1.748793113996883854e+07
1.748724499126750603e+07
1.748644335216408223e+07
1.748483010827727616e+07
1.748342625800463185e+07
1.748173655402851850e+07
1.748053282999954373e+07
1.747905044351114705e+07
1.747828867448691279e+07
1.747743984224314615e+07
1.747792906209644675e+07
1.747821447198265418e+07
1.747935869540182874e+07
1.747586144374889508e+07
1.747358857935913652e+07
1.746973181369621679e+07
