2.283182271950432658e+07
2.283372310966920853e+07
2.283497478108882159e+07
2.283611598335200921e+07
2.283582258950699866e+07
2.283534167948260903e+07
2.283476008253404126e+07
2.283517281964033470e+07
2.283586157467424124e+07
2.283609879468886554e+07
2.283634021435794234e+07
2.283566039822464809e+07
2.283400352106424794e+07
2.283242528272207081e+07
2.283186057941037044e+07
2.283060017757089064e+07
2.282936013389302418e+07
2.282873379711154476e+07
2.282765909323288500e+07
2.282735615736043826e+07
2.282721373084812984e+07
2.282763157110742480e+07
2.282881171818519756e+07
2.283000922571857646e+07
2.283112541884296387e+07
2.283226797928400710e+07
2.283282096569823474e+07
2.283324098426760733e+07
2.283368207664829120e+07
2.283394219573890418e+07
2.283396163417756185e+07
2.283370868433286622e+07
2.283341393067972735e+07
2.283359457535855100e+07
2.283406221453118324e+07
2.283370248775808886e+07
2.283288249550119415e+07
2.283231232751761749e+07
2.283131493928834051e+07
2.282989076086978614e+07
2.282845767856942490e+07
2.282721075488700718e+07
2.282631491176011786e+07
2.282615703971002251e+07
2.282613815708988905e+07
2.282634803659552708e+07
2.282706072909177467e+07
2.282872676348817348e+07
2.283061574264978617e+07
2.283236676191788539e+07
2.283359160107003525e+07
2.283495846647607908e+07
2.283568524966298044e+07
2.283579942650243267e+07
2.283573368381445110e+07
2.283476604584802315e+07
2.283396442052069679e+07
2.283353790708825365e+07
2.283394987727136165e+07
2.283459549567728117e+07
2.283522939041856304e+07
2.283574625265128911e+07
2.283534291707058251e+07
2.283454991719108820e+07
2.283329340348967910e+07
2.283101680253136903e+07
2.282842831201627851e+07
2.282604241048195958e+07
2.282461460798052698e+07
2.282404397327437624e+07
2.282508407618236169e+07
2.282723118879184872e+07
2.282949719187378138e+07
2.283145330100368708e+07
2.283292126062138751e+07
2.283380839615674317e+07
2.283421031711874157e+07
2.283405355591148883e+07
2.283373611310259998e+07
2.283335741749716550e+07
2.283341611419480667e+07
2.283379702934478223e+07
2.283421891572740674e+07
2.283519067825880647e+07
2.283552098007940501e+07
2.283593301717570052e+07
2.283557151017224044e+07
2.283441197371935472e+07
2.283267830266628787e+07
2.283022728124552220e+07
2.282711485748953372e+07
2.282430732182876393e+07
2.282249545099591091e+07
2.282155481964598969e+07
2.282173235852968693e+07
2.282276467464220524e+07
2.282460503372917324e+07
2.282702391128869355e+07
2.282961118158822879e+07
2.283130733490646258e+07
2.283256491731370240e+07
2.283339758138058707e+07
2.283355854077143222e+07
2.283264742441103980e+07
2.283148876755606383e+07
2.283079262218239903e+07
2.283086690002907440e+07
2.283167769926463440e+07
2.283251941402952000e+07
2.283332176397971436e+07
2.283412479694336653e+07
2.283418360272910818e+07
2.283350518780782074e+07
2.283183617645654455e+07
2.282934809833644703e+07
2.282630699513362721e+07
2.282353471765666455e+07
2.282150796937238052e+07
2.282071233437156305e+07
2.282105928192564845e+07
2.282263201360995695e+07
2.282499638020085171e+07
2.282754226443218812e+07
2.283020028192224354e+07
2.283279541710864007e+07
2.283344053812156618e+07
2.283251256855360419e+07
2.283081663575300947e+07
2.282884749294311181e+07
2.282714667684844136e+07
2.282626698655522242e+07
2.282641938148130849e+07
2.282765701417528838e+07
2.282947679251553491e+07
2.283133899947376177e+07
2.283281128922355548e+07
2.283355042910718918e+07
2.283355273282396048e+07
2.283277061178670079e+07
2.283081404098315910e+07
2.282852567963985354e+07
2.282604078304734081e+07
2.282434856617591903e+07
2.282364495034260675e+07
2.282435803889016435e+07
2.282621969067171216e+07
2.282957069679524750e+07
2.283248166464465111e+07
2.283388114450595528e+07
2.283430116759500653e+07
2.283367784003200755e+07
2.283202623900900409e+07
2.282994518131062761e+07
2.282768380423200876e+07
2.282612268556132913e+07
2.282551863550663739e+07
2.282606726372132450e+07
2.282777692390215024e+07
2.283093236639927700e+07
2.283366862201704457e+07
2.283487473396468908e+07
2.283475960411054268e+07
2.283320069367813691e+07
2.283046498484485596e+07
2.282754501675863937e+07
2.282496968295292556e+07
2.282295644147999212e+07
2.282175597118172795e+07
2.282182441010036319e+07
2.282318556667696685e+07
2.282536357727760077e+07
2.282783777708498389e+07
2.283056963818154112e+07
2.283236433760296926e+07
2.283229103101296723e+07
2.283082509410265088e+07
2.282868148253652826e+07
2.282639149512369558e+07
2.282463193707397208e+07
2.282375836150083691e+07
2.282386895952608064e+07
2.282488532179098576e+07
2.282674464756467566e+07
2.282894682144138217e+07
2.283104785675648972e+07
2.283263393020981550e+07
2.283330203187324479e+07
2.283209199155478925e+07
2.282965015098768100e+07
2.282680236063610762e+07
2.282456325134394318e+07
2.282310526510602981e+07
2.282373467344707996e+07
2.282346023243558779e+07
2.282508434430408105e+07
2.282713611412071064e+07
2.282942406404410303e+07
2.283120255813860521e+07
2.283232130660003051e+07
2.283179649237624183e+07
2.282952673091362417e+07
2.282653081043803692e+07
2.282409224990927055e+07
2.282234154351500794e+07
2.282174842801627889e+07
2.282225323870648071e+07
2.282394291728407890e+07
2.282612725190565363e+07
2.282862734878259525e+07
2.283057088648206741e+07
2.283184327510495856e+07
2.283241915378373116e+07
2.283178514020902291e+07
2.283002245482815430e+07
2.282808201990321651e+07
2.282674873769928515e+07
2.282671660472374782e+07
2.282729669634663686e+07
2.282855910239626840e+07
2.283031521153906360e+07
2.283209102848966792e+07
2.283350456532930955e+07
2.283470292906330526e+07
2.283497089938496798e+07
2.283427064771267027e+07
2.283198263552870229e+07
2.282930053181656078e+07
2.282691644247538224e+07
2.282538501538825780e+07
2.282457809399079904e+07
2.282492863520638272e+07
2.282614884250270575e+07
2.282814062294987589e+07
2.283010864206464216e+07
2.283173432486020774e+07
2.283283775143754855e+07
2.283309771762075275e+07
2.283173321822547540e+07
2.283036968095811829e+07
2.282865118208000436e+07
2.282940153243531659e+07
2.282794384938550368e+07
2.282892095412169769e+07
2.283000420732470602e+07
2.283181406667188928e+07
2.283325053664984927e+07
2.283484865685379878e+07
2.283517945094888285e+07
2.283412738014290482e+07
2.283182720211314783e+07
2.282913741349843517e+07
2.282645415236796811e+07
2.282478601904602721e+07
2.282408475248748809e+07
2.282405543583216146e+07
2.282483071351059526e+07
2.282625274569240585e+07
2.282814432476401702e+07
2.282978695279113203e+07
2.283106965291110426e+07
2.283224024420248345e+07
2.283272309166124836e+07
2.283184628307862952e+07
2.283062100792424753e+07
2.283035040013262257e+07
2.283074149644831941e+07
2.283197410758391395e+07
2.283314582868756726e+07
2.283421607267639786e+07
2.283512535746904835e+07
2.283576178099194914e+07
2.283615172566134483e+07
2.283599914378402382e+07
2.283526655827432126e+07
2.283324236035123467e+07
2.283068625078528747e+07
2.282820579681799188e+07
2.282612076797869056e+07
2.282424948558776453e+07
2.282358994328080490e+07
2.282392768305593356e+07
2.282469153184701130e+07
2.282593288876688108e+07
2.282754825397602841e+07
2.282856866387755796e+07
2.282882343677097559e+07
2.282905350080448389e+07
2.282924391620163992e+07
2.282911658621390536e+07
2.282887858542343602e+07
2.282952063458672166e+07
2.283049219163170084e+07
2.283204149172979221e+07
2.283343987281299382e+07
2.283470453075905889e+07
2.283547761456776038e+07
2.283508129964458197e+07
2.283448372451872006e+07
2.283321679372018948e+07
2.283112611428990215e+07
2.282860023349894211e+07
2.282643806906916946e+07
2.282464695584097505e+07
2.282358847818526998e+07
2.282302783977080509e+07
2.282321060526756197e+07
2.282418211251727119e+07
2.282654021206667274e+07
2.282840469457631558e+07
2.282998976063747332e+07
2.283102067176837102e+07
2.283114554836066812e+07
2.283158892635264993e+07
2.283248325015223026e+07
2.283337346637928113e+07
2.283343491702349111e+07
2.283338863706319779e+07
2.283406376815801486e+07
2.283478843663123250e+07
2.283560404273364320e+07
2.283585976910549030e+07
2.283582262997410819e+07
2.283468409887025505e+07
2.283310748945432529e+07
2.283173684252050892e+07
2.283041015118566900e+07
2.282916887326409295e+07
2.282806303564067557e+07
2.282716790107478574e+07
2.282697720064292103e+07
2.282731999082710966e+07
2.282789349556567147e+07
2.282838617377125844e+07
2.282903310018811375e+07
2.282939511805248260e+07
2.283037601574131101e+07
