1.903761984180537611e+07
1.903191611402254924e+07
1.903146190289108455e+07
1.902898771907945350e+07
1.902818110904391855e+07
1.902606230333060771e+07
1.902571660080290586e+07
1.902745199964505434e+07
1.903158234634311870e+07
1.903472768111717701e+07
1.903734416745239124e+07
1.903945920155595243e+07
1.904125021330365166e+07
1.904024173421790078e+07
1.903738216186631098e+07
1.903365547855817527e+07
1.903074682729430497e+07
1.902905010963422805e+07
1.902911684029393643e+07
1.903096950385434180e+07
1.903417578447397426e+07
1.903584233254224807e+07
1.903533004811014235e+07
1.903367279880585149e+07
1.903186397783218324e+07
1.902964056014339253e+07
1.902789662002605200e+07
1.902745540331133455e+07
1.902799940454282239e+07
1.902911745897280425e+07
1.903257130190472305e+07
1.903703304831129313e+07
1.904106147597141191e+07
1.904328394246949628e+07
1.904458400284604728e+07
1.904445754488428682e+07
1.904284922038268670e+07
1.903916714083066583e+07
1.903464032984970510e+07
1.902994044533355907e+07
1.902615861453537643e+07
1.902381980912004784e+07
1.902365283185908943e+07
1.902559323730094358e+07
1.902927088131788373e+07
1.903437109402724728e+07
1.903889408031682298e+07
1.904078907162144408e+07
1.904189015344252437e+07
1.904232776784993708e+07
1.904186592558647692e+07
1.904082788807367906e+07
1.903956285785368830e+07
1.903743229647582769e+07
1.903604445472949743e+07
1.903695263544093817e+07
1.903892369873218238e+07
1.904159898434837162e+07
1.904512405998842791e+07
1.904772188514464721e+07
1.904652215040966496e+07
1.904227752675970271e+07
1.903745436598280072e+07
1.903250249407470226e+07
1.902819181754986569e+07
1.902450697195996717e+07
1.902191011942112818e+07
1.902082459884366021e+07
1.902187690061917529e+07
1.902517800179922581e+07
1.902895161184607819e+07
1.903114566388063878e+07
1.903304806734891981e+07
1.903299300175916404e+07
1.903213913887107745e+07
1.903045381068418548e+07
1.902876589509468898e+07
1.902641944850621745e+07
1.902415777898560092e+07
1.902282074145921320e+07
1.902386269509439915e+07
1.902694288495574892e+07
1.903028858887342736e+07
1.903326957050248981e+07
1.903455658722394705e+07
1.903426327412697300e+07
1.903209639442690089e+07
1.902871094530127198e+07
1.902437224481806159e+07
1.902006454383659735e+07
1.901683355165318400e+07
1.901484070076376572e+07
1.901412921937032044e+07
1.901475951787728816e+07
1.901697135623868182e+07
1.901983709410467744e+07
1.902318080468882620e+07
1.902484038292740658e+07
1.902646706331928447e+07
1.902749667036190256e+07
1.902715927623178065e+07
1.902627293709193543e+07
1.902548529816902056e+07
1.902447596539450064e+07
1.902396793615464121e+07
1.902441868131370842e+07
1.902593163256215677e+07
1.902890832378704473e+07
1.903091992640954256e+07
1.903160866166622937e+07
1.903165285538436845e+07
1.903227264014666528e+07
1.903104813530215994e+07
1.902749171957361326e+07
1.902363221365735680e+07
1.901991139161206037e+07
1.901708551207902282e+07
1.901576487815156952e+07
1.901651078468901664e+07
1.901877245870989561e+07
1.902206187585510314e+07
1.902633712576953694e+07
1.902965578264576569e+07
1.903251871291856840e+07
1.903433996221958473e+07
1.903359563492360711e+07
1.903227212902414799e+07
1.903045986059868336e+07
1.902889585534795374e+07
1.902808544734260812e+07
1.902860159502533078e+07
1.903089160636255518e+07
1.903498454441016912e+07
1.903933088176270574e+07
1.904247157569990307e+07
1.904481448542652652e+07
1.904533051393617317e+07
1.904290359212243557e+07
1.903904435792347044e+07
1.903438466037418321e+07
1.902885916197850928e+07
1.902408904963678122e+07
1.902101228877710551e+07
1.901985986872135103e+07
1.902053021974313632e+07
1.902284708885658905e+07
1.902623761690843105e+07
1.902952642038216069e+07
1.903342678453528881e+07
1.903774915085624158e+07
1.904016862093200907e+07
1.903941112719428912e+07
1.903615701133565605e+07
1.903197572496356070e+07
1.902767850789768621e+07
1.902523426647838578e+07
1.902528382495468482e+07
1.902812888781434298e+07
1.903094810901955515e+07
1.903269999990044907e+07
1.903401940843349323e+07
1.903555698911561072e+07
1.903461983152325824e+07
1.903098095129023865e+07
1.902611670347913355e+07
1.902162551211984456e+07
1.901856857739451528e+07
1.901771518068897352e+07
1.901894882615806907e+07
1.902119249727884680e+07
1.902404094026082754e+07
1.902699871375370398e+07
1.902994909447718039e+07
1.903164627232683077e+07
1.903036717586782575e+07
1.902783438045657426e+07
1.902463462149057165e+07
1.902098840616190806e+07
1.901713454178538173e+07
1.901467985256699845e+07
1.901350547381208837e+07
1.901347195312366262e+07
1.901420549443904683e+07
1.901577257690196112e+07
1.901746564993550256e+07
1.901983506169792637e+07
1.902176242685201764e+07
1.902374995203218237e+07
1.902586632438639179e+07
1.902819465346261114e+07
1.902783886706987023e+07
1.902771909705184773e+07
1.903056418881468475e+07
1.902766702556254342e+07
1.903043088986878470e+07
1.903151510591140762e+07
1.903328491225849465e+07
1.903553950122968853e+07
1.903907571598549187e+07
1.904098299698934704e+07
1.904074515747152641e+07
1.903836296934518218e+07
1.903514270369156078e+07
1.903185151500486583e+07
1.902935735079032183e+07
1.902828195612300560e+07
1.902903272424593195e+07
1.903108715221069381e+07
1.903474168874611706e+07
1.903923492101990432e+07
1.904387511933745071e+07
1.904813174207127839e+07
1.905280899300567061e+07
1.905477339368938282e+07
1.905102177382044122e+07
1.904532361407864839e+07
1.903983027602141723e+07
1.903581128804476559e+07
1.903342939636636898e+07
1.903268488836932182e+07
1.903230600931755081e+07
1.903206625101694465e+07
1.903211576132744551e+07
1.903230358519074321e+07
1.903235074465171993e+07
1.903275830088940635e+07
1.903210647345267236e+07
1.903181367226722464e+07
1.903161250243277103e+07
1.903180087631342560e+07
1.903191369742903486e+07
1.903264353018800169e+07
1.903272788759731129e+07
1.903334424122133479e+07
1.903397826820972562e+07
1.903658601248618960e+07
1.903915795639054850e+07
1.904101641449142247e+07
1.904190571322692558e+07
1.904535775884652510e+07
1.904295942294419557e+07
1.904414978676246479e+07
1.904103581221094355e+07
1.903649472078213096e+07
1.903171372542349622e+07
1.902859522590680048e+07
1.902630562259223312e+07
1.902515234333525971e+07
1.902415443396180496e+07
1.902344424878991768e+07
1.902248854193504527e+07
1.902161457436757535e+07
1.902017175152526423e+07
1.901862122655247152e+07
1.901723604124678299e+07
1.901672634622033685e+07
1.901690262051716074e+07
1.901798164312231913e+07
1.901962036682472005e+07
1.902130199740763381e+07
1.902279707602164894e+07
1.902417864150391519e+07
1.902487958445889875e+07
1.902454396609865874e+07
1.902392069114940986e+07
1.902320886966848746e+07
1.902151058110283688e+07
1.901918449122753739e+07
1.901695974288936704e+07
1.901562845904939622e+07
1.901475355740790442e+07
1.901430557147229090e+07
1.901368049280440062e+07
1.901282159709182382e+07
1.901107328721943498e+07
1.900925689871782437e+07
1.900769461791117862e+07
1.900620734894350916e+07
1.900477573101058975e+07
1.900483032118695974e+07
1.900672682216401026e+07
1.900930395835393295e+07
1.901167690398966894e+07
1.901433593838722631e+07
1.901694640255675092e+07
1.902020628504170477e+07
1.902228381999766827e+07
1.902368531068647280e+07
1.902347369371337071e+07
1.902125276516461745e+07
1.901884707227283344e+07
1.901611744544761628e+07
1.901425511347870156e+07
1.901233877853377908e+07
1.901152311387133971e+07
1.901154011849421635e+07
1.901196982066491246e+07
1.901348167417937890e+07
1.901507010340298340e+07
1.901708998698252812e+07
1.901994378421188891e+07
1.902286525685806572e+07
1.902355872142603248e+07
1.902271203744044155e+07
1.902229604463394731e+07
1.902204016027841717e+07
1.902180138461859897e+07
1.902113613274411485e+07
1.902087134435152635e+07
1.902118287605343014e+07
1.902194761438894272e+07
1.902331483048089594e+07
1.902690167615617067e+07
1.903071320214333758e+07
1.903423572498140112e+07
1.903577359816262498e+07
1.903622918047938868e+07
1.903621600503430516e+07
1.903551845662112162e+07
1.903460246842351183e+07
1.903382787420611829e+07
1.903372539330005646e+07
1.903525658944840357e+07
1.903433099882953614e+07
1.903191914205727726e+07
1.903121525126534328e+07
1.903160478863847628e+07
1.903237283575188369e+07
1.903309257979343459e+07
1.903449896043121070e+07
1.903728257316808775e+07
1.903996369914871082e+07
1.904226427357105538e+07
1.904454276273145527e+07
1.904479607332851365e+07
1.904190074423172697e+07
