5.810155814784672111e+07
5.810528219618856162e+07
5.810586918200013041e+07
5.810744948006348312e+07
5.810806834993541241e+07
5.810913591947132349e+07
5.810947137393385917e+07
5.810958642562440783e+07
5.810881805368732661e+07
5.810803779041844606e+07
5.810684933878866583e+07
5.810554054067389667e+07
5.810367766097576171e+07
5.810205359824636579e+07
5.810048180405239761e+07
5.809967607330455631e+07
5.809918300459567457e+07
5.809959380912209302e+07
5.810039787738575041e+07
5.810132343387062103e+07
5.810221664368304610e+07
5.810316231950507313e+07
5.810388410335100442e+07
5.810463753421335667e+07
5.810523045942440629e+07
5.810591933250468224e+07
5.810670185611200333e+07
5.810788288592066616e+07
5.810909651365445554e+07
5.810990589396048337e+07
5.811016113699279726e+07
5.811036253419348598e+07
5.811059971500975639e+07
5.811120153124775738e+07
5.811183939692214876e+07
5.811228757778361440e+07
5.811228453054020554e+07
5.811193398185448349e+07
5.811097223083485663e+07
5.810984777017023414e+07
5.810872845223341137e+07
5.810805339741839468e+07
5.810756744958508015e+07
5.810748634704723209e+07
5.810780039909712970e+07
5.810847742548018694e+07
5.810936972430015355e+07
5.811014128023701906e+07
5.811031078368217498e+07
5.811006132390935719e+07
5.810946420547116548e+07
5.810857962410975993e+07
5.810749898354580998e+07
5.810649768706532568e+07
5.810566515399152786e+07
5.810513846682033688e+07
5.810487951853176206e+07
5.810475272385154665e+07
5.810442213601956517e+07
5.810360474896626174e+07
5.810214678500188142e+07
5.810051560651069880e+07
5.809879713201736659e+07
5.809698999088368565e+07
5.809543198146004230e+07
5.809456861410012096e+07
5.809412514344256371e+07
5.809409217448960245e+07
5.809488329265399277e+07
5.809629670869108289e+07
5.809796732835176587e+07
5.810028304295666516e+07
5.810303842203530669e+07
5.810517047417309880e+07
5.810586687559448183e+07
5.810527224585893005e+07
5.810339756330139190e+07
5.810121456952037662e+07
5.809949569574996084e+07
5.809835588657113910e+07
5.809797808392371237e+07
5.809885459454748034e+07
5.810045821739909053e+07
5.810182952631791681e+07
5.810213623022524267e+07
5.810129152697876096e+07
5.809940102121284604e+07
5.809686942423906177e+07
5.809413707204225659e+07
5.809180314434736967e+07
5.808997735997652262e+07
5.808895737717659771e+07
5.808896915350228548e+07
5.808973985277828574e+07
5.809143210882675648e+07
5.809402541316949576e+07
5.809710457895809412e+07
5.810016788504964113e+07
5.810255289119379222e+07
5.810403522735711932e+07
5.810458807116568089e+07
5.810427103025280684e+07
5.810345783031534404e+07
5.810253683119096607e+07
5.810216714283376187e+07
5.810260859181263298e+07
5.810362617875081301e+07
5.810493127946759760e+07
5.810627479563857615e+07
5.810719677670019120e+07
5.810729358325807005e+07
5.810628410128964484e+07
5.810433948785302043e+07
5.810179436815675348e+07
5.809913150393328816e+07
5.809704196820674092e+07
5.809624357788964361e+07
5.809645502427272499e+07
5.809749483695124835e+07
5.809926726097263396e+07
5.810101545185349137e+07
5.810224644497203082e+07
5.810288556746955961e+07
5.810294420359009504e+07
5.810215086881527305e+07
5.810073165088868886e+07
5.809898360608144850e+07
5.809736890227785707e+07
5.809615591388598084e+07
5.809544031780500710e+07
5.809536475708323717e+07
5.809570334733606130e+07
5.809631141136559844e+07
5.809698191699013114e+07
5.809748980805234611e+07
5.809730436913607270e+07
5.809632905161868036e+07
5.809475441766291112e+07
5.809298959757494181e+07
5.809150800096952170e+07
5.809112639581800252e+07
5.809173832361572236e+07
5.809312394191379845e+07
5.809543021445825696e+07
5.809844142768972367e+07
5.810122281082029641e+07
5.810320774856752902e+07
5.810428232701656222e+07
5.810430885513158888e+07
5.810330745804048330e+07
5.810166830871997774e+07
5.809968086985471100e+07
5.809776393724212050e+07
5.809638502892862260e+07
5.809610927307932079e+07
5.809657643520385772e+07
5.809740380354283005e+07
5.809842875455535948e+07
5.809936644345324486e+07
5.809962181202279776e+07
5.809923466225119680e+07
5.809824916240262985e+07
5.809663001289376616e+07
5.809458955588231981e+07
5.809306883659424633e+07
5.809210818417428434e+07
5.809157136406711489e+07
5.809162505969735980e+07
5.809251929233399034e+07
5.809392316162524372e+07
5.809564881658681482e+07
5.809734247504765540e+07
5.809848861816209555e+07
5.809876361271043122e+07
5.809853712031453848e+07
5.809812190963835269e+07
5.809778498458636552e+07
5.809736541325139999e+07
5.809735225018371642e+07
5.809771414715608209e+07
5.809868992196597159e+07
5.809981251489313692e+07
5.810075552575351298e+07
5.810112536835965514e+07
5.810129953183320910e+07
5.810100015805752575e+07
5.810067867654023319e+07
5.810025713612711430e+07
5.810003235965615511e+07
5.809956668767844141e+07
5.809962132159728557e+07
5.809986008701526374e+07
5.810015802432419360e+07
5.810250203404013813e+07
5.810344829321984947e+07
5.810438224680660665e+07
5.810450739400231093e+07
5.810402117750315368e+07
5.810280651858542860e+07
5.810114735235540569e+07
5.809932753875856847e+07
5.809784582040112466e+07
5.809727429698932916e+07
5.809725502842091024e+07
5.809759700566595793e+07
5.809869217568024248e+07
5.810022990780057013e+07
5.810169225155399740e+07
5.810271382727777958e+07
5.810298055993745476e+07
5.810239493897088617e+07
5.810101367166857421e+07
5.809959459603034705e+07
5.809823939371971041e+07
5.809723921528120339e+07
5.809667086402300000e+07
5.809681579692145437e+07
5.809734277088440210e+07
5.809824727905789018e+07
5.809940546769773960e+07
5.810028210960097611e+07
5.810047177270687371e+07
5.809990873536383361e+07
5.809859148444338143e+07
5.809698479371795058e+07
5.809531545081658661e+07
5.809423838551142067e+07
5.809343784127520770e+07
5.809348640145391971e+07
5.809385664052420110e+07
5.809464808721072227e+07
5.809555309554331005e+07
5.809698565341147780e+07
5.809792542565455288e+07
5.809880974138958752e+07
5.809867605911010504e+07
5.809849893538735062e+07
5.809747186069268733e+07
5.809720431339072436e+07
5.809593409697326273e+07
5.810037218389301747e+07
5.809590012338849157e+07
5.809760327031101286e+07
5.809766927678002417e+07
5.809873998231546581e+07
5.809871503531291336e+07
5.809887541259802878e+07
5.809792889649384469e+07
5.809692850499405712e+07
5.809534067942931503e+07
5.809435594895621389e+07
5.809338121425044537e+07
5.809328182602478564e+07
5.809389691989075392e+07
5.809548170727457851e+07
5.809703137471055239e+07
5.809860852650733292e+07
5.809975430447307974e+07
5.810073864934600145e+07
5.810109996670194715e+07
5.810156793370710313e+07
5.810208549503426254e+07
5.810252966243665665e+07
5.810267847055901587e+07
5.810353493039829284e+07
5.810464854052408785e+07
5.810597899620253593e+07
5.810701430704996735e+07
5.810763465040353686e+07
5.810737989305981249e+07
5.810656459719119221e+07
5.810517597407495230e+07
5.810347642808299512e+07
5.810146814707179368e+07
5.809982550500075519e+07
5.809889554321730137e+07
5.809873645448637754e+07
5.809909009897752851e+07
5.810020811425149441e+07
5.810161847185318172e+07
5.810290398397075385e+07
5.810428837272638828e+07
5.810566610061589628e+07
5.810631312511938065e+07
5.810635370334331691e+07
5.810563673134267330e+07
5.810459501912665367e+07
5.810355701214507967e+07
5.810310833957280964e+07
5.810328421136181802e+07
5.810390887402516603e+07
5.810495679388456047e+07
5.810624074672987312e+07
5.810733512870074809e+07
5.810774077210711688e+07
5.810747018793585151e+07
5.810631726254261285e+07
5.810446883411162347e+07
5.810218911025436223e+07
5.809995046741118282e+07
5.809801513251026720e+07
5.809721830787764490e+07
5.809752464564657956e+07
5.809874459889961034e+07
5.810039987244028598e+07
5.810238059062002599e+07
5.810437495488871634e+07
5.810630921757454425e+07
5.810798286603035033e+07
5.810934952069931477e+07
5.811015549502436072e+07
5.811100723031941801e+07
5.811162618706066906e+07
5.811225732236002386e+07
5.811277929311690480e+07
5.811358920760161430e+07
5.811414895941052586e+07
5.811475391808415949e+07
5.811497632750441879e+07
5.811470168428593874e+07
5.811356405793154240e+07
5.811245509280441701e+07
5.811154761358118057e+07
5.811091085378285497e+07
5.811004792326446623e+07
5.810939075561534613e+07
5.810834880914735794e+07
5.810726719682885706e+07
5.810550386581961066e+07
5.810432183194185793e+07
5.810310680415432900e+07
5.810296471543963999e+07
5.810289276398266852e+07
5.810375353687237203e+07
5.810347535262054950e+07
5.810489163228587806e+07
