5.744602677533329464e+06
5.745818796101185493e+06
5.746033529769387096e+06
5.746492882023614831e+06
5.746592084011480212e+06
5.747078626066568308e+06
5.747349307702096179e+06
5.747491133070584387e+06
5.747474824260579422e+06
5.747292573739576153e+06
5.746796764824461192e+06
5.746030962629688904e+06
5.744807126310880296e+06
5.743688728099013679e+06
5.742537016305328347e+06
5.741289074052191339e+06
5.740300076761188917e+06
5.739586031168750487e+06
5.739194602343121544e+06
5.739382708485656418e+06
5.740204419023755938e+06
5.741227702622001991e+06
5.742463360276740044e+06
5.743856383521791548e+06
5.745096685805238783e+06
5.746095775036605075e+06
5.746677251118171029e+06
5.747062113117622212e+06
5.747153118640399538e+06
5.747012388090075925e+06
5.747019614699176513e+06
5.747160080509037711e+06
5.747234775561803952e+06
5.747367121711251326e+06
5.747496480099852197e+06
5.747237657361963764e+06
5.746536004714604467e+06
5.745687947454448789e+06
5.744571563895455562e+06
5.743100812348657288e+06
5.741454269525610842e+06
5.740099730299872346e+06
5.739051518592102453e+06
5.738490715847535059e+06
5.738818193463507108e+06
5.739658304236247204e+06
5.741011398370465264e+06
5.742835303178236820e+06
5.744598249698252417e+06
5.745973607389488257e+06
5.747097933726593852e+06
5.747531493140823208e+06
5.747467535793519579e+06
5.747220385515080765e+06
5.746724845681887120e+06
5.746382178220544942e+06
5.746371329802073538e+06
5.746576493708905764e+06
5.747128525244565681e+06
5.747615075239796191e+06
5.747546299022153951e+06
5.747177909740286879e+06
5.746509463495605625e+06
5.744991649852577597e+06
5.743185599489331245e+06
5.741155431244494393e+06
5.739195742252543569e+06
5.737846578125175089e+06
5.737468383150396869e+06
5.737813061748730019e+06
5.739091691966399550e+06
5.741050735853795893e+06
5.743282304353112355e+06
5.745308535936103202e+06
5.746694581137572415e+06
5.747542082677580416e+06
5.747589191487159580e+06
5.747190828439380042e+06
5.746475155419023708e+06
5.745727853451100178e+06
5.745348172203912400e+06
5.745370661423224024e+06
5.745996462974191643e+06
5.746883161844655871e+06
5.747656784387956373e+06
5.748003129781306721e+06
5.747920055503224023e+06
5.746949515309825540e+06
5.745109657813090831e+06
5.742762535517578013e+06
5.740303532498043962e+06
5.738117505436272360e+06
5.736864133692164905e+06
5.736657888160504401e+06
5.737391952094488777e+06
5.739113093313951045e+06
5.741557121445887722e+06
5.743941172641416080e+06
5.745809586069160141e+06
5.747065092895479873e+06
5.747603665823698044e+06
5.747205276900330558e+06
5.746216374617363326e+06
5.745008568225366995e+06
5.744087057259935886e+06
5.743707160885006189e+06
5.744247320542584173e+06
5.745384996618177742e+06
5.746666537000293843e+06
5.747948444622056559e+06
5.748733508945593610e+06
5.748479669296929613e+06
5.747117534186513163e+06
5.744951222966207191e+06
5.742259008536067791e+06
5.739506221146895550e+06
5.737560112956286408e+06
5.736573662852221169e+06
5.736625978373599239e+06
5.737914011051724665e+06
5.740227832790199667e+06
5.742828845802102238e+06
5.745181436750500463e+06
5.746948385499142110e+06
5.747733571693369187e+06
5.747389534506119788e+06
5.746294958676883951e+06
5.744760627529519610e+06
5.743225292154081166e+06
5.742234702424967661e+06
5.742314715513777919e+06
5.743243174616652541e+06
5.744774995322092436e+06
5.746626777100306004e+06
5.748290868194831535e+06
5.749119408434760757e+06
5.748638908958094195e+06
5.747051493111119606e+06
5.744644906186899170e+06
5.741681850145344622e+06
5.739057502710484900e+06
5.737337624627641402e+06
5.736652919489999302e+06
5.737217392609520815e+06
5.739146224108732305e+06
5.741716486662987620e+06
5.744241135384171270e+06
5.746325090283883736e+06
5.747524970297965221e+06
5.747492197207945399e+06
5.746502128572932445e+06
5.744773324157977477e+06
5.742738401279748417e+06
5.741060605112221092e+06
5.740548306412070990e+06
5.740967213421549648e+06
5.742195548892132007e+06
5.744339271778119728e+06
5.746782712788811885e+06
5.748574888951747678e+06
5.749148862428004853e+06
5.748573152679341845e+06
5.746789050519280136e+06
5.744162983510601334e+06
5.741417158907081932e+06
5.739085694765245542e+06
5.737839156896947883e+06
5.737650746831304394e+06
5.738972443320425227e+06
5.741174671415886842e+06
5.743569709047071636e+06
5.746005706289932132e+06
5.747733616369772702e+06
5.748045089165061712e+06
5.747288227550317533e+06
5.745679721872582100e+06
5.743343382984359749e+06
5.741120145071693696e+06
5.739678294680395164e+06
5.739282142193600535e+06
5.739989602559875697e+06
5.741735060432053171e+06
5.744323271789691411e+06
5.746807505843752995e+06
5.748449817530257627e+06
5.748917078057754785e+06
5.748179926030351780e+06
5.746305449798672460e+06
5.743959970105985180e+06
5.741640368522967212e+06
5.739813450472624972e+06
5.739158122756863944e+06
5.740153853906575590e+06
5.741219971371608786e+06
5.743455493090139702e+06
5.745793155292248353e+06
5.747709170399613678e+06
5.748468920733992010e+06
5.748101866986950859e+06
5.746559324554320425e+06
5.744419609118068591e+06
5.741743798009441234e+06
5.739545030964315869e+06
5.738367759791603312e+06
5.738144027511100285e+06
5.739096847521318123e+06
5.741358651096614078e+06
5.743875120261564851e+06
5.746179287589113228e+06
5.747703196715138853e+06
5.747872223547441885e+06
5.746866542346812785e+06
5.745382880915600806e+06
5.743531183793838136e+06
5.741718129175643437e+06
5.740625911253334023e+06
5.740729023158664815e+06
5.741731565100273117e+06
5.743399486639877781e+06
5.745398927804309875e+06
5.747399422883245163e+06
5.748473836294668727e+06
5.748521405680115335e+06
5.747444769962736405e+06
5.745399419441948645e+06
5.742742007541746832e+06
5.740235754697801545e+06
5.738194002857770771e+06
5.737191631872417405e+06
5.737330443418337032e+06
5.738720706999260932e+06
5.740885246063124388e+06
5.743268053402871825e+06
5.745234467333932407e+06
5.746468744829093106e+06
5.746455460939535871e+06
5.745875549177824520e+06
5.744647365433677100e+06
5.743388196198835038e+06
5.742041827504773624e+06
5.743126968288651668e+06
5.742486398508511484e+06
5.744002869614063762e+06
5.745558139761823229e+06
5.747468420215831138e+06
5.748736678126522340e+06
5.749284070722618140e+06
5.748489279000260867e+06
5.746846727604084648e+06
5.744307445765449665e+06
5.741800971098470502e+06
5.739575276414747350e+06
5.737862642881898209e+06
5.737158607468412258e+06
5.737760408320600167e+06
5.739076038804301061e+06
5.740942648052861914e+06
5.742982490378787741e+06
5.744567093920105137e+06
5.745398858389104716e+06
5.745398474347420968e+06
5.744963556746155024e+06
5.744217733546772040e+06
5.743309383595841937e+06
5.743174297808103263e+06
5.743697026946360245e+06
5.744470024482362904e+06
5.745790244819314219e+06
5.747341704500501975e+06
5.748579259132049978e+06
5.749434857124672271e+06
5.749193781700975262e+06
5.747858667231650092e+06
5.745986220702786930e+06
5.743797570189376362e+06
5.741476477030268870e+06
5.739491834386541508e+06
5.738069227440939285e+06
5.737728462808839977e+06
5.738316412118734792e+06
5.739355861286669038e+06
5.740761759494761005e+06
5.742337232499132864e+06
5.743554096424683928e+06
5.744351236612253822e+06
5.744575283916726708e+06
5.744293886234721169e+06
5.744104484050377272e+06
5.744104618252673186e+06
5.744416628502783366e+06
5.745045172571499832e+06
5.745924636803092435e+06
5.747044319039504044e+06
5.748090044906091876e+06
5.748827793907859363e+06
5.748994225168427452e+06
5.748410536655528471e+06
5.746991774731553160e+06
5.745279584092957899e+06
5.743486267615931109e+06
5.741478985767757520e+06
5.739742145046901889e+06
5.738719940985259600e+06
5.738302534226686694e+06
5.738415221470540389e+06
5.739143442876139656e+06
5.740129942956808023e+06
5.741258489885466173e+06
5.742438540168006904e+06
5.743294955155300908e+06
5.743630476543137804e+06
5.744008070793175139e+06
5.744432364371595904e+06
5.744807014216287993e+06
5.745196406660146080e+06
5.745799439888036810e+06
5.746435528103641234e+06
5.747199044900076464e+06
5.747848676066282205e+06
5.748081537068547681e+06
5.747943073683558963e+06
5.747382512093688361e+06
5.746382816333104856e+06
5.745113309262529947e+06
5.743526149854271673e+06
5.741975674632325768e+06
5.740517833777843975e+06
5.739460225175933912e+06
5.738648148882375099e+06
5.738503165930847637e+06
5.738649453381507657e+06
5.739367251636756584e+06
5.740332542815978639e+06
5.741560223507669754e+06
5.742315453773969784e+06
5.743535664489381015e+06
