5.471696377280825749e+06
5.472742831129660830e+06
5.473038770793735981e+06
5.473399592880269513e+06
5.473497698064946570e+06
5.473997746469705366e+06
5.474270543156975880e+06
5.474440145251590759e+06
5.474393192284022458e+06
5.474209928422844037e+06
5.473757079183388501e+06
5.473048301501454785e+06
5.471750078473440371e+06
5.470622636934768409e+06
5.469517540454323404e+06
5.468172685189525597e+06
5.467220301765713841e+06
5.466468107375349849e+06
5.466030113891766407e+06
5.466278637309577316e+06
5.467111006286009215e+06
5.468075065138798207e+06
5.469310855357937515e+06
5.470652358439520933e+06
5.471975038454163820e+06
5.472963402959295548e+06
5.473527577279346064e+06
5.473919344484332949e+06
5.474010292223647237e+06
5.473880641394543462e+06
5.473867563599229790e+06
5.473914747723323293e+06
5.473932290031753480e+06
5.474070368801695295e+06
5.474233547082760371e+06
5.473994471870541573e+06
5.473304770406605676e+06
5.472480174900355749e+06
5.471362630843985826e+06
5.469805128370968625e+06
5.468126378369129263e+06
5.466690520722584799e+06
5.465654435352206230e+06
5.465108683712005615e+06
5.465525039893440902e+06
5.466395506313454360e+06
5.467688696427905001e+06
5.469576747737869620e+06
5.471356016277206130e+06
5.472647854121896438e+06
5.473794572566586547e+06
5.474204632141258568e+06
5.474067275191833265e+06
5.473919355155364610e+06
5.473385269243531860e+06
5.472988002706008032e+06
5.473064616703081876e+06
5.473181395008294843e+06
5.473718672567530535e+06
5.474323688339519314e+06
5.474237876747084782e+06
5.473869815559707582e+06
5.473242014437751845e+06
5.471696613264208660e+06
5.469853491596340202e+06
5.467805387286224402e+06
5.465789636642786674e+06
5.464533270455435850e+06
5.464209559464315884e+06
5.464513796264633536e+06
5.465812067715976387e+06
5.467751435680299066e+06
5.470024267762786709e+06
5.472058802764364518e+06
5.473336672965380363e+06
5.474230789922783151e+06
5.474312954158996232e+06
5.473783114335875027e+06
5.473011253867088817e+06
5.472234539448803291e+06
5.471890456804449670e+06
5.471936511259435676e+06
5.472591052989066578e+06
5.473534781882477924e+06
5.474375986717402004e+06
5.474698199883637019e+06
5.474585339000625536e+06
5.473624589190674014e+06
5.471796417971847579e+06
5.469397554485867731e+06
5.466927000061584637e+06
5.464709809783933684e+06
5.463507717346505262e+06
5.463401945425161161e+06
5.464083438052843325e+06
5.465883782056419179e+06
5.468358492265430279e+06
5.470769241072271019e+06
5.472607428539535962e+06
5.473791531182578765e+06
5.474301971136403270e+06
5.473811141790769063e+06
5.472757644554373808e+06
5.471518778241178021e+06
5.470626190834019333e+06
5.470373175546276383e+06
5.471004490717956796e+06
5.472159225483846851e+06
5.473532347019712441e+06
5.474851751751602627e+06
5.475659193638857454e+06
5.475393582511955872e+06
5.474043162490127608e+06
5.471890142892011441e+06
5.469086833459251560e+06
5.466230131386648864e+06
5.464302863737809472e+06
5.463347407922374085e+06
5.463445502020671032e+06
5.464736657138046809e+06
5.467123104131259955e+06
5.469740160318969749e+06
5.472145915650695562e+06
5.473824724995116703e+06
5.474622609408670105e+06
5.474178230057299137e+06
5.473116055510471575e+06
5.471477364897975698e+06
5.469945432184185833e+06
5.469053610087512061e+06
5.469234071907741949e+06
5.470236110578838736e+06
5.471838440199158154e+06
5.473752525747466832e+06
5.475502563930244185e+06
5.476350665690713562e+06
5.475738038322799839e+06
5.474112833568620495e+06
5.471599609112027101e+06
5.468548305301954038e+06
5.465892857106700540e+06
5.464296258189222775e+06
5.463648789611521177e+06
5.464273079987931997e+06
5.466297571435291320e+06
5.468925730405344628e+06
5.471561316614125855e+06
5.473624620074060746e+06
5.474784302277867682e+06
5.474634243667129427e+06
5.473645193269756623e+06
5.471867330359826796e+06
5.469745612361416221e+06
5.468087972096439451e+06
5.467652248343533836e+06
5.468174747429754585e+06
5.469393473716438748e+06
5.471544059355870821e+06
5.474115773877047002e+06
5.475932723895950243e+06
5.476431748478375375e+06
5.475812738714509644e+06
5.473916944620314054e+06
5.471280485363340005e+06
5.468467759634220041e+06
5.466122965525884181e+06
5.464999737758001313e+06
5.464866683873067610e+06
5.466238990745810792e+06
5.468517369647187181e+06
5.470923157786375843e+06
5.473412775676296093e+06
5.475166219699191861e+06
5.475321416709843092e+06
5.474578048446300440e+06
5.472903324379624799e+06
5.470419763769699261e+06
5.468176115620784461e+06
5.466752440528207459e+06
5.466427168411199003e+06
5.467204800923096947e+06
5.468951626843936741e+06
5.471592811775661074e+06
5.474165018421321176e+06
5.475792880311032757e+06
5.476164972148315050e+06
5.475359203444349580e+06
5.473517609607289545e+06
5.471132376792878844e+06
5.468785290285401046e+06
5.466877463686983101e+06
5.466363791528208181e+06
5.467526781641080044e+06
5.468625284372896887e+06
5.470989959484289400e+06
5.473414438574864529e+06
5.475338932952677831e+06
5.476001482501758263e+06
5.475516317085434683e+06
5.473871111080808565e+06
5.471724137649013661e+06
5.468895780137084424e+06
5.466614284172716551e+06
5.465582649885612540e+06
5.465481790348961949e+06
5.466464183820793405e+06
5.468848439001116902e+06
5.471428981918532401e+06
5.473820023828720674e+06
5.475352291197457351e+06
5.475294553685384803e+06
5.474216094365344383e+06
5.472692978665131144e+06
5.470807516267705709e+06
5.468841285653815605e+06
5.467785154838011600e+06
5.468019305306424387e+06
5.469143080295492895e+06
5.470865708774961531e+06
5.472887193394866772e+06
5.475068869199676439e+06
5.476149781524118967e+06
5.476125603006313555e+06
5.474912812238873914e+06
5.472824326200158335e+06
5.470112771584100090e+06
5.467578233273151331e+06
5.465470782299338840e+06
5.464555248893802054e+06
5.464850202867333777e+06
5.466254037634009495e+06
5.468527726226401515e+06
5.470939372805048712e+06
5.472993797295598313e+06
5.474194449157293886e+06
5.474083412428321317e+06
5.473391639378446154e+06
5.472260083863284439e+06
5.470848730979584157e+06
5.469433160901313648e+06
5.470656682805377059e+06
5.469992839631470852e+06
5.471628915296570398e+06
5.473149953423121013e+06
5.475101063300109468e+06
5.476444158346395008e+06
5.477016033350962214e+06
5.476039438902930357e+06
5.474427821301684715e+06
5.471842126483067870e+06
5.469366400837787427e+06
5.467095770793338306e+06
5.465355289289022796e+06
5.464739774080480449e+06
5.465454580870045349e+06
5.466743427011890337e+06
5.468667516841394827e+06
5.470794964957891963e+06
5.472423986843802966e+06
5.473219821494201198e+06
5.473113553384885192e+06
5.472679098306512460e+06
5.471908279577464797e+06
5.470885984262844548e+06
5.470711161799259484e+06
5.471374732641677372e+06
5.472154464242058806e+06
5.473506970371821895e+06
5.474989024889511056e+06
5.476182590999889188e+06
5.477163421180827543e+06
5.476897049118109047e+06
5.475438616262538359e+06
5.473651701359142549e+06
5.471457440891799517e+06
5.469081999326919205e+06
5.467015367474110797e+06
5.465572658786493354e+06
5.465321640798649751e+06
5.466028469354354776e+06
5.467021834543809295e+06
5.468471505540335551e+06
5.470063557265638374e+06
5.471307075656406581e+06
5.472047520259729587e+06
5.472257315178118646e+06
5.471927652029008605e+06
5.471800751577613875e+06
5.471724797726875171e+06
5.471961438261233270e+06
5.472672372974230908e+06
5.473528045302709565e+06
5.474639260581132956e+06
5.475673525916735642e+06
5.476437108548207209e+06
5.476610638298980892e+06
5.475962423620027490e+06
5.474412142715589143e+06
5.472754873695449904e+06
5.470986500701305456e+06
5.468940170778376050e+06
5.467174470641627908e+06
5.466259860877138563e+06
5.465933633349863812e+06
5.466053652257909067e+06
5.466830833919517696e+06
5.467760630389054306e+06
5.468935106506802142e+06
5.470067815278002061e+06
5.470902893164738081e+06
5.471156721104052849e+06
5.471535101847887971e+06
5.471958682602071203e+06
5.472275603900640272e+06
5.472683238760483451e+06
5.473315735350899398e+06
5.473956781789426692e+06
5.474698353430814110e+06
5.475422622196051292e+06
5.475653762935089879e+06
5.475544145499296486e+06
5.474959013103311881e+06
5.473924095931020565e+06
5.472663008708433248e+06
5.471082884610810317e+06
5.469491640169209801e+06
5.468055697933594696e+06
5.467038995675611310e+06
5.466236780832154676e+06
5.466130821366863325e+06
5.466290413496533409e+06
5.467029627504668199e+06
5.468005376122893766e+06
5.469210629928672686e+06
5.469892932263161056e+06
5.471090753536283039e+06
