9.911348582891555503e+06
9.912315949839303270e+06
9.912636013074707240e+06
9.913023918945075944e+06
9.913197599580464885e+06
9.913638900429619476e+06
9.913973423873987049e+06
9.914148990437641740e+06
9.914137077403206378e+06
9.913954586695063859e+06
9.913534593869885430e+06
9.912738044938525185e+06
9.911510373932067305e+06
9.910370160142224282e+06
9.909162382258536294e+06
9.907915056021895260e+06
9.906891989180898294e+06
9.906145423510344699e+06
9.905716681555725634e+06
9.905824980653142557e+06
9.906584770900640637e+06
9.907580501006631181e+06
9.908774642940729856e+06
9.910175503892349079e+06
9.911483428438829258e+06
9.912482242676284164e+06
9.913061148768162355e+06
9.913443424606319517e+06
9.913542509337183088e+06
9.913458631471116096e+06
9.913457644667206332e+06
9.913521835318544880e+06
9.913564386422108859e+06
9.913675937105197459e+06
9.913788632445456460e+06
9.913498003562564030e+06
9.912812764111615717e+06
9.911973291220365092e+06
9.910840551818640903e+06
9.909326601554339752e+06
9.907664724679639563e+06
9.906244598168974742e+06
9.905164847715299577e+06
9.904604927459923550e+06
9.904891181021712720e+06
9.905727531510509551e+06
9.907025448778221384e+06
9.908784251437207684e+06
9.910553897146672010e+06
9.912000040584206581e+06
9.913093698767783120e+06
9.913555222478803247e+06
9.913568765141351148e+06
9.913347191868754104e+06
9.912928765057688579e+06
9.912576982920302078e+06
9.912554005456358194e+06
9.912721733237443492e+06
9.913216032335594296e+06
9.913660740575602278e+06
9.913622326178323478e+06
9.913315063974471763e+06
9.912637668672585860e+06
9.911217102955885231e+06
9.909360732732528821e+06
9.907299921738909557e+06
9.905351953882856295e+06
9.904024574521491304e+06
9.903586137503761798e+06
9.903908902443591505e+06
9.905174822039699182e+06
9.907087567656135187e+06
9.909276063566995785e+06
9.911285795304264873e+06
9.912712637823216617e+06
9.913572554870273918e+06
9.913777853762883693e+06
9.913361221874848008e+06
9.912695606499638408e+06
9.911965759933790192e+06
9.911562556355286390e+06
9.911636811699293554e+06
9.912230566618038341e+06
9.913105877317748964e+06
9.913897824612995610e+06
9.914290508445095271e+06
9.914161489655936137e+06
9.913193284835018218e+06
9.911381772224642336e+06
9.909038508795712143e+06
9.906564815302211791e+06
9.904341414925172925e+06
9.903103097284423187e+06
9.902892247153250501e+06
9.903629124652063474e+06
9.905305183438675478e+06
9.907748522442720830e+06
9.910164019979383796e+06
9.912047123347079381e+06
9.913309673626266420e+06
9.913791492039535195e+06
9.913431032877823338e+06
9.912459865409418941e+06
9.911296348391888663e+06
9.910493714018560946e+06
9.910245713043276221e+06
9.910840191625094041e+06
9.911913767310056835e+06
9.913199538686694577e+06
9.914482221466669813e+06
9.915218493046592921e+06
9.915009442577775568e+06
9.913752303089976311e+06
9.911610299603527412e+06
9.908887436564968899e+06
9.906096789987560362e+06
9.904116461034271866e+06
9.903114333696035668e+06
9.903164301824478433e+06
9.904385513447906822e+06
9.906663413830840960e+06
9.909281691438456997e+06
9.911605474487811327e+06
9.913426679684599862e+06
9.914242192223934457e+06
9.913930064037756994e+06
9.912869026656486094e+06
9.911416852323630825e+06
9.909939321585295722e+06
9.908966742970438674e+06
9.908995113782200962e+06
9.909910820263030007e+06
9.911460202813776210e+06
9.913325894207710400e+06
9.915019421006847173e+06
9.915851580921182409e+06
9.915411033692579716e+06
9.913896508040200919e+06
9.911481886187616736e+06
9.908479443834716454e+06
9.905831596785539761e+06
9.904087343149578199e+06
9.903380278524719179e+06
9.903963449390355498e+06
9.905879465875567868e+06
9.908457204626578838e+06
9.911080356901934370e+06
9.913266560240784660e+06
9.914487637776898220e+06
9.914502306424159557e+06
9.913528225283151492e+06
9.911804184212150052e+06
9.909814910188402981e+06
9.908149045581031591e+06
9.907579003111822531e+06
9.908007245209142566e+06
9.909287606365628541e+06
9.911484536235896870e+06
9.913922069548444822e+06
9.915661645960733294e+06
9.916260782350681722e+06
9.915645112753927708e+06
9.913880309513976797e+06
9.911263225482540205e+06
9.908535565892620012e+06
9.906266776682306081e+06
9.904940273678502068e+06
9.904740613157546148e+06
9.905994733200045303e+06
9.908204090145880356e+06
9.910564873666478321e+06
9.913024653665805236e+06
9.914785851907132193e+06
9.915177876631999388e+06
9.914419770016236231e+06
9.912796326052134857e+06
9.910457948786674067e+06
9.908216345987584442e+06
9.906800129998015240e+06
9.906384841908743605e+06
9.907142516730029136e+06
9.908875676143812016e+06
9.911416598450215533e+06
9.913842566298771650e+06
9.915465178319007158e+06
9.915920398938454688e+06
9.915201828272040933e+06
9.913418200772808865e+06
9.911098095706952736e+06
9.908818331163506955e+06
9.906982629817698151e+06
9.906334319691020995e+06
9.907416860887246206e+06
9.908404369334995747e+06
9.910695408423952758e+06
9.913009279187694192e+06
9.914867799135740846e+06
9.915640807162418962e+06
9.915288568596392870e+06
9.913829514534354210e+06
9.911670160384831950e+06
9.909004673006199300e+06
9.906808534129472449e+06
9.905591020619027317e+06
9.905397987054098397e+06
9.906375498516555876e+06
9.908675261844946072e+06
9.911182567202500999e+06
9.913509143737053499e+06
9.915051696762733161e+06
9.915273803654583171e+06
9.914265277476938441e+06
9.912757728824589401e+06
9.910941699263768271e+06
9.909130612946217880e+06
9.908080270134285092e+06
9.908202835052223876e+06
9.909231688118740916e+06
9.910891291396608576e+06
9.912903049055900425e+06
9.914862561949040741e+06
9.915994831507358700e+06
9.916022814680723473e+06
9.914940809393085539e+06
9.912920266106873751e+06
9.910272161184648052e+06
9.907727611948320642e+06
9.905681968310326338e+06
9.904649373780172318e+06
9.904803862329559401e+06
9.906217443474536762e+06
9.908379304716642946e+06
9.910755017697144300e+06
9.912680773638263345e+06
9.913925218296647072e+06
9.913960076387295499e+06
9.913344975246092305e+06
9.912120701903095469e+06
9.910820169207986444e+06
9.909607781592510641e+06
9.910489210785994306e+06
9.910013265132928267e+06
9.911518818170497194e+06
9.913110170244580135e+06
9.915022294347479939e+06
9.916301179885167629e+06
9.916862788116427138e+06
9.916156645162088796e+06
9.914537904323872179e+06
9.912006488376108930e+06
9.909462081150094047e+06
9.907216580762656406e+06
9.905511217448802665e+06
9.904773926471183077e+06
9.905308559269526973e+06
9.906634804285258055e+06
9.908461843018878251e+06
9.910458845120387152e+06
9.912106342711770907e+06
9.912965150419551879e+06
9.913045724934695289e+06
9.912625099062016234e+06
9.911838565597254783e+06
9.910955000760978088e+06
9.910823941243981943e+06
9.911270007743731141e+06
9.912052576550137252e+06
9.913320739821584895e+06
9.914883857137581334e+06
9.916142882841568440e+06
9.916959647882001474e+06
9.916732537105681375e+06
9.915491335252353922e+06
9.913633863059965894e+06
9.911437092805076391e+06
9.909063830018341541e+06
9.907016058926898986e+06
9.905570571510996670e+06
9.905163859840748832e+06
9.905697954854311422e+06
9.906782817294223234e+06
9.908185729071479291e+06
9.909708140142317861e+06
9.910910298090491444e+06
9.911720485063757747e+06
9.911943043586624786e+06
9.911747395762214437e+06
9.911562638873895630e+06
9.911581138659821823e+06
9.911888181728560477e+06
9.912484482574775815e+06
9.913330920833786950e+06
9.914442644727345556e+06
9.915490997352642938e+06
9.916242923739762977e+06
9.916380894267825410e+06
9.915787595748052001e+06
9.914374543330406770e+06
9.912689255417082459e+06
9.910908279625231400e+06
9.908889894330540672e+06
9.907160771393796429e+06
9.906115543749123812e+06
9.905657710264634341e+06
9.905713197005588561e+06
9.906384238265667111e+06
9.907321943717602640e+06
9.908460077607810497e+06
9.909629918237850070e+06
9.910467836938649416e+06
9.910881349991688505e+06
9.911266260125266388e+06
9.911651110563892871e+06
9.912036776274014264e+06
9.912452454149065539e+06
9.913087065244462341e+06
9.913719660932619125e+06
9.914457275124421343e+06
9.915118522618843243e+06
9.915363602648144588e+06
9.915233709411233664e+06
9.914684100191291422e+06
9.913712326423479244e+06
9.912440462893949822e+06
9.910847640462728217e+06
9.909293251404901966e+06
9.907832890505215153e+06
9.906756258279543370e+06
9.905950879185510799e+06
9.905758633236272261e+06
9.905923943401003256e+06
9.906631039774786681e+06
9.907538765219103545e+06
9.908739182180732489e+06
9.909560711631933227e+06
9.910749947227062657e+06
