1.736256314666264225e+06
1.739468496293100296e+06
1.739073015622748062e+06
1.739879991937189596e+06
1.739765431035145884e+06
1.740317889038504334e+06
1.740410178045276320e+06
1.740757843412938062e+06
1.740682168009319110e+06
1.740745426331721479e+06
1.740455202666884754e+06
1.739968563859834103e+06
1.738939426379003562e+06
1.738079756106932880e+06
1.736711976021649549e+06
1.735575063427658286e+06
1.734225568194311811e+06
1.733265455841251649e+06
1.732442838627284626e+06
1.732325305280544329e+06
1.732607750767724821e+06
1.733510702263477258e+06
1.734604993789057015e+06
1.736064971378876362e+06
1.737402978938047541e+06
1.738629342116162647e+06
1.739311534125210252e+06
1.739773222155807307e+06
1.739895987527000718e+06
1.739739288183724042e+06
1.739568696893181186e+06
1.739511110308864620e+06
1.739435127269334393e+06
1.739507821087529650e+06
1.739698835555115947e+06
1.739664437366977101e+06
1.739230884994996479e+06
1.738663030021938728e+06
1.737659862011400750e+06
1.736225120007517980e+06
1.734497540590262273e+06
1.732768278518107953e+06
1.731267694298595889e+06
1.730328158458216349e+06
1.730042080144111067e+06
1.730505779291901505e+06
1.731653369006721536e+06
1.733342411022730870e+06
1.735108243146145716e+06
1.736873758654055651e+06
1.738073074261582689e+06
1.738738736483131535e+06
1.738866371347805485e+06
1.738515529039349174e+06
1.737938081953944638e+06
1.737359486877367133e+06
1.736971012192293303e+06
1.736992095727231819e+06
1.737428140588109614e+06
1.737880977211811114e+06
1.738206108829284087e+06
1.738217884697775124e+06
1.737778596088964259e+06
1.736657785196749028e+06
1.734906762159599457e+06
1.732738652825133642e+06
1.730447965715189697e+06
1.728626467796144309e+06
1.727543651376822032e+06
1.727328819091581507e+06
1.728135357421104098e+06
1.729763235502629541e+06
1.731973234573011985e+06
1.734154622945440467e+06
1.736003366233674344e+06
1.737035864175910363e+06
1.737475553768020356e+06
1.737161257787297945e+06
1.736320278428195510e+06
1.735390138447402278e+06
1.734645782397802221e+06
1.734347803985401522e+06
1.734679814614041243e+06
1.735589621200955473e+06
1.736513295074512018e+06
1.737304717928110389e+06
1.737670680556252366e+06
1.737078709917709464e+06
1.735692059999729507e+06
1.733412900287627941e+06
1.730792270037044305e+06
1.728260304187298752e+06
1.726296577514497098e+06
1.725355708389780251e+06
1.725620712360632373e+06
1.726890342374099884e+06
1.729077797863223124e+06
1.731656038851514226e+06
1.733907532889283495e+06
1.735649134544684319e+06
1.736543568451104686e+06
1.736447367241363274e+06
1.735476182921069907e+06
1.734248565188112203e+06
1.732935241659115301e+06
1.732131068720469950e+06
1.732325805050557246e+06
1.733216153493280290e+06
1.734518508173489943e+06
1.736099362792012747e+06
1.737342457077905070e+06
1.737742427578489995e+06
1.737054508957189042e+06
1.735216572891681688e+06
1.732636446419889107e+06
1.729693978626862401e+06
1.727121864217580296e+06
1.725436311987830093e+06
1.724854872689811047e+06
1.725610124961521709e+06
1.727527933964912314e+06
1.730164546676296042e+06
1.732793099761823891e+06
1.735087007151595084e+06
1.736490443170263432e+06
1.736651415582692716e+06
1.735840330753475428e+06
1.734342493195749586e+06
1.732571703126777429e+06
1.731128217987779295e+06
1.730620417612991296e+06
1.731178042504568351e+06
1.732591123993508751e+06
1.734450752991349669e+06
1.736577618964860216e+06
1.737979050534455106e+06
1.738326274767820723e+06
1.737227080189675558e+06
1.735197142364733154e+06
1.732282281741703628e+06
1.729367766730671516e+06
1.726939525696348632e+06
1.725629932004557457e+06
1.725582236502110027e+06
1.727002266443377594e+06
1.729364971405678894e+06
1.732125020052376902e+06
1.734688659894428914e+06
1.736579198859967990e+06
1.737282928428245476e+06
1.736765052307335893e+06
1.735228688175089890e+06
1.733243414871462854e+06
1.731185817578345304e+06
1.730001215898781084e+06
1.729846720318376087e+06
1.730732384785901522e+06
1.732621695812239079e+06
1.735224667243948672e+06
1.737414092914022272e+06
1.738822131454387680e+06
1.738841857579922071e+06
1.737671805821023649e+06
1.735314514558019117e+06
1.732557598302703118e+06
1.729836691334689036e+06
1.727892651072567096e+06
1.727059024360871874e+06
1.727701331011008471e+06
1.729507778815795667e+06
1.731903134072316112e+06
1.734526452011949150e+06
1.736773233676566742e+06
1.737974652956782375e+06
1.737779140873876633e+06
1.736476332369674463e+06
1.734342521645254223e+06
1.731790446579829091e+06
1.729825142545138719e+06
1.728727510420153150e+06
1.728835024541315157e+06
1.730145322319599101e+06
1.732557536452702479e+06
1.735090305833751103e+06
1.737286053162124241e+06
1.738369148252664832e+06
1.738305132902551442e+06
1.736840587864955887e+06
1.734680829961839598e+06
1.732036164567930391e+06
1.729946036182140466e+06
1.728304993043428287e+06
1.728303468819878763e+06
1.729487983270714758e+06
1.731297315656986320e+06
1.733727215527185937e+06
1.735971335600879276e+06
1.737377108169353567e+06
1.737558536786656361e+06
1.736659308980099857e+06
1.734604778382746736e+06
1.731947946632358013e+06
1.729447434406107524e+06
1.727431161672547925e+06
1.726582128914007451e+06
1.727012268824504456e+06
1.728791700835557655e+06
1.731224004098661477e+06
1.733704042146850610e+06
1.735528278751064325e+06
1.736392599001963157e+06
1.735899658275383059e+06
1.734577851355328690e+06
1.732729082767510321e+06
1.730738294593238039e+06
1.729166481094640680e+06
1.728633934104158310e+06
1.729027058921111049e+06
1.730551324674196308e+06
1.732471869424704229e+06
1.734553494276530808e+06
1.736098898024192080e+06
1.736818012122891145e+06
1.736190615707536461e+06
1.734740960157915950e+06
1.732115237411512295e+06
1.729454118602688657e+06
1.726903808185691247e+06
1.725295668367376318e+06
1.724571310090834508e+06
1.725559297015818302e+06
1.727249559587733820e+06
1.729573488435842097e+06
1.731540138605400221e+06
1.733321700867207488e+06
1.733689962944204686e+06
1.733719773257847177e+06
1.732212057217170019e+06
1.731351729674827075e+06
1.729147429904269055e+06
1.728984532564489171e+06
1.729142533944113180e+06
1.729988556671850849e+06
1.731446793345868587e+06
1.733239762214622926e+06
1.734835534788090270e+06
1.735654034879891900e+06
1.735700371748846490e+06
1.734498994574584300e+06
1.732242264115529135e+06
1.729695550385205541e+06
1.727287758234527428e+06
1.725058096127416939e+06
1.723763634083448211e+06
1.723631780348459259e+06
1.724545640328332083e+06
1.726136224144525826e+06
1.727974941489230609e+06
1.729810602223629365e+06
1.731001779923984082e+06
1.731424386424480472e+06
1.731228106357917655e+06
1.730542139714233112e+06
1.729749663071768824e+06
1.729295843113575829e+06
1.729418417286148528e+06
1.729964088601449970e+06
1.731100516609756975e+06
1.732524116562558804e+06
1.733937174581545172e+06
1.734925749878557166e+06
1.735247463002493605e+06
1.734588788131668698e+06
1.733089859228588641e+06
1.731108365698748734e+06
1.728838073069441365e+06
1.726610265532325953e+06
1.724907724894763436e+06
1.723955001197197009e+06
1.723996345576757099e+06
1.724789745113280369e+06
1.725874422413945198e+06
1.727279699935700046e+06
1.728617567662117537e+06
1.729660104940255405e+06
1.730131373537268490e+06
1.730208360277508618e+06
1.730037789786047768e+06
1.730018811847422039e+06
1.730211318262932124e+06
1.730487678944420768e+06
1.731255480156974634e+06
1.732289284512426704e+06
1.733310711294346955e+06
1.734147477494712919e+06
1.734573623424404766e+06
1.734286656597366557e+06
1.733356314627243904e+06
1.731856815657794708e+06
1.730193890370514710e+06
1.728234095326937735e+06
1.726431132299385965e+06
1.725085371536473045e+06
1.724325316020082915e+06
1.724040224674067227e+06
1.724355149122994859e+06
1.725009442822454730e+06
1.725968553724642377e+06
1.727120967040207004e+06
1.728016699204507517e+06
1.728700437951452564e+06
1.729172810274588177e+06
1.729660871499721194e+06
1.730098764781682985e+06
1.730517256624477217e+06
1.730972358455430251e+06
1.731550323350711260e+06
1.732213207906067371e+06
1.732778624286482576e+06
1.733108947312607896e+06
1.733120591122566024e+06
1.732732575500326231e+06
1.732031514560356503e+06
1.730996991433150601e+06
1.729673228946486488e+06
1.728194056132055819e+06
1.726792919711517170e+06
1.725480207018983318e+06
1.724474099425212946e+06
1.723908222865017597e+06
1.723802537902583135e+06
1.724163729171082843e+06
1.724910357005460421e+06
1.725949241179608507e+06
1.727066946721142856e+06
1.728167812792692799e+06
