4.388823083890467137e+07
4.388873689355116338e+07
4.388924484508204460e+07
4.388952459330973029e+07
4.388980251601678878e+07
4.389009437342240661e+07
4.389045319237492979e+07
4.389057812646853924e+07
4.389056304723972827e+07
4.389031098923817277e+07
4.388987827564353496e+07
4.388901130424929410e+07
4.388790044030171633e+07
4.388677854425559938e+07
4.388558619475545734e+07
4.388438380098439008e+07
4.388335919745911658e+07
4.388262055315076560e+07
4.388220277240630239e+07
4.388229545023965836e+07
4.388297423383437842e+07
4.388390349231749028e+07
4.388506381646937132e+07
4.388637944161915034e+07
4.388764586362527311e+07
4.388864321231323481e+07
4.388924124121180177e+07
4.388960156130520999e+07
4.388979125083032250e+07
4.388976664567809552e+07
4.388978188170830905e+07
4.388985270119068027e+07
4.388998126831312478e+07
4.389014014082019776e+07
4.389033418548640609e+07
4.389016435285539180e+07
4.388963231024158746e+07
4.388892976401515305e+07
4.388795491357567906e+07
4.388667145982295275e+07
4.388526972671903670e+07
4.388394124328623712e+07
4.388289082842098176e+07
4.388230325580081344e+07
4.388243462868713588e+07
4.388305519276271015e+07
4.388422923167219758e+07
4.388580886644393951e+07
4.388744082150080055e+07
4.388885726890276372e+07
4.388989764900392294e+07
4.389041933070663363e+07
4.389054369410929084e+07
4.389033595238588005e+07
4.388994768868751079e+07
4.388959978800187260e+07
4.388944121476188302e+07
4.388952907719512284e+07
4.388991467420159280e+07
4.389026648047684878e+07
4.389029099028664827e+07
4.389002793687351793e+07
4.388942113583645970e+07
4.388827646511628479e+07
4.388673134388897568e+07
4.388488350422173738e+07
4.388308670141209662e+07
4.388180757026033849e+07
4.388139947867257893e+07
4.388186113226679713e+07
4.388311682988063246e+07
4.388507635883384198e+07
4.388730031442923099e+07
4.388923777754264325e+07
4.389059064828693867e+07
4.389126179207450151e+07
4.389134261099272966e+07
4.389087579099179059e+07
4.389014569264465570e+07
4.388936121971192956e+07
4.388884595003232360e+07
4.388872669976899028e+07
4.388915834409008175e+07
4.388987763713544607e+07
4.389060756893413514e+07
4.389109028530383110e+07
4.389122142942350358e+07
4.389048480077344179e+07
4.388884815974322706e+07
4.388665632635312527e+07
4.388426685553371161e+07
4.388211712107905746e+07
4.388084546043815464e+07
4.388063730053796619e+07
4.388149989261023700e+07
4.388325541282162070e+07
4.388565020206934214e+07
4.388795968181739002e+07
4.388979345980557054e+07
4.389105056936260313e+07
4.389151412614395469e+07
4.389108773204346746e+07
4.389007920087660104e+07
4.388890678447560221e+07
4.388791337084232271e+07
4.388750088904827088e+07
4.388791440077814460e+07
4.388887133528241515e+07
4.389009116857150197e+07
4.389138777769627422e+07
4.389234510543107986e+07
4.389257923039793968e+07
4.389156310312664509e+07
4.388955086368191987e+07
4.388708934791799635e+07
4.388466595665643364e+07
4.388288025452365726e+07
4.388207460078766942e+07
4.388224224206103384e+07
4.388358871217633039e+07
4.388574879941105843e+07
4.388827254166072607e+07
4.389054771853900701e+07
4.389239971352420747e+07
4.389331958640623838e+07
4.389294702626535296e+07
4.389181374892919511e+07
4.389035726089035720e+07
4.388890563171602041e+07
4.388776900705929846e+07
4.388741247223911434e+07
4.388793767075935751e+07
4.388905067059548199e+07
4.389053700606543571e+07
4.389201148234355450e+07
4.389271980891872197e+07
4.389233256773856282e+07
4.389083808571652323e+07
4.388858563634677231e+07
4.388595370233798772e+07
4.388370811380385607e+07
4.388232046849224716e+07
4.388185538954265416e+07
4.388256698364686221e+07
4.388448119404426217e+07
4.388690998991292715e+07
4.388920222772393376e+07
4.389107568448303640e+07
4.389204442329934239e+07
4.389196051818660647e+07
4.389094805271617323e+07
4.388936118509844691e+07
4.388758679684306681e+07
4.388607700272180885e+07
4.388556824451968819e+07
4.388603557306028903e+07
4.388723210390693694e+07
4.388941666045636684e+07
4.389179912779091299e+07
4.389349259211580455e+07
4.389405690015198290e+07
4.389345411984377354e+07
4.389164729707729816e+07
4.388895775001608580e+07
4.388619774132002145e+07
4.388400423294994235e+07
4.388261385479817539e+07
4.388229863085644692e+07
4.388336630340223014e+07
4.388541378898963332e+07
4.388769683867507428e+07
4.389003729630632699e+07
4.389188050338921696e+07
4.389253353996268660e+07
4.389195340887109935e+07
4.389052965560964495e+07
4.388843233818415552e+07
4.388623416096660495e+07
4.388491667770233750e+07
4.388457753918337822e+07
4.388520455063712597e+07
4.388677992885374278e+07
4.388898764717125148e+07
4.389106599406073242e+07
4.389241254302442074e+07
4.389273959649319202e+07
4.389191227810951322e+07
4.389011147988453507e+07
4.388780266410486400e+07
4.388555845788495243e+07
4.388379096465824544e+07
4.388318193851612508e+07
4.388443044028007239e+07
4.388519980818507820e+07
4.388777938555217534e+07
4.389031590593673289e+07
4.389232230332472175e+07
4.389303379762660712e+07
4.389259709959820658e+07
4.389106350160150975e+07
4.388888091224748641e+07
4.388638674897311628e+07
4.388456694348127395e+07
4.388354981819121540e+07
4.388347338047392666e+07
4.388465447363369912e+07
4.388700174431202561e+07
4.388953157450660318e+07
4.389176099889241159e+07
4.389306170380432159e+07
4.389318691307720542e+07
4.389208450049538165e+07
4.389042943599129468e+07
4.388854229589089751e+07
4.388680579146120697e+07
4.388580273391027004e+07
4.388578802471001446e+07
4.388664993299955875e+07
4.388825230711388588e+07
4.389025525799338520e+07
4.389207707708201557e+07
4.389306515158943832e+07
4.389300479963357747e+07
4.389194084598068893e+07
4.389001467097143084e+07
4.388751106778140366e+07
4.388508372084977478e+07
4.388319256235741079e+07
4.388228388089388609e+07
4.388241952194681764e+07
4.388364039743848145e+07
4.388570961528075486e+07
4.388793503453744203e+07
4.389000285357994586e+07
4.389148938262220472e+07
4.389172138883467764e+07
4.389107660864139348e+07
4.388983096922483295e+07
4.388848468508241326e+07
4.388770323132386059e+07
4.388869139986730367e+07
4.388786926063401997e+07
4.388928850473994017e+07
4.389062075884054601e+07
4.389220640159294754e+07
4.389307682072384655e+07
4.389330876274370402e+07
4.389250778676317632e+07
4.389086405899585783e+07
4.388850123168507963e+07
4.388620946830169857e+07
4.388427004023393244e+07
4.388294564405375719e+07
4.388253846105538309e+07
4.388330136708331853e+07
4.388479872266083211e+07
4.388664489849523455e+07
4.388848876321455091e+07
4.389000338859561831e+07
4.389078351571999490e+07
4.389078542104115337e+07
4.389034831407815218e+07
4.388963817107122391e+07
4.388870395835556090e+07
4.388839212912292778e+07
4.388860268707133830e+07
4.388936652602083236e+07
4.389068968067502230e+07
4.389211374626467377e+07
4.389311322489667684e+07
4.389364571278457344e+07
4.389327235343577713e+07
4.389203408106030524e+07
4.389020449246215075e+07
4.388814168237708509e+07
4.388620936598419398e+07
4.388461326522688568e+07
4.388346668606589735e+07
4.388333779228513688e+07
4.388404363783238828e+07
4.388518146698959172e+07
4.388640939478123933e+07
4.388775167383045703e+07
4.388875938031399250e+07
4.388934307057321072e+07
4.388937147989362478e+07
4.388905323860447854e+07
4.388869648030088097e+07
4.388856508257091045e+07
4.388871214173674583e+07
4.388914663711357117e+07
4.389002084387922287e+07
4.389112168293084949e+07
4.389223714214483649e+07
4.389303206766027957e+07
4.389327367018102854e+07
4.389278289491599798e+07
4.389153889237914234e+07
4.388982068092466146e+07
4.388794743784154207e+07
4.388584666541098803e+07
4.388405165913039446e+07
4.388293716395302862e+07
4.388253134742170572e+07
4.388262308071948588e+07
4.388333564503419399e+07
4.388443623061657697e+07
4.388569856176210940e+07
4.388708010657954961e+07
4.388811364306939393e+07
4.388852555496324599e+07
4.388882358511911333e+07
4.388909080782896280e+07
4.388939562714981288e+07
4.388961997321311384e+07
4.389001621860069036e+07
4.389044074672306329e+07
4.389099468438667059e+07
4.389145098765601218e+07
4.389162651893991977e+07
4.389139474112147093e+07
4.389082235308282077e+07
4.388983994279985130e+07
4.388863103138977289e+07
4.388729223332320154e+07
4.388622398151146621e+07
4.388516520022396743e+07
4.388427281328940392e+07
4.388355163987026364e+07
4.388348544437342137e+07
4.388386608278653771e+07
4.388477225027505308e+07
4.388570313564812392e+07
4.388709074106258899e+07
4.388804539113040268e+07
4.388939478376646340e+07
