1.466021698304156307e+06
1.469368132439321140e+06
1.468874439387779450e+06
1.469651406901693670e+06
1.469516403116216883e+06
1.470114175152321812e+06
1.470209645885796752e+06
1.470597677593647502e+06
1.470379943606198300e+06
1.470431920463033253e+06
1.469993118939899141e+06
1.469326407511593541e+06
1.468091050345375203e+06
1.467115729756908724e+06
1.465658702602200443e+06
1.464295583294532262e+06
1.463048183757851133e+06
1.462065258462065831e+06
1.461295478848590516e+06
1.461288892400989309e+06
1.461770843652184820e+06
1.462798751500091050e+06
1.463930223639003932e+06
1.465423448805865832e+06
1.466841486937655136e+06
1.467977451454068767e+06
1.468646560096980305e+06
1.469065232748432085e+06
1.469208209499322809e+06
1.469046133394568460e+06
1.468882432632738026e+06
1.468982611187847098e+06
1.468946559244319564e+06
1.469017652493515518e+06
1.469293229865374742e+06
1.469210992183889495e+06
1.468570772400617134e+06
1.467958678035371937e+06
1.466896080732592614e+06
1.465251944478548365e+06
1.463502986058262642e+06
1.461786740619981894e+06
1.460328814346918836e+06
1.459543871772927931e+06
1.459488224213921232e+06
1.460128313376952428e+06
1.461429132470619632e+06
1.463232052922032075e+06
1.465075053578375606e+06
1.466765347043734742e+06
1.468015918211420299e+06
1.468540316446801648e+06
1.468636563985622022e+06
1.468359139905530494e+06
1.467745662362501025e+06
1.467283724982178072e+06
1.467058284725379897e+06
1.467149587294659112e+06
1.467721486066613812e+06
1.468283569451324642e+06
1.468419994979193667e+06
1.468380318639562465e+06
1.467798265147382393e+06
1.466472471217427170e+06
1.464594960465381620e+06
1.462359529950041091e+06
1.460077284522420727e+06
1.458325169344733935e+06
1.457510288386923261e+06
1.457502956155607011e+06
1.458448134401175193e+06
1.460304417799413903e+06
1.462566523065983551e+06
1.464765240274139447e+06
1.466554725903655170e+06
1.467469525201796088e+06
1.467793146988481982e+06
1.467514506705368403e+06
1.466519972739672754e+06
1.465672659996705130e+06
1.465109871472444618e+06
1.464815210997175891e+06
1.465357876899576513e+06
1.466362809009502875e+06
1.467160883822111180e+06
1.467883319403504021e+06
1.468066359186621150e+06
1.467225824801732320e+06
1.465641194097018102e+06
1.463226269096271601e+06
1.460464881551364670e+06
1.457992727020087186e+06
1.456240392279773019e+06
1.455490420150249498e+06
1.456041964460743591e+06
1.457549736585445935e+06
1.459816201725332066e+06
1.462563464068615809e+06
1.464694717548712390e+06
1.466195162616330432e+06
1.467143328457804397e+06
1.466733357871617191e+06
1.465678011661807541e+06
1.464522797150614671e+06
1.463190519178481540e+06
1.462494074136459501e+06
1.463008704035034403e+06
1.463977398132682312e+06
1.465333607212431496e+06
1.466901110468333121e+06
1.468026122847040882e+06
1.468138259453945560e+06
1.467236894263677532e+06
1.465095536144289421e+06
1.462304454447652679e+06
1.459345114264817908e+06
1.456773580332644284e+06
1.455304987522092648e+06
1.454980470630398719e+06
1.455792454924495192e+06
1.458028468302105553e+06
1.460710495734318858e+06
1.463176838493428426e+06
1.465386083035053918e+06
1.466593579979012487e+06
1.466388365999464877e+06
1.465450895132917911e+06
1.463839947096060263e+06
1.461994614684248343e+06
1.460686731539026368e+06
1.460391611096517416e+06
1.461072251999750501e+06
1.462728959254646208e+06
1.464542748806884512e+06
1.466611717425115639e+06
1.467957472337172600e+06
1.467834745708227158e+06
1.466498814965753118e+06
1.464227175293165492e+06
1.461033933246844914e+06
1.458068376289711567e+06
1.455790848708353238e+06
1.454600384747849545e+06
1.454771101874562679e+06
1.456431440250631655e+06
1.458928134527999675e+06
1.461671993094987469e+06
1.464057653757776832e+06
1.465761261753063882e+06
1.466146059964350658e+06
1.465282507293415489e+06
1.463553767426519655e+06
1.461460526612384012e+06
1.459318057724255137e+06
1.458270465447159484e+06
1.458398802114700899e+06
1.459340531443339540e+06
1.461309157456826651e+06
1.464057740549649112e+06
1.466024080783001613e+06
1.467075335656659910e+06
1.466922275680120802e+06
1.465246264098538319e+06
1.462665324224817101e+06
1.459790241949731484e+06
1.456923347063672496e+06
1.455202610431029228e+06
1.454516902959275292e+06
1.455303494731990620e+06
1.457374675232363166e+06
1.459789904149529291e+06
1.462288336376852822e+06
1.464578706995491637e+06
1.465353522816838697e+06
1.464865984631201951e+06
1.463399011687221937e+06
1.461053844141556881e+06
1.458351750356550328e+06
1.456597665571641875e+06
1.455652924099708209e+06
1.455948211162409279e+06
1.457515439388935920e+06
1.460150341627570335e+06
1.462702098104990786e+06
1.464837627804719610e+06
1.465699301066381624e+06
1.465360186223906698e+06
1.463745487798968330e+06
1.461381222358724801e+06
1.458682491549005033e+06
1.456777503971528262e+06
1.455322040641994914e+06
1.455752299533678684e+06
1.457067957310004625e+06
1.459141695224066731e+06
1.461583205168219982e+06
1.463994248844134388e+06
1.465075536309061106e+06
1.465099064399605151e+06
1.464032981442726683e+06
1.461682679825841216e+06
1.459015321048273705e+06
1.456577288402238628e+06
1.454718759122007526e+06
1.454194327282898827e+06
1.454876594187680632e+06
1.456894531197807286e+06
1.459603917213144712e+06
1.462069535826978507e+06
1.463784360589774325e+06
1.464601900536679430e+06
1.463715886265726294e+06
1.462281350093376823e+06
1.460428589432731038e+06
1.458344429575876333e+06
1.456914607364161406e+06
1.456697640776270302e+06
1.457221441279934021e+06
1.459023037771492731e+06
1.461078820261041634e+06
1.463190081084633246e+06
1.464674850153831067e+06
1.465176415936397156e+06
1.464232010045253439e+06
1.462598104754075874e+06
1.459773364907230716e+06
1.456965248081245692e+06
1.454662067828613566e+06
1.453235371621547965e+06
1.452602290588800097e+06
1.454067906582480296e+06
1.455981227640545461e+06
1.458375713652163278e+06
1.460470280769566074e+06
1.462216079673676286e+06
1.462263785805215826e+06
1.462259477180226706e+06
1.460630755877851509e+06
1.459679735345614376e+06
1.457560270188397495e+06
1.457845588414301397e+06
1.457836712947337655e+06
1.459142917042020475e+06
1.460535166676911991e+06
1.462582190830317093e+06
1.464257324644245207e+06
1.464748370847843587e+06
1.464631054937847657e+06
1.463283215129721677e+06
1.460525641127610113e+06
1.458079794407381443e+06
1.455682077391501749e+06
1.453343268416655948e+06
1.452330816419301089e+06
1.452403057750623440e+06
1.453473127317475853e+06
1.455353526746911462e+06
1.457235872666219017e+06
1.459067257018731209e+06
1.460286583727415185e+06
1.460422625715018716e+06
1.460117396742606768e+06
1.459424655797796790e+06
1.458379555549947545e+06
1.458137989826106932e+06
1.458462621519348118e+06
1.458954885195320472e+06
1.460231190419584978e+06
1.461875822022965876e+06
1.463146375104293227e+06
1.464180386074776296e+06
1.464336156324063661e+06
1.463338651536219288e+06
1.461649724261955125e+06
1.459484034585808869e+06
1.456991879972690949e+06
1.454746143005603924e+06
1.453010393652375555e+06
1.452168415939594153e+06
1.452452612064572051e+06
1.453403609821108636e+06
1.454639941675126087e+06
1.456177856866646092e+06
1.457557370981988730e+06
1.458502857200389029e+06
1.458989728447747882e+06
1.458899035662240582e+06
1.458689733122738078e+06
1.458669103109348565e+06
1.458922541046858998e+06
1.459260754458680516e+06
1.460049018117806176e+06
1.461226608175361529e+06
1.462231202760303393e+06
1.463046051774323219e+06
1.463464307432874339e+06
1.463001834012148669e+06
1.461929347150374204e+06
1.460315079298174707e+06
1.458520732219424099e+06
1.456599566725665936e+06
1.454605051846006420e+06
1.453352448673214763e+06
1.452690855173161719e+06
1.452463931447630981e+06
1.453033908211522968e+06
1.453922019410305889e+06
1.454870193367019994e+06
1.456204125308899907e+06
1.457227054064487806e+06
1.457687709222844569e+06
1.458270718371355906e+06
1.458711463208325207e+06
1.459115742131317267e+06
1.459617212117330404e+06
1.460085076785521582e+06
1.460685804080432048e+06
1.461512400956246303e+06
1.462120639448942849e+06
1.462512917816644069e+06
1.462529998578639235e+06
1.462070188890868099e+06
1.461281996090732049e+06
1.460175523646574002e+06
1.458644373336149147e+06
1.457103526309327455e+06
1.455596319815546507e+06
1.454263944698265055e+06
1.453269068500817986e+06
1.452837780778478831e+06
1.452748876561054261e+06
1.453310366331487428e+06
1.454118722874611849e+06
1.455271998620653292e+06
1.456374881236289162e+06
1.457489117853467818e+06
