3.934035275367350876e+07
3.933971831252499670e+07
3.934033027304563671e+07
3.934037970625343174e+07
3.934077492779220641e+07
3.934081336156798154e+07
3.934096463768760860e+07
3.934085585968537629e+07
3.934084094782654941e+07
3.934060270286358893e+07
3.934041081662478298e+07
3.933985741820588708e+07
3.933922869613431394e+07
3.933844945831991732e+07
3.933760756138556451e+07
3.933691814414910972e+07
3.933641137291106582e+07
3.933617473633008450e+07
3.933624341247358173e+07
3.933647155481263995e+07
3.933720510044472665e+07
3.933829439665970206e+07
3.933939015513580292e+07
3.934039798652700335e+07
3.934137089731169492e+07
3.934214775958473235e+07
3.934265093563420326e+07
3.934302556849145144e+07
3.934357720746918768e+07
3.934412739983236045e+07
3.934455021176703274e+07
3.934472419955734164e+07
3.934488002144911885e+07
3.934514421271704137e+07
3.934540117138440162e+07
3.934514228248877078e+07
3.934465061837942153e+07
3.934400827228125930e+07
3.934297624715862423e+07
3.934165063460066170e+07
3.934013613680493087e+07
3.933854603012941778e+07
3.933732877761876583e+07
3.933680536779435724e+07
3.933711244075278938e+07
3.933796175651331991e+07
3.933946164017732441e+07
3.934136031098049134e+07
3.934336111360280216e+07
3.934533757870807499e+07
3.934681647459940612e+07
3.934771688960986584e+07
3.934806264945655316e+07
3.934785251216586679e+07
3.934751818375625461e+07
3.934724246035781503e+07
3.934693031311345100e+07
3.934672356811957806e+07
3.934646990098956972e+07
3.934608135447175056e+07
3.934556003176427633e+07
3.934492805088829249e+07
3.934398487201415747e+07
3.934261368456833810e+07
3.934106421306233108e+07
3.933946317090626061e+07
3.933774044521655142e+07
3.933637643449704349e+07
3.933554620607247949e+07
3.933552127848498523e+07
3.933663272351893783e+07
3.933857871644580364e+07
3.934068548162979633e+07
3.934257624838484079e+07
3.934427113204583526e+07
3.934537551389405131e+07
3.934581561039335281e+07
3.934560878339941800e+07
3.934508319318703562e+07
3.934457770629142970e+07
3.934421000054623932e+07
3.934410647126476467e+07
3.934433479663512856e+07
3.934497357421135157e+07
3.934581590677486360e+07
3.934650088968461752e+07
3.934655045138737559e+07
3.934570591130328178e+07
3.934421568112087250e+07
3.934226416360878944e+07
3.934009351358366758e+07
3.933791763392128795e+07
3.933626866103781760e+07
3.933552032535972446e+07
3.933582389548859745e+07
3.933710644939695299e+07
3.933920303171344101e+07
3.934162509936996549e+07
3.934391265451377630e+07
3.934574653628518432e+07
3.934682547127737105e+07
3.934713407169848680e+07
3.934685371463393420e+07
3.934628248371088505e+07
3.934544766266141087e+07
3.934472473058858514e+07
3.934452945817183703e+07
3.934482994732292742e+07
3.934534807769857347e+07
3.934609716191387922e+07
3.934669095561726391e+07
3.934650213296555728e+07
3.934528737893484533e+07
3.934322950455643237e+07
3.934053852877816558e+07
3.933761424430992454e+07
3.933506077062315494e+07
3.933345710191109776e+07
3.933298845384217054e+07
3.933379450031859428e+07
3.933560264139841497e+07
3.933796839610116184e+07
3.934032115424975753e+07
3.934244523125745356e+07
3.934384131839151680e+07
3.934417978367183357e+07
3.934347444320396334e+07
3.934201860106949508e+07
3.934031844280775636e+07
3.933891857298081368e+07
3.933813787733459473e+07
3.933817761983681470e+07
3.933895773423963785e+07
3.934035027753760666e+07
3.934202914113276452e+07
3.934329484597393125e+07
3.934369677986569703e+07
3.934290032620656490e+07
3.934115045461358130e+07
3.933874392433593422e+07
3.933633618026535958e+07
3.933461541395189613e+07
3.933381528127536923e+07
3.933414467499390244e+07
3.933557906846235693e+07
3.933756034629891068e+07
3.933965344153244793e+07
3.934164625251244754e+07
3.934309182893247902e+07
3.934371108326125145e+07
3.934335259645881504e+07
3.934221408572217077e+07
3.934085377627272904e+07
3.933977803001212329e+07
3.933909471143969148e+07
3.933919317383137345e+07
3.934038687466263026e+07
3.934257854485507309e+07
3.934529755027517676e+07
3.934785500705879182e+07
3.934941148410017788e+07
3.934958216408386081e+07
3.934868268366281688e+07
3.934682689163941145e+07
3.934419462001575530e+07
3.934138826704215258e+07
3.933901635878319293e+07
3.933777013490752131e+07
3.933791244909107685e+07
3.933931276326788962e+07
3.934118551998209953e+07
3.934330873300320655e+07
3.934509680247518420e+07
3.934618968400680274e+07
3.934613270255111158e+07
3.934558506528372318e+07
3.934417552489023656e+07
3.934195931250609457e+07
3.933980669314711541e+07
3.933868677649992704e+07
3.933851214363657683e+07
3.933960000154355913e+07
3.934147296674221009e+07
3.934357629298404604e+07
3.934531013644576073e+07
3.934639341528628767e+07
3.934629827268230915e+07
3.934500573185508698e+07
3.934305558910319209e+07
3.934135336441786587e+07
3.933978553844616562e+07
3.933906306167249382e+07
3.933992243250727654e+07
3.934022493183583021e+07
3.934159272667036951e+07
3.934342926412889361e+07
3.934517232580538094e+07
3.934615380497340113e+07
3.934608446857345104e+07
3.934504097367402166e+07
3.934325271313779056e+07
3.934125406012400985e+07
3.933927098908215016e+07
3.933749598416929692e+07
3.933664860263963789e+07
3.933680851192824543e+07
3.933793804784560204e+07
3.933976133431427181e+07
3.934172355115201324e+07
3.934333356553188711e+07
3.934416870707453042e+07
3.934405586271809787e+07
3.934314743525387347e+07
3.934186178091407567e+07
3.934041482214216143e+07
3.933952225142864138e+07
3.933921362282195687e+07
3.933959582643549144e+07
3.934064676312852651e+07
3.934215856088559330e+07
3.934407418279635906e+07
3.934554083714535087e+07
3.934597309267254919e+07
3.934558313725985587e+07
3.934449468581049144e+07
3.934278174506881088e+07
3.934079089309476316e+07
3.933887688334207237e+07
3.933718874834753573e+07
3.933629905825381726e+07
3.933688286812043935e+07
3.933856777101800591e+07
3.934054284159844369e+07
3.934252616163300723e+07
3.934421630579689145e+07
3.934527712933079898e+07
3.934534959698578715e+07
3.934512509780602157e+07
3.934413058922495693e+07
3.934337314743636549e+07
3.934248249414621294e+07
3.934179797727973759e+07
3.934223758586528152e+07
3.934344942283754796e+07
3.934505742773926258e+07
3.934630531267424673e+07
3.934696409207593650e+07
3.934682759771590680e+07
3.934598373491953313e+07
3.934457267182017118e+07
3.934291894059424847e+07
3.934112163124655932e+07
3.933954860563437641e+07
3.933855822431708872e+07
3.933841376982314140e+07
3.933909627244371176e+07
3.934031301541924477e+07
3.934191851373094320e+07
3.934357783564551175e+07
3.934442945340617746e+07
3.934472324731969088e+07
3.934477644673236459e+07
3.934437636167817563e+07
3.934377985403967649e+07
3.934320588697057962e+07
3.934299294022560120e+07
3.934321860892122984e+07
3.934389673554655164e+07
3.934475494828429073e+07
3.934569970703475922e+07
3.934636574429817498e+07
3.934661530672150105e+07
3.934655482102440298e+07
3.934577350987161696e+07
3.934430358230805397e+07
3.934248667280551046e+07
3.934046616026359797e+07
3.933886601128064841e+07
3.933820401855605096e+07
3.933847180804222822e+07
3.933957576484240592e+07
3.934081419639519602e+07
3.934237495521069318e+07
3.934396678026596457e+07
3.934526262107666582e+07
3.934593013390823454e+07
3.934590456914456189e+07
3.934546890195619315e+07
3.934520247057709843e+07
3.934525341161590815e+07
3.934553538950502127e+07
3.934631698666191846e+07
3.934705541943607479e+07
3.934759003103565425e+07
3.934798578514879197e+07
3.934798409328752756e+07
3.934734974501697719e+07
3.934624985437089950e+07
3.934487587446463853e+07
3.934353747153038532e+07
3.934194674629469216e+07
3.934024565732084215e+07
3.933873587962551415e+07
3.933770597449731827e+07
3.933727214769913256e+07
3.933754254980480671e+07
3.933850565822355449e+07
3.933996880547070503e+07
3.934152391164595634e+07
3.934288032120788097e+07
3.934386705799759179e+07
3.934448899503097683e+07
3.934509310508815944e+07
3.934568826708041131e+07
3.934590332048120350e+07
3.934579580223792046e+07
3.934574406107037514e+07
3.934613205745918304e+07
3.934670889389825612e+07
3.934713230645841360e+07
3.934718898549661785e+07
3.934672225692729652e+07
3.934584938844468445e+07
3.934499210273503512e+07
3.934396556928750128e+07
3.934275922704429924e+07
3.934134493391805887e+07
3.934000395902402699e+07
3.933899450127030909e+07
3.933862794245136529e+07
3.933865300462298095e+07
3.933900564436406642e+07
3.933936422703362256e+07
3.934020599578917027e+07
3.934091646354273707e+07
3.934197179925443977e+07
