6.807366397939962149e+07
6.807520939108173549e+07
6.807490166117060184e+07
6.807527527084971964e+07
6.807528215102638304e+07
6.807573229436048865e+07
6.807602112092745304e+07
6.807636432624456286e+07
6.807628839099434018e+07
6.807613613955841959e+07
6.807565848002193868e+07
6.807500566445262730e+07
6.807393427731531858e+07
6.807294891697232425e+07
6.807194031926926970e+07
6.807111599143083394e+07
6.807035433517733216e+07
6.806996578640107810e+07
6.806983401064166427e+07
6.807013224843488634e+07
6.807083896613706648e+07
6.807189489379362762e+07
6.807292097858828306e+07
6.807378627293112874e+07
6.807441683935196698e+07
6.807490357145594060e+07
6.807508654718589783e+07
6.807520125218088925e+07
6.807523471281635761e+07
6.807523417396612465e+07
6.807516516898468137e+07
6.807529672974149883e+07
6.807556577024284005e+07
6.807595081988759339e+07
6.807621977910828590e+07
6.807625195930579305e+07
6.807600141964128613e+07
6.807571287267403305e+07
6.807519601150646806e+07
6.807483630842196941e+07
6.807433545929010212e+07
6.807344985430945456e+07
6.807245571891731024e+07
6.807173990082184970e+07
6.807151659193180501e+07
6.807179833835446835e+07
6.807255124206273258e+07
6.807374087426707149e+07
6.807503603750433028e+07
6.807639624582281709e+07
6.807737745520368218e+07
6.807786064023549855e+07
6.807808272461785376e+07
6.807812666596330702e+07
6.807815829886028171e+07
6.807835082650877535e+07
6.807876322997552156e+07
6.807952205534863472e+07
6.808062416314873099e+07
6.808160946128484607e+07
6.808214734934088588e+07
6.808184716117091477e+07
6.808075670888136327e+07
6.807899335119241476e+07
6.807678824946264923e+07
6.807447413290280104e+07
6.807217590650716424e+07
6.807042829548765719e+07
6.806962953252066672e+07
6.806975139979961514e+07
6.807080395007473230e+07
6.807263306557831168e+07
6.807481351921594143e+07
6.807677640887115896e+07
6.807806597838538885e+07
6.807845966153451800e+07
6.807825907921728492e+07
6.807767600811314583e+07
6.807698771601232886e+07
6.807647195938627422e+07
6.807611304814350605e+07
6.807596930181014538e+07
6.807623450657276809e+07
6.807666270062039793e+07
6.807707228195683658e+07
6.807727702966721356e+07
6.807739931736807525e+07
6.807701329878614843e+07
6.807588955606392026e+07
6.807447569632597268e+07
6.807291970819407701e+07
6.807158813796742260e+07
6.807094211145429313e+07
6.807096637833510339e+07
6.807142216159927845e+07
6.807214606384778023e+07
6.807297363323903084e+07
6.807379338026283681e+07
6.807452008162562549e+07
6.807515472725999355e+07
6.807556640561424196e+07
6.807554862142167985e+07
6.807526340820632875e+07
6.807477015657699108e+07
6.807449976228140295e+07
6.807455746941079199e+07
6.807514981165352464e+07
6.807600842604996264e+07
6.807685259821991622e+07
6.807770600694490969e+07
6.807831292995509505e+07
6.807818322025240958e+07
6.807739837985506654e+07
6.807601626091016829e+07
6.807409906345863640e+07
6.807197549184723198e+07
6.807021359179292619e+07
6.806917951015096903e+07
6.806902267450182140e+07
6.806969982980541885e+07
6.807110846158252656e+07
6.807290578823779523e+07
6.807467224576482177e+07
6.807613877958989143e+07
6.807688833456696570e+07
6.807709603471945226e+07
6.807659058846272528e+07
6.807556809565597773e+07
6.807442001744951308e+07
6.807361212726454437e+07
6.807338008379635215e+07
6.807359593757876754e+07
6.807422917610538006e+07
6.807511354174508154e+07
6.807611787455135584e+07
6.807660158776944876e+07
6.807639604569418728e+07
6.807562309932228923e+07
6.807434707323682308e+07
6.807272248896694183e+07
6.807158851435218751e+07
6.807094176047404110e+07
6.807088302277952433e+07
6.807150278039808571e+07
6.807295974039676785e+07
6.807465996777968109e+07
6.807615070493458211e+07
6.807739721813037992e+07
6.807813436238086224e+07
6.807816990731249750e+07
6.807747092986904085e+07
6.807615631560972333e+07
6.807464388515606523e+07
6.807332419673535228e+07
6.807258436133947968e+07
6.807247311121559143e+07
6.807309524354086816e+07
6.807429704618559778e+07
6.807575780128678679e+07
6.807695589748905599e+07
6.807747848067462444e+07
6.807704256547513604e+07
6.807573881410230696e+07
6.807380430088070035e+07
6.807186535170768201e+07
6.807016648672720790e+07
6.806899240497682989e+07
6.806865937883359194e+07
6.806929602137853205e+07
6.807061713603143394e+07
6.807241065286058187e+07
6.807428396826660633e+07
6.807573342921891809e+07
6.807634020799668133e+07
6.807613671512456238e+07
6.807504369325755537e+07
6.807350272497433424e+07
6.807196002316510677e+07
6.807103335337743163e+07
6.807075463216276467e+07
6.807125047425705194e+07
6.807239929623948038e+07
6.807417645947040617e+07
6.807590568114151061e+07
6.807696300377047062e+07
6.807703025135862827e+07
6.807645562174113095e+07
6.807506648948563635e+07
6.807345200808820128e+07
6.807179282788331807e+07
6.807062498928765953e+07
6.806993494446000457e+07
6.807020058730253577e+07
6.807125473103211820e+07
6.807269396229489148e+07
6.807424207799366117e+07
6.807543281793455780e+07
6.807601411802776158e+07
6.807579019865478575e+07
6.807479464510546625e+07
6.807316748922900856e+07
6.807132894550918043e+07
6.806994557320690155e+07
6.806939933536624908e+07
6.806970868824030459e+07
6.807070095017011464e+07
6.807238044660645723e+07
6.807413163966619968e+07
6.807580449050344527e+07
6.807697062386673689e+07
6.807711666631138325e+07
6.807614122036187351e+07
6.807483737796831131e+07
6.807344617945928872e+07
6.807228655068853498e+07
6.807148426006291807e+07
6.807153869562016428e+07
6.807209123924584687e+07
6.807320563860517740e+07
6.807460007266497612e+07
6.807592480368591845e+07
6.807680072011590004e+07
6.807691692875266075e+07
6.807601779757167399e+07
6.807442474072061479e+07
6.807227160384987295e+07
6.807031116961783171e+07
6.806864327627912164e+07
6.806766571045900881e+07
6.806736080233281851e+07
6.806803641076967120e+07
6.806928302387669683e+07
6.807083124237114191e+07
6.807197140413753688e+07
6.807295009187981486e+07
6.807297357307824492e+07
6.807286185492566228e+07
6.807195144901902974e+07
6.807132780211780965e+07
6.807017086448816955e+07
6.807171116650633514e+07
6.806993922885434330e+07
6.807102234099754691e+07
6.807175962017674744e+07
6.807305754217168689e+07
6.807368718178084493e+07
6.807398486174882948e+07
6.807342833317176998e+07
6.807243394452263415e+07
6.807083233511324227e+07
6.806943520398013294e+07
6.806815818682014942e+07
6.806733618023860455e+07
6.806688395824660361e+07
6.806720081174680591e+07
6.806795222690525651e+07
6.806903830613873899e+07
6.807007741623468697e+07
6.807097946125075221e+07
6.807139201244619489e+07
6.807150607696683705e+07
6.807127615624688566e+07
6.807091696690040827e+07
6.807053245808660984e+07
6.807070093938958645e+07
6.807121246853236854e+07
6.807209722319553792e+07
6.807325611276394129e+07
6.807461649815440178e+07
6.807585263663190603e+07
6.807682358825297654e+07
6.807711950934393704e+07
6.807680175303927064e+07
6.807604860740624368e+07
6.807485631335693598e+07
6.807331725071987510e+07
6.807178982000400126e+07
6.807051595222470164e+07
6.806993495329278708e+07
6.806983468675282598e+07
6.807010644008523226e+07
6.807054605104525387e+07
6.807104267353518307e+07
6.807150915613017976e+07
6.807190748892617226e+07
6.807194099346664548e+07
6.807176038273122907e+07
6.807150883026494086e+07
6.807139674257040024e+07
6.807152147256609797e+07
6.807187441504292190e+07
6.807244798922491074e+07
6.807317000588013232e+07
6.807388627986481786e+07
6.807436476139186323e+07
6.807444183534742892e+07
6.807396150745859742e+07
6.807296281485296786e+07
6.807177299614688754e+07
6.807049573364916444e+07
6.806908322710862756e+07
6.806793522859528661e+07
6.806716424585236609e+07
6.806680042096680403e+07
6.806678859429107606e+07
6.806715635412637889e+07
6.806778204505984485e+07
6.806851087876416743e+07
6.806927420146274567e+07
6.806993831705833972e+07
6.807049507365648448e+07
6.807115527969074249e+07
6.807197352234323323e+07
6.807287071117724478e+07
6.807362221464817226e+07
6.807440799797274172e+07
6.807506369588100910e+07
6.807572378075399995e+07
6.807630791440077126e+07
6.807676547140803933e+07
6.807682825654099882e+07
6.807662238684830070e+07
6.807601486662092805e+07
6.807530857858887315e+07
6.807443689874559641e+07
6.807359476606880128e+07
6.807272805555266142e+07
6.807202466736085713e+07
6.807131769140423834e+07
6.807105357656948268e+07
6.807079373430812359e+07
6.807099283181068301e+07
6.807127635597300529e+07
6.807193487094119191e+07
6.807215086110714078e+07
6.807318472666649520e+07
