3.865645585525704920e+07
3.866075189170841128e+07
3.866089659785316885e+07
3.866207649363654852e+07
3.866232748097177595e+07
3.866348135279805958e+07
3.866418030190035701e+07
3.866533530653617531e+07
3.866569883656738698e+07
3.866630181898196787e+07
3.866591452756720781e+07
3.866486877281756699e+07
3.866300578597950190e+07
3.866118109909431636e+07
3.865917735918129236e+07
3.865774234554880112e+07
3.865622010094848275e+07
3.865493711692786217e+07
3.865387002596236020e+07
3.865340357387837023e+07
3.865341113424129784e+07
3.865378571278920770e+07
3.865467395086841285e+07
3.865631668501409143e+07
3.865733216927279532e+07
3.865775050693969429e+07
3.865796741774717718e+07
3.865844120227806270e+07
3.865873604159232974e+07
3.865846149664807320e+07
3.865762744892361760e+07
3.865662546545616537e+07
3.865564987630408257e+07
3.865479130998581648e+07
3.865378872195296735e+07
3.865247135853111744e+07
3.865183043003363162e+07
3.865194315294881165e+07
3.865125465932683647e+07
3.865013313027036935e+07
3.864926609253096581e+07
3.864904300035329163e+07
3.864921088113467395e+07
3.865037540568252653e+07
3.865162428275513649e+07
3.865222198983547837e+07
3.865272785057371110e+07
3.865304469674656540e+07
3.865315337003236264e+07
3.865324956663964689e+07
3.865312250229760259e+07
3.865268797141408175e+07
3.865266185295228660e+07
3.865279342603009939e+07
3.865322157298755646e+07
3.865376306654095650e+07
3.865425344744768739e+07
3.865479016855453700e+07
3.865547681551274657e+07
3.865603430483433604e+07
3.865596819257123768e+07
3.865582989684515446e+07
3.865564418277987838e+07
3.865478181640956551e+07
3.865307178000540286e+07
3.865062544555667788e+07
3.864769893102807552e+07
3.864546715654224157e+07
3.864441146201183647e+07
3.864447674678166956e+07
3.864550433255089819e+07
3.864743470337387919e+07
3.865037804174118489e+07
3.865285110782650113e+07
3.865434434237636626e+07
3.865521916715097427e+07
3.865530326763355732e+07
3.865533814985320717e+07
3.865515023945125937e+07
3.865536370143793523e+07
3.865543038176830858e+07
3.865512570726029575e+07
3.865510637156673521e+07
3.865482531775470078e+07
3.865434997168007493e+07
3.865405915736604482e+07
3.865396144218572229e+07
3.865408875027197599e+07
3.865427805940844119e+07
3.865394389360559732e+07
3.865320692510031164e+07
3.865201170565668494e+07
3.865120489916855842e+07
3.865143175339403749e+07
3.865154199050198495e+07
3.865176214524048567e+07
3.865260602883532643e+07
3.865365166205958277e+07
3.865447472179530561e+07
3.865496731772273034e+07
3.865535223335979134e+07
3.865534999987096339e+07
3.865476194383253157e+07
3.865379313002968580e+07
3.865301099852720648e+07
3.865240125514000654e+07
3.865239274774325639e+07
3.865297254855384678e+07
3.865414990952592343e+07
3.865574722981799394e+07
3.865765017775783688e+07
3.865693868501908332e+07
3.865410559776724875e+07
3.865128219201199710e+07
3.864851390938361734e+07
3.864641265370042622e+07
3.864584603966947645e+07
3.864607517618087679e+07
3.864665090765937418e+07
3.864810928380414844e+07
3.865022800492127240e+07
3.865263101669764519e+07
3.865520107866647840e+07
3.865653106096792221e+07
3.865593566813981533e+07
3.865379798200058192e+07
3.865111441742044687e+07
3.864869079473308474e+07
3.864704000217552483e+07
3.864689570453123748e+07
3.864772640396031737e+07
3.864862755013073236e+07
3.864974494730329514e+07
3.865076969140981138e+07
3.865141356179652363e+07
3.865115122891260684e+07
3.865005912388039380e+07
3.864823395983973145e+07
3.864608975844820589e+07
3.864380305470579863e+07
3.864215122079627216e+07
3.864128126853134483e+07
3.864131212075939029e+07
3.864218112244311720e+07
3.864402120086980611e+07
3.864616272679040581e+07
3.864815744801615924e+07
3.864981728161689639e+07
3.865081633697471768e+07
3.865103366920969635e+07
3.865063957907647640e+07
3.864972967519460618e+07
3.864866218025711924e+07
3.864800787824697793e+07
3.864825623055703193e+07
3.864905747955540568e+07
3.865051590302637964e+07
3.865250149925445765e+07
3.865452278478611261e+07
3.865568881636064500e+07
3.865593042825843394e+07
3.865529795024393499e+07
3.865408972532991320e+07
3.865215082598599792e+07
3.865022705733921379e+07
3.864872828368476778e+07
3.864796574303148687e+07
3.864815400888340920e+07
3.864947821471451223e+07
3.865138500398844481e+07
3.865305194234540313e+07
3.865421626470173895e+07
3.865528137188661844e+07
3.865554504768356681e+07
3.865483137146216631e+07
3.865347335801126063e+07
3.865193129370052367e+07
3.865057346278636903e+07
3.865007231608977914e+07
3.865018669792863727e+07
3.865115458612772822e+07
3.865252134949240834e+07
3.865427290309263021e+07
3.865568817133819312e+07
3.865641831167270988e+07
3.865602139192712307e+07
3.865505920611792803e+07
3.865333216142942756e+07
3.865148443818502128e+07
3.864964151098729670e+07
3.864856946159404516e+07
3.864804033861559629e+07
3.864884610970038176e+07
3.865048861116104573e+07
3.865223006904280186e+07
3.865398429015817493e+07
3.865520023442684114e+07
3.865567732031848282e+07
3.865525010073085874e+07
3.865393643677444011e+07
3.865208852827097476e+07
3.865002242334952950e+07
3.864838047763557732e+07
3.864751063674733788e+07
3.864761759416949004e+07
3.864858402629273385e+07
3.865039738209597021e+07
3.865230158795426041e+07
3.865399105552420020e+07
3.865493129421895742e+07
3.865503100593602657e+07
3.865422777399762720e+07
3.865328191685042530e+07
3.865204202386967093e+07
3.865111816335126758e+07
3.865062277995180339e+07
3.865097938642199337e+07
3.865185839364545047e+07
3.865306728044857830e+07
3.865400550270013511e+07
3.865474810644500703e+07
3.865489632141324878e+07
3.865449140828326344e+07
3.865324350028400123e+07
3.865152414376528561e+07
3.864929035802975297e+07
3.864745624268492311e+07
3.864590221484501660e+07
3.864536350203318149e+07
3.864558125249353051e+07
3.864704178121916205e+07
3.864870029161024839e+07
3.865063929258935899e+07
3.865166648945404589e+07
3.865252419350614399e+07
3.865209304882689565e+07
3.865176638200896978e+07
3.865039077218842506e+07
3.864999818681672215e+07
3.864837858126304299e+07
3.865169011945111305e+07
3.864907433555743843e+07
3.865100696985282749e+07
3.865218967301974446e+07
3.865389656811667234e+07
3.865452755356670916e+07
3.865487678281354904e+07
3.865403843155948818e+07
3.865274852748949826e+07
3.865078180922774971e+07
3.864905345539345592e+07
3.864748567335810512e+07
3.864649411891166866e+07
3.864606630710513890e+07
3.864671850725068152e+07
3.864784227797780931e+07
3.864939456654717773e+07
3.865084292194031179e+07
3.865200137365818024e+07
3.865249358684169501e+07
3.865287355367579311e+07
3.865291645831100643e+07
3.865274821653117239e+07
3.865280356261029094e+07
3.865376464175576717e+07
3.865516334053499997e+07
3.865646641648541391e+07
3.865765487989878654e+07
3.865870428549372405e+07
3.865943617585097998e+07
3.865966823821870983e+07
3.865915127489995211e+07
3.865795989445073903e+07
3.865634541064137965e+07
3.865472651564068347e+07
3.865358141906393319e+07
3.865261396257489175e+07
3.865142412281057984e+07
3.865070938236806542e+07
3.865053826582463831e+07
3.865085280453078449e+07
3.865161827909313887e+07
3.865212214613997936e+07
3.865213800655029714e+07
3.865196952672052383e+07
3.865143069641409069e+07
3.865079472375903279e+07
3.865030899321659654e+07
3.865018173068017513e+07
3.865059559850808233e+07
3.865150304793071747e+07
3.865263548552776873e+07
3.865418209461736679e+07
3.865649577778333426e+07
3.865856284963256866e+07
3.866052596808330715e+07
3.866177936161717027e+07
3.866165526481996477e+07
3.865934753682096303e+07
3.865645707216349989e+07
3.865381165963988751e+07
3.865183444262299687e+07
3.865056573851741850e+07
3.864992741264698654e+07
3.864959476483980566e+07
3.864938567723488808e+07
3.864943124989960343e+07
3.864964867364149541e+07
3.865017086510246247e+07
3.865074149397963285e+07
3.865206355762253702e+07
3.865387599117994308e+07
3.865459398317474872e+07
3.865516972821576148e+07
3.865512679181037843e+07
3.865518016175366938e+07
3.865506283284886181e+07
3.865523710896189511e+07
3.865527875897645205e+07
3.865536949222458154e+07
3.865506003883101791e+07
3.865444682677745074e+07
3.865344190154892206e+07
3.865245191909079254e+07
3.865136123017834872e+07
3.865034835897505283e+07
3.864917201986269653e+07
3.864855072678840160e+07
3.864801833251500875e+07
3.864822658363111317e+07
3.864850272186829150e+07
3.864950323332808167e+07
3.865035481882478297e+07
3.865188890343451500e+07
3.865245978534293920e+07
3.865417737111609429e+07
