1.477211075208581984e+07
1.477306613202633709e+07
1.477342842490940355e+07
1.477380548693509959e+07
1.477399862079372816e+07
1.477426547210711800e+07
1.477449056068780087e+07
1.477462850381193869e+07
1.477463042328364775e+07
1.477451277543205582e+07
1.477423427952331863e+07
1.477361838759422489e+07
1.477275978786130622e+07
1.477184700336531177e+07
1.477071684475222416e+07
1.476962807055709139e+07
1.476852322235797159e+07
1.476762708766785450e+07
1.476698945704516023e+07
1.476689099150131829e+07
1.476731321106836759e+07
1.476816832950648852e+07
1.476932893891991675e+07
1.477070700479821116e+07
1.477204887088959850e+07
1.477321963078152761e+07
1.477397953799065948e+07
1.477442122161867283e+07
1.477460444796828367e+07
1.477449297458111681e+07
1.477439540800981596e+07
1.477434918930693157e+07
1.477432900697280653e+07
1.477432720068091527e+07
1.477446757643274777e+07
1.477438625160131976e+07
1.477401842448554374e+07
1.477347742998271994e+07
1.477258537542177923e+07
1.477132203826010041e+07
1.476983821962603182e+07
1.476832122769614309e+07
1.476706570118973404e+07
1.476630031369790807e+07
1.476617206983355246e+07
1.476668366951736435e+07
1.476783574373166077e+07
1.476946445506800711e+07
1.477120525259580277e+07
1.477286683161121607e+07
1.477409664825112373e+07
1.477478905238096230e+07
1.477498442748305947e+07
1.477472220507163182e+07
1.477424603498916887e+07
1.477376839730530791e+07
1.477347659285044484e+07
1.477353772182778269e+07
1.477391757333101891e+07
1.477432964171735942e+07
1.477460654036018066e+07
1.477461809556349181e+07
1.477423898546793126e+07
1.477325713774517179e+07
1.477168444705418870e+07
1.476975507744126394e+07
1.476775078772762045e+07
1.476617836112038046e+07
1.476529550656175055e+07
1.476520317773522064e+07
1.476607827401133440e+07
1.476765071725402400e+07
1.476977204473713599e+07
1.477189918355670758e+07
1.477362911358161829e+07
1.477467618380318768e+07
1.477511664768487029e+07
1.477486963149711676e+07
1.477415005251602829e+07
1.477337097319002822e+07
1.477274212997364812e+07
1.477249748282458447e+07
1.477281473534253612e+07
1.477360913945093006e+07
1.477446686625456065e+07
1.477516652507920377e+07
1.477545556748630293e+07
1.477491464703576081e+07
1.477361249166272394e+07
1.477156222073243931e+07
1.476919965173056349e+07
1.476692742083854601e+07
1.476520091752874292e+07
1.476442991758351214e+07
1.476476733633847535e+07
1.476605689842648245e+07
1.476816050417765044e+07
1.477055766608105600e+07
1.477266878297838382e+07
1.477432802828782238e+07
1.477519626978072338e+07
1.477514286413976736e+07
1.477431592923222110e+07
1.477318069541854225e+07
1.477203507272690907e+07
1.477135711991364881e+07
1.477154905059884675e+07
1.477237074303239025e+07
1.477357393012648635e+07
1.477496976940643601e+07
1.477605140687692910e+07
1.477633928746775165e+07
1.477565750561862066e+07
1.477393962733837590e+07
1.477152432936104387e+07
1.476884491448934749e+07
1.476651025448191166e+07
1.476499396033609845e+07
1.476449944497385621e+07
1.476526175129662640e+07
1.476707815791397169e+07
1.476951099706092291e+07
1.477194291616667248e+07
1.477404638095125556e+07
1.477529902113259025e+07
1.477546250297120027e+07
1.477470771994613670e+07
1.477335297022596002e+07
1.477177427470207401e+07
1.477048178554058075e+07
1.476999970386599936e+07
1.477052339632254653e+07
1.477177311122758873e+07
1.477349498116134666e+07
1.477537531275909953e+07
1.477659840346029028e+07
1.477680029224357940e+07
1.477573743089817278e+07
1.477375843998064473e+07
1.477109688234538399e+07
1.476836731876319461e+07
1.476619445661905594e+07
1.476498654232801124e+07
1.476500290346779115e+07
1.476632446292349510e+07
1.476849230767237954e+07
1.477103131031573191e+07
1.477337734841775149e+07
1.477501821319698356e+07
1.477562753841053136e+07
1.477506959467156045e+07
1.477363411517820880e+07
1.477175930419273116e+07
1.476992802265691943e+07
1.476881990936995856e+07
1.476867466992171109e+07
1.476949266758156754e+07
1.477125550700326823e+07
1.477354196943058074e+07
1.477556130176296458e+07
1.477675105633164756e+07
1.477678531278617308e+07
1.477560615568229556e+07
1.477343881700652838e+07
1.477084513947954774e+07
1.476838486076732725e+07
1.476663360678801686e+07
1.476590495914109983e+07
1.476652099483234249e+07
1.476820276374800317e+07
1.477037517735194229e+07
1.477279664184826799e+07
1.477479122698185034e+07
1.477588030829540454e+07
1.477567534570447542e+07
1.477451795581595972e+07
1.477255608720550686e+07
1.477025692548911273e+07
1.476843575286968611e+07
1.476755295423218794e+07
1.476769325117789209e+07
1.476900581112558395e+07
1.477117976710934006e+07
1.477358867641797848e+07
1.477555261536158249e+07
1.477660357478781417e+07
1.477649194398700260e+07
1.477525751745468751e+07
1.477321630999814346e+07
1.477095307029324211e+07
1.476896347668835521e+07
1.476776425021430291e+07
1.476821729364190623e+07
1.476871600145757198e+07
1.477060312034188770e+07
1.477281379342074320e+07
1.477489659433710016e+07
1.477612898233061843e+07
1.477630644527564757e+07
1.477542970981112681e+07
1.477358581998973526e+07
1.477114224003895186e+07
1.476895137425724603e+07
1.476720571032118052e+07
1.476649309008920006e+07
1.476704078742026351e+07
1.476877704460130446e+07
1.477103822558220290e+07
1.477331356953901425e+07
1.477502977211760730e+07
1.477580619546471909e+07
1.477539981027095951e+07
1.477420462111709826e+07
1.477259876047031023e+07
1.477085268955974840e+07
1.476949122002054006e+07
1.476904009504632093e+07
1.476954268119480833e+07
1.477090614948224463e+07
1.477270656492757052e+07
1.477458993310481682e+07
1.477598469039216638e+07
1.477652580537441187e+07
1.477593551683435403e+07
1.477447154228456318e+07
1.477218096807334200e+07
1.476971506662921980e+07
1.476759470862671919e+07
1.476616046426618844e+07
1.476569435120964050e+07
1.476663099459269457e+07
1.476839424845600687e+07
1.477051841387248784e+07
1.477251549376595207e+07
1.477400843501880392e+07
1.477453959589136206e+07
1.477436380318711139e+07
1.477338149221837521e+07
1.477228469300750457e+07
1.477102478585401550e+07
1.477111280246531032e+07
1.477061743298804574e+07
1.477161989313312434e+07
1.477292128263608925e+07
1.477466576214922592e+07
1.477605109162453748e+07
1.477684671583858319e+07
1.477670607692332007e+07
1.477556469124376774e+07
1.477346706690448523e+07
1.477119900512610562e+07
1.476899801047839597e+07
1.476707564724327996e+07
1.476593001593845710e+07
1.476588629460643232e+07
1.476680338556894846e+07
1.476838783604523167e+07
1.477018300610186346e+07
1.477190590831049345e+07
1.477304159004827030e+07
1.477342047458770312e+07
1.477322523301688395e+07
1.477262641792582907e+07
1.477194657243060693e+07
1.477160459468114749e+07
1.477169896905857138e+07
1.477220015543934330e+07
1.477316996527797543e+07
1.477454606056612171e+07
1.477581355759123154e+07
1.477665441023899429e+07
1.477679746794125624e+07
1.477608554901405983e+07
1.477462389664712548e+07
1.477270501984432526e+07
1.477054505449406803e+07
1.476850655274129286e+07
1.476695813200774789e+07
1.476622042283928767e+07
1.476634397183555365e+07
1.476718967662745900e+07
1.476833303740238212e+07
1.476965534078518860e+07
1.477086373009780049e+07
1.477186066817763634e+07
1.477232126386972144e+07
1.477234983619541116e+07
1.477225760291906260e+07
1.477224169103172235e+07
1.477244082761416398e+07
1.477277246346050873e+07
1.477350510978980362e+07
1.477447198055900075e+07
1.477539506529164501e+07
1.477614249411811307e+07
1.477644350569046848e+07
1.477608760265997611e+07
1.477517120438887738e+07
1.477378845284947380e+07
1.477222947508241422e+07
1.477041621810233407e+07
1.476877521572676860e+07
1.476759413764434122e+07
1.476693845067823306e+07
1.476676372666672431e+07
1.476718831701851822e+07
1.476792189607090130e+07
1.476887431112289242e+07
1.476993254172880948e+07
1.477082075816359930e+07
1.477147515926677175e+07
1.477193443104397133e+07
1.477238642701379955e+07
1.477285238910348341e+07
1.477326289481369779e+07
1.477370482175966166e+07
1.477422204010057636e+07
1.477485441870633140e+07
1.477534464906129241e+07
1.477561999235326424e+07
1.477553764364622906e+07
1.477516585025573708e+07
1.477442819896883331e+07
1.477344087392969243e+07
1.477213602926045656e+07
1.477080346575453319e+07
1.476945323522699066e+07
1.476832984048172645e+07
1.476740753090420738e+07
1.476699032755064778e+07
1.476690258932529390e+07
1.476734044919385575e+07
1.476797814963370375e+07
1.476902894503540732e+07
1.476993059357367270e+07
1.477111164150291868e+07
