2.264080228912048787e+07
2.264168415153418481e+07
2.264209058512206376e+07
2.264254668798388913e+07
2.264276660295240954e+07
2.264305215095706284e+07
2.264332371522780880e+07
2.264338581972030178e+07
2.264333831114866957e+07
2.264302253999460116e+07
2.264249985740412772e+07
2.264177631055988744e+07
2.264087317851528153e+07
2.263977256026319414e+07
2.263866791825203225e+07
2.263760268470219523e+07
2.263664718956852332e+07
2.263580088608309627e+07
2.263525816009576619e+07
2.263533747429902479e+07
2.263632482147090882e+07
2.263761918159389123e+07
2.263905324291828647e+07
2.264059559987932816e+07
2.264157510210824385e+07
2.264215627047604695e+07
2.264253616334302351e+07
2.264279747332331166e+07
2.264299830627818778e+07
2.264308810623696446e+07
2.264318689102758095e+07
2.264317056517208740e+07
2.264316311190316826e+07
2.264320493778099120e+07
2.264331974015657604e+07
2.264308227985264733e+07
2.264254474615949020e+07
2.264197390716120973e+07
2.264100086794776097e+07
2.263956106798179820e+07
2.263778953338844702e+07
2.263619237612662092e+07
2.263503473097925633e+07
2.263444179852764681e+07
2.263471115189321712e+07
2.263558254190994799e+07
2.263724500599536300e+07
2.263917394056390226e+07
2.264102180782936886e+07
2.264257324878776073e+07
2.264353922502328455e+07
2.264387501309727877e+07
2.264378667264446244e+07
2.264351113022349030e+07
2.264303973037638143e+07
2.264264657915183902e+07
2.264250209490617737e+07
2.264261894044730440e+07
2.264292685272342712e+07
2.264321867279746011e+07
2.264322253783465549e+07
2.264295679502731934e+07
2.264227990245590359e+07
2.264105047420134023e+07
2.263945870707944781e+07
2.263772332796869427e+07
2.263582050260106102e+07
2.263430614716764912e+07
2.263368453089775518e+07
2.263387522182789445e+07
2.263497890415427834e+07
2.263679777723309025e+07
2.263886591717918962e+07
2.264081774149220064e+07
2.264228125270459428e+07
2.264317953573752940e+07
2.264354438433188945e+07
2.264335531538275257e+07
2.264301761138613522e+07
2.264260223700878769e+07
2.264237755328540877e+07
2.264259826018204540e+07
2.264340763640835509e+07
2.264440986046649143e+07
2.264515567279289663e+07
2.264533762881135568e+07
2.264495956540732458e+07
2.264378623820213601e+07
2.264191713434932753e+07
2.263967046978434920e+07
2.263748901407728717e+07
2.263554297210868821e+07
2.263421034263746068e+07
2.263388841841196641e+07
2.263452034790796414e+07
2.263605520344326273e+07
2.263823459340475127e+07
2.264053527233254910e+07
2.264241225861704722e+07
2.264377609609075263e+07
2.264436092870605364e+07
2.264406294223849475e+07
2.264316359181650728e+07
2.264207602833779901e+07
2.264132557244578376e+07
2.264119199798759818e+07
2.264169282605712488e+07
2.264241425077300519e+07
2.264324134429372475e+07
2.264412377521738783e+07
2.264460320985048637e+07
2.264426229262492061e+07
2.264295598604104668e+07
2.264093584640354291e+07
2.263848216820225120e+07
2.263603084738855064e+07
2.263418180160970986e+07
2.263316140876524895e+07
2.263321534642583877e+07
2.263438558591926470e+07
2.263640823326868564e+07
2.263879807575610280e+07
2.264100996951135993e+07
2.264287584303944185e+07
2.264406462101243064e+07
2.264419509476975724e+07
2.264311470591564476e+07
2.264146097019734979e+07
2.263980217752837762e+07
2.263874668502594531e+07
2.263870486014688760e+07
2.263961441416753456e+07
2.264116300807652622e+07
2.264297103552829474e+07
2.264454083146456629e+07
2.264531208547563106e+07
2.264493568381612375e+07
2.264338324169268459e+07
2.264100373902062327e+07
2.263810398423164710e+07
2.263552646771614254e+07
2.263370297134187818e+07
2.263289782329609618e+07
2.263334032274829224e+07
2.263510531543760747e+07
2.263759545140859485e+07
2.264008748092696071e+07
2.264222598492949456e+07
2.264348637295684963e+07
2.264352573198375851e+07
2.264249255023444444e+07
2.264082891865282506e+07
2.263894052241558582e+07
2.263738705061836913e+07
2.263676405130492151e+07
2.263698325842367113e+07
2.263814409097497538e+07
2.264024201087512821e+07
2.264245302864893153e+07
2.264401263960325718e+07
2.264462977568792924e+07
2.264414424486266822e+07
2.264253834835566953e+07
2.264008098008063063e+07
2.263734780145768076e+07
2.263498541502114758e+07
2.263351106241843104e+07
2.263326312330063432e+07
2.263436290887056664e+07
2.263637271549330279e+07
2.263856941487233341e+07
2.264091809003158286e+07
2.264253389887917042e+07
2.264296245808097348e+07
2.264229142442603037e+07
2.264060764100276306e+07
2.263811870369952545e+07
2.263573473439478502e+07
2.263419788028679043e+07
2.263386820933271199e+07
2.263470358844101056e+07
2.263666884942738339e+07
2.263929933365803584e+07
2.264172069141625613e+07
2.264338695440086722e+07
2.264396160310240090e+07
2.264335370755753666e+07
2.264158347708958760e+07
2.263931752325119823e+07
2.263711098377143592e+07
2.263524053833385557e+07
2.263465405852228031e+07
2.263600726831704006e+07
2.263676098333047703e+07
2.263917816423875093e+07
2.264156094439029694e+07
2.264359052970667556e+07
2.264453719147299230e+07
2.264432096825036779e+07
2.264282161817168072e+07
2.264056437596844509e+07
2.263789455649916828e+07
2.263574577138547972e+07
2.263454292152474076e+07
2.263434857248320803e+07
2.263534062373754382e+07
2.263763298145813122e+07
2.264018022727825493e+07
2.264256520072620735e+07
2.264400078310836107e+07
2.264425224730390310e+07
2.264321169332692772e+07
2.264157732263458520e+07
2.263968812314824387e+07
2.263796478010687232e+07
2.263679059328660369e+07
2.263686207251676917e+07
2.263786063895365223e+07
2.263957516212357581e+07
2.264175078643611819e+07
2.264372509771576524e+07
2.264513499658473581e+07
2.264546983202876896e+07
2.264451087256319076e+07
2.264264578582775593e+07
2.263998316396551207e+07
2.263747326852054149e+07
2.263540616273321584e+07
2.263428709887724742e+07
2.263427685723859817e+07
2.263562901660996303e+07
2.263775102801626176e+07
2.264011098939467594e+07
2.264201032070922852e+07
2.264333163906488568e+07
2.264362613786167279e+07
2.264322873321421817e+07
2.264212807855847850e+07
2.264066615379100665e+07
2.263941560394812748e+07
2.263854281816953421e+07
2.263975096686961129e+07
2.264071158696205169e+07
2.264254612318960577e+07
2.264428098888046294e+07
2.264565658248393610e+07
2.264607047461963072e+07
2.264547644136682153e+07
2.264362161599431559e+07
2.264115939664527401e+07
2.263857973960721493e+07
2.263628359856937081e+07
2.263441198101767525e+07
2.263365582676976174e+07
2.263393593989573047e+07
2.263519247201905400e+07
2.263667148421445861e+07
2.263777991566544026e+07
2.263870481309494376e+07
2.263902396346495673e+07
2.263891241865258291e+07
2.263855176870864630e+07
2.263761405840343237e+07
2.263677821877661347e+07
2.263661275302268937e+07
2.263720288558292016e+07
2.263816627965324000e+07
2.263944097639346868e+07
2.264076041494191065e+07
2.264199791753914580e+07
2.264276866620877385e+07
2.264276869236189499e+07
2.264192138830742612e+07
2.264038576477761939e+07
2.263868075302666426e+07
2.263660497438507527e+07
2.263473156110099703e+07
2.263313135932919383e+07
2.263254895912410691e+07
2.263288335538315028e+07
2.263372087911428884e+07
2.263501419148752093e+07
2.263661450176854804e+07
2.263794203424984962e+07
2.263892965791124478e+07
2.263927962059900165e+07
2.263928893143267184e+07
2.263920428877556697e+07
2.263917988696768880e+07
2.263937037458104268e+07
2.263984949252983555e+07
2.264063005865938589e+07
2.264175753915677220e+07
2.264286041415539756e+07
2.264368145725924149e+07
2.264377117804786190e+07
2.264305599718257040e+07
2.264147250218849629e+07
2.263948873252449185e+07
2.263745248120320588e+07
2.263542050302696228e+07
2.263393739870360494e+07
2.263295734969278425e+07
2.263248373929003254e+07
2.263246199386701733e+07
2.263310759712617472e+07
2.263414666006111354e+07
2.263519013490679115e+07
2.263604029946244508e+07
2.263640068435911462e+07
2.263630574418748543e+07
2.263656140721216425e+07
2.263745796280607209e+07
2.263804316842428222e+07
2.263858515517717227e+07
2.263920122398763150e+07
2.264002253701938316e+07
2.264107187002412602e+07
2.264225755084108189e+07
2.264290406256211922e+07
2.264264497823081166e+07
2.264175940571483225e+07
2.264052799212962762e+07
2.263889985762780160e+07
2.263716514679000154e+07
2.263547385584490746e+07
2.263411257796276361e+07
2.263305216540858522e+07
2.263230600135391951e+07
2.263207937014600262e+07
2.263240393236308172e+07
2.263307809987561777e+07
2.263412486551932618e+07
2.263517039732296392e+07
2.263624237363976240e+07
2.263705636054874212e+07
