2.069067907380850241e+07
2.069157035852476582e+07
2.069197636966304854e+07
2.069243549874734133e+07
2.069267983814823255e+07
2.069302222232671827e+07
2.069333169769563153e+07
2.069356907448388636e+07
2.069353835304509476e+07
2.069319765897314250e+07
2.069263246616087109e+07
2.069166476578952745e+07
2.069047806187477708e+07
2.068935358929907158e+07
2.068812719885316119e+07
2.068697788494424149e+07
2.068606119458327815e+07
2.068548431786929443e+07
2.068520140218950436e+07
2.068541022750619054e+07
2.068625242895447835e+07
2.068729034398537502e+07
2.068848593429359049e+07
2.068986587475823984e+07
2.069115371322044730e+07
2.069212263468419760e+07
2.069274601644521207e+07
2.069320292721346021e+07
2.069339438734228909e+07
2.069345358806510270e+07
2.069358831284198910e+07
2.069378493032471091e+07
2.069389442076432705e+07
2.069394300952012837e+07
2.069386819534428045e+07
2.069334992648952827e+07
2.069248049809791893e+07
2.069147599713427946e+07
2.069023390243700519e+07
2.068868481058850512e+07
2.068708155536350235e+07
2.068579641416414082e+07
2.068486102113458142e+07
2.068454588232458010e+07
2.068503450020271167e+07
2.068606475866108015e+07
2.068755364823352545e+07
2.068923783732354268e+07
2.069082532928020880e+07
2.069216750807806849e+07
2.069309180236726254e+07
2.069343623200612888e+07
2.069348192598175257e+07
2.069337463177812845e+07
2.069311299064463377e+07
2.069279862935116887e+07
2.069273366874182224e+07
2.069295968061421067e+07
2.069334086128482223e+07
2.069356243836655840e+07
2.069331921084426343e+07
2.069285612156147510e+07
2.069190730607755855e+07
2.069031986180085689e+07
2.068837412816029415e+07
2.068635846048682556e+07
2.068449607144919038e+07
2.068319419919524714e+07
2.068286636243602261e+07
2.068346610670940951e+07
2.068485040296368301e+07
2.068690206573959067e+07
2.068903316171018779e+07
2.069080463906483725e+07
2.069209533003508672e+07
2.069284423601387441e+07
2.069298194674104080e+07
2.069257420506300777e+07
2.069195524559439719e+07
2.069140376193621755e+07
2.069125675166840851e+07
2.069162077154803276e+07
2.069237131814780831e+07
2.069314277189301327e+07
2.069367198100167885e+07
2.069380464868071675e+07
2.069337875574199855e+07
2.069225245888472721e+07
2.069028745643674582e+07
2.068787651023326814e+07
2.068547436665385589e+07
2.068340144470432028e+07
2.068232557169809192e+07
2.068225323669340089e+07
2.068322564302748814e+07
2.068508298876045644e+07
2.068749396228504926e+07
2.068978655309938267e+07
2.069157718843011931e+07
2.069277763546350971e+07
2.069319632336368784e+07
2.069285350055627897e+07
2.069209129987513646e+07
2.069113369751716778e+07
2.069046570652721822e+07
2.069033651323402300e+07
2.069100287901524827e+07
2.069214698292640969e+07
2.069337466842446849e+07
2.069444052201757580e+07
2.069498048410075158e+07
2.069456112021811679e+07
2.069322181817162409e+07
2.069109551508328691e+07
2.068846117333936691e+07
2.068589447653992474e+07
2.068410289134455100e+07
2.068323578871612623e+07
2.068347494413948804e+07
2.068484527752766386e+07
2.068706870715504885e+07
2.068956345985723287e+07
2.069177662579315156e+07
2.069341782408649474e+07
2.069402160251055285e+07
2.069366258085694164e+07
2.069250914898939058e+07
2.069103161933404580e+07
2.068962858197978884e+07
2.068884156136212125e+07
2.068904736757455766e+07
2.069002315045415238e+07
2.069148919971280545e+07
2.069315946894756705e+07
2.069457576623599231e+07
2.069518863312277198e+07
2.069469323514511064e+07
2.069304755222046375e+07
2.069056815149680525e+07
2.068765502851024643e+07
2.068523165186621621e+07
2.068359980767434090e+07
2.068305228362803906e+07
2.068376752977855131e+07
2.068576668883709610e+07
2.068830720721850917e+07
2.069065992608908936e+07
2.069265697015783191e+07
2.069370841104964912e+07
2.069369048538919911e+07
2.069262625034108385e+07
2.069108041179975867e+07
2.068932363805840164e+07
2.068795390373731777e+07
2.068757190514141321e+07
2.068806729655411094e+07
2.068942415292902291e+07
2.069152540641266108e+07
2.069372525067213550e+07
2.069520460320508108e+07
2.069567375061490387e+07
2.069485581737913564e+07
2.069289897208356485e+07
2.069016651488827541e+07
2.068750784752859920e+07
2.068550908542128652e+07
2.068436887786812708e+07
2.068449536892358586e+07
2.068597507945097610e+07
2.068819270393370464e+07
2.069060273058361560e+07
2.069292202469369024e+07
2.069436254329143837e+07
2.069461470212828740e+07
2.069364048558808118e+07
2.069180645716892555e+07
2.068945066680056974e+07
2.068731418152895570e+07
2.068613480056191981e+07
2.068587547450859100e+07
2.068680882365945354e+07
2.068885488456282020e+07
2.069142584365079552e+07
2.069361007584580407e+07
2.069489312698601559e+07
2.069500728106950223e+07
2.069402966458470374e+07
2.069217746862274781e+07
2.068994189016132802e+07
2.068784159298459440e+07
2.068627179171451554e+07
2.068587674026286229e+07
2.068719737136394158e+07
2.068834592693410814e+07
2.069066479403096810e+07
2.069280495542167872e+07
2.069436013380276039e+07
2.069485020584950969e+07
2.069424375217390433e+07
2.069264958022984862e+07
2.069038672407469526e+07
2.068788566392364725e+07
2.068603397179523855e+07
2.068511924646848068e+07
2.068520563914408162e+07
2.068655688330220804e+07
2.068891720709366351e+07
2.069141016590315476e+07
2.069354137492716685e+07
2.069478246241015941e+07
2.069489084792129695e+07
2.069369359473590553e+07
2.069200897951250896e+07
2.069014420052850246e+07
2.068861771326374263e+07
2.068784434796660766e+07
2.068815518636874855e+07
2.068935727926668897e+07
2.069109120032360032e+07
2.069324067926094308e+07
2.069490563233634457e+07
2.069566302111412957e+07
2.069532620088898763e+07
2.069395578202695772e+07
2.069169196694445610e+07
2.068904923669895902e+07
2.068678393686376885e+07
2.068505394066436961e+07
2.068429010088729486e+07
2.068473189501440525e+07
2.068642835451603681e+07
2.068865799416422099e+07
2.069087183281522244e+07
2.069250221598042920e+07
2.069346210372551531e+07
2.069329387750837207e+07
2.069246574483662844e+07
2.069110462420376018e+07
2.068983424505247176e+07
2.068898262339628115e+07
2.068981565698156878e+07
2.068993541666911915e+07
2.069157199028275162e+07
2.069328630297136307e+07
2.069507673232137784e+07
2.069611926358202845e+07
2.069627079348364100e+07
2.069526786203036457e+07
2.069325228235090896e+07
2.069055361925708503e+07
2.068794941186152026e+07
2.068585230011054873e+07
2.068449832132940739e+07
2.068404259181744233e+07
2.068478240500933677e+07
2.068627583940257877e+07
2.068826359570152313e+07
2.069023463465607911e+07
2.069169997498610616e+07
2.069226279499394447e+07
2.069217138205936551e+07
2.069157361455868930e+07
2.069080962551113963e+07
2.069027640356751159e+07
2.069053504574674740e+07
2.069110389692059159e+07
2.069212528318645433e+07
2.069353968604520336e+07
2.069504524794942513e+07
2.069623884597631544e+07
2.069679627307257429e+07
2.069640740071121603e+07
2.069519174889640138e+07
2.069323537708758935e+07
2.069092888391914591e+07
2.068857910681894049e+07
2.068671336661168188e+07
2.068545637431668490e+07
2.068531762453358248e+07
2.068600616202597693e+07
2.068718760983104631e+07
2.068857460071625933e+07
2.068991495632067695e+07
2.069090705774739757e+07
2.069155895296497270e+07
2.069161285742694139e+07
2.069142814303541183e+07
2.069132763929088041e+07
2.069151024128438905e+07
2.069188836734556779e+07
2.069255614370203763e+07
2.069359241962224990e+07
2.069485513398033753e+07
2.069593704984735698e+07
2.069653460677760467e+07
2.069645383005043492e+07
2.069560299409019947e+07
2.069397852051253244e+07
2.069207972857412696e+07
2.069005294887671992e+07
2.068799449014985189e+07
2.068638885290307552e+07
2.068543014903791994e+07
2.068511614797009155e+07
2.068536989818547294e+07
2.068616867614231259e+07
2.068730582222400233e+07
2.068846257763358206e+07
2.068963348548425362e+07
2.069038670600437000e+07
2.069068229880674928e+07
2.069100103052120283e+07
2.069130924213052541e+07
2.069173105466822907e+07
2.069219123672401160e+07
2.069290068216000870e+07
2.069364566237214953e+07
2.069451169496491551e+07
2.069516890413304046e+07
2.069543144752008840e+07
2.069519010465120152e+07
2.069447899800298735e+07
2.069332753583133221e+07
2.069187877759760618e+07
2.069017123804006353e+07
2.068851523109870404e+07
2.068704666518091410e+07
2.068595800420771912e+07
2.068521394682895020e+07
2.068501788296363875e+07
2.068516687938951701e+07
2.068582308088969812e+07
2.068672977247714996e+07
2.068784483295841888e+07
2.068869769208760187e+07
2.068984847704745084e+07
