5.690311480978036672e+07
5.690470060344945639e+07
5.690398440006452799e+07
5.690325994080366194e+07
5.690185617644602060e+07
5.690112135854966193e+07
5.690010833082220703e+07
5.689911256091511250e+07
5.689780354096052051e+07
5.689686294988068193e+07
5.689603254664333165e+07
5.689533706523303688e+07
5.689452522660604864e+07
5.689431555650700629e+07
5.689419479007172585e+07
5.689474848057021946e+07
5.689506650050731003e+07
5.689569557303205132e+07
5.689663979687611759e+07
5.689738887959384918e+07
5.689808643430896848e+07
5.689866836952312291e+07
5.689877044494729489e+07
5.689922738547255844e+07
5.689964766029483825e+07
5.690017026933764666e+07
5.690041515187624842e+07
5.690047994016624242e+07
5.690026177640125155e+07
5.690004547299627960e+07
5.689949216386707127e+07
5.689881993424529582e+07
5.689849152267158031e+07
5.689850514087128639e+07
5.689906346276120096e+07
5.689951473145159334e+07
5.689922390578643978e+07
5.689832806139564514e+07
5.689674812857854366e+07
5.689522703560695052e+07
5.689417284524384886e+07
5.689367662756624073e+07
5.689326172653963417e+07
5.689349037219036371e+07
5.689429922081366181e+07
5.689516534344424307e+07
5.689618736276208609e+07
5.689756740683404356e+07
5.689887974442943931e+07
5.689962482472961396e+07
5.689997524800039828e+07
5.690015154404395819e+07
5.690024225870848447e+07
5.690020204332356155e+07
5.689993617793588340e+07
5.689987928604337573e+07
5.690006139810496569e+07
5.690081978724892437e+07
5.690159037873396277e+07
5.690218716753637046e+07
5.690255526436436921e+07
5.690266807217268646e+07
5.690243729396574199e+07
5.690174135253636539e+07
5.690078496050343663e+07
5.689975430246771127e+07
5.689878032370009273e+07
5.689844952792181820e+07
5.689875842702163756e+07
5.689956316011028737e+07
5.690045731483636796e+07
5.690123069233791530e+07
5.690211611518628895e+07
5.690270986956111342e+07
5.690310304828830063e+07
5.690348961980056018e+07
5.690438934325018525e+07
5.690536638678845763e+07
5.690556305894036591e+07
5.690529225025659800e+07
5.690529208564794064e+07
5.690570781429945678e+07
5.690631211655568331e+07
5.690665469965507090e+07
5.690634984376382828e+07
5.690553887415864319e+07
5.690397529393174499e+07
5.690229594717375934e+07
5.690042529206045717e+07
5.689858443779355288e+07
5.689686921564849466e+07
5.689571431288049370e+07
5.689556813138684630e+07
5.689608992781428248e+07
5.689736634658532590e+07
5.689929949137609452e+07
5.690169748533424735e+07
5.690426263754907995e+07
5.690648299177561700e+07
5.690787173194699734e+07
5.690817880920993537e+07
5.690776712041017413e+07
5.690698515037736297e+07
5.690577364270340651e+07
5.690404297276011854e+07
5.690221997793911397e+07
5.690057410082524270e+07
5.689926232951275259e+07
5.689883548815070838e+07
5.689928138276520371e+07
5.690004845083548874e+07
5.690091341022848338e+07
5.690171066658887267e+07
5.690200434449723363e+07
5.690152982915560901e+07
5.690060355439553410e+07
5.690020983490593731e+07
5.690045393505784869e+07
5.690093780807983130e+07
5.690170445493233949e+07
5.690270718117479235e+07
5.690356588623093814e+07
5.690383053430241346e+07
5.690354204529888183e+07
5.690277105763841420e+07
5.690150758431263268e+07
5.690004532751429081e+07
5.689857279007161409e+07
5.689727380492299795e+07
5.689702522466841340e+07
5.689773686305145919e+07
5.689912231030948460e+07
5.690128094125457108e+07
5.690417530375403911e+07
5.690682987425428629e+07
5.690822197002696991e+07
5.690793865384452045e+07
5.690666297606785595e+07
5.690519240232548863e+07
5.690376890401408076e+07
5.690267552604055405e+07
5.690208684100017697e+07
5.690174632657307386e+07
5.690131226032046974e+07
5.690076638901834190e+07
5.690039283957731724e+07
5.690066467464318126e+07
5.690184594785942882e+07
5.690350291818052530e+07
5.690474810968936235e+07
5.690499241998986155e+07
5.690412793875948340e+07
5.690250225854191184e+07
5.690103738404614478e+07
5.690053441838625818e+07
5.690126589563898742e+07
5.690278799577628821e+07
5.690488919458564371e+07
5.690731115339146554e+07
5.690903177589936554e+07
5.690971591486811638e+07
5.690920769019518048e+07
5.690738392016252130e+07
5.690444947697371244e+07
5.690112589793139696e+07
5.689780851661023498e+07
5.689479718703369051e+07
5.689267773838777840e+07
5.689210541018400341e+07
5.689297209675776213e+07
5.689511391906164587e+07
5.689782479420515150e+07
5.690082315788084269e+07
5.690326524440423399e+07
5.690471317624512315e+07
5.690520721741539240e+07
5.690515351670524478e+07
5.690439739954345673e+07
5.690302598500331491e+07
5.690092783196961880e+07
5.689915137921799719e+07
5.689814564662580192e+07
5.689820880152287334e+07
5.689949923127065599e+07
5.690186732627506554e+07
5.690387085024945438e+07
5.690479724340701848e+07
5.690473210807868838e+07
5.690419225204592198e+07
5.690347118983314186e+07
5.690315601548390836e+07
5.690286796986336261e+07
5.690283018541272730e+07
5.690493521358135343e+07
5.690665783016739041e+07
5.690901294833680242e+07
5.691097095198212564e+07
5.691218778864427656e+07
5.691227978111311048e+07
5.691157481413378567e+07
5.691016292916780710e+07
5.690834634842679650e+07
5.690658862990599126e+07
5.690529264013255388e+07
5.690452027237141132e+07
5.690459415307292342e+07
5.690572888637228310e+07
5.690740613676755130e+07
5.690922730274379253e+07
5.691063106182143092e+07
5.691107060086532682e+07
5.691042184954664111e+07
5.690943218796316534e+07
5.690838668321336061e+07
5.690730585980310291e+07
5.690637757027859986e+07
5.690583837909349054e+07
5.690592251985973865e+07
5.690668806611824781e+07
5.690758917474707216e+07
5.690828662880355865e+07
5.690848716402111202e+07
5.690844176539768279e+07
5.690813351038128883e+07
5.690713090325421095e+07
5.690483586241435260e+07
5.690169854790205508e+07
5.689862949541608244e+07
5.689638696930766106e+07
5.689540080046653003e+07
5.689628546701899916e+07
5.689832974984931946e+07
5.690096881164080650e+07
5.690324656883011758e+07
5.690514177180711925e+07
5.690588975117293000e+07
5.690610361144809425e+07
5.690495764171733707e+07
5.690343187642271817e+07
5.690103563229416311e+07
5.690118655118329078e+07
5.689903137250149995e+07
5.689916219113666564e+07
5.689956761153835058e+07
5.690120971160867065e+07
5.690245654921142012e+07
5.690324089462811500e+07
5.690311867597719282e+07
5.690222432069766521e+07
5.690011405840798467e+07
5.689789280744626373e+07
5.689594218940844387e+07
5.689443726544580609e+07
5.689355098323291540e+07
5.689379678842057288e+07
5.689467752792740613e+07
5.689669989722090214e+07
5.689937576889853179e+07
5.690172458931569755e+07
5.690317744568322599e+07
5.690411644916045666e+07
5.690328985958627611e+07
5.690101864261209965e+07
5.689866802575487643e+07
5.689689424677259475e+07
5.689599906265286356e+07
5.689647200354475528e+07
5.689765693436191976e+07
5.689938396799213439e+07
5.690103705563680083e+07
5.690246288027332723e+07
5.690348387729892880e+07
5.690374599504949152e+07
5.690326483317755908e+07
5.690250343572033197e+07
5.690075121483659744e+07
5.689837324226993322e+07
5.689645686550820619e+07
5.689510312179492414e+07
5.689424764164710045e+07
5.689435707053798437e+07
5.689529762138612568e+07
5.689673298654283583e+07
5.689805353024710715e+07
5.689919329577215016e+07
5.689983221768169105e+07
5.690046494565580040e+07
5.690124821474896371e+07
5.690236103300999105e+07
5.690322598557273299e+07
5.690395416491418332e+07
5.690499493264676630e+07
5.690638410617906600e+07
5.690798446839936078e+07
5.690925726920758933e+07
5.690986084994985163e+07
5.690967313857524842e+07
5.690871343279830366e+07
5.690720585773849487e+07
5.690562454004269838e+07
5.690410951519761235e+07
5.690286586502392590e+07
5.690249348692550510e+07
5.690274779872085154e+07
5.690344814538244903e+07
5.690416567806655914e+07
5.690510260141729563e+07
5.690632093662508577e+07
5.690763468193586916e+07
5.690876709173937142e+07
5.690948370679425448e+07
5.690941334797687083e+07
5.690877668452753872e+07
5.690800079436574876e+07
5.690740186124756187e+07
5.690747081085857004e+07
5.690781089727511257e+07
5.690828070847248286e+07
5.690832577029033005e+07
5.690794350435727090e+07
5.690769487586047500e+07
5.690714447613240778e+07
5.690675196268409491e+07
5.690668327520687133e+07
5.690599845024631917e+07
5.690463926260882616e+07
5.690310629701832682e+07
5.690181726196515560e+07
5.690104407850317657e+07
5.690114654920395464e+07
5.690098393864583969e+07
5.690087301902353019e+07
5.690031772076964378e+07
5.690034622893323004e+07
5.690072724514173716e+07
5.690203120011607558e+07
