5.342064754081425071e+07
5.342177201757069677e+07
5.342239197098655254e+07
5.342286932214100659e+07
5.342305951092135161e+07
5.342328626537161320e+07
5.342346664636503160e+07
5.342350593298838288e+07
5.342339731567199528e+07
5.342313334593357146e+07
5.342272497985902429e+07
5.342198160831797123e+07
5.342102250565811247e+07
5.342009716259860992e+07
5.341904701231817156e+07
5.341803914344843477e+07
5.341719345554895699e+07
5.341642373388616741e+07
5.341584894358519465e+07
5.341569457024425268e+07
5.341611662652778625e+07
5.341692122337533534e+07
5.341808857747300714e+07
5.341954626174027473e+07
5.342087498117128760e+07
5.342194271032492071e+07
5.342259221977192909e+07
5.342303621940201521e+07
5.342326373068709671e+07
5.342334724755587429e+07
5.342351528021796048e+07
5.342363432181411982e+07
5.342367326156631112e+07
5.342363848814199120e+07
5.342357596832209826e+07
5.342326008905124664e+07
5.342270183736553788e+07
5.342200095718692988e+07
5.342106765662840009e+07
5.341971407605191320e+07
5.341815300342156738e+07
5.341668593818665296e+07
5.341555869558060169e+07
5.341497552374789864e+07
5.341511973446310312e+07
5.341584423891247809e+07
5.341705852419231087e+07
5.341858482935615629e+07
5.342019610421550274e+07
5.342175229147005826e+07
5.342285833014359325e+07
5.342342876661084592e+07
5.342354607076089084e+07
5.342329025751632452e+07
5.342285880605863035e+07
5.342241303844740242e+07
5.342219663788653910e+07
5.342231631402539462e+07
5.342280054811963439e+07
5.342334519450563192e+07
5.342363892015984654e+07
5.342353648126906157e+07
5.342302833458822221e+07
5.342197638323667645e+07
5.342030682244596630e+07
5.341835797931791842e+07
5.341641091146244109e+07
5.341477382938121259e+07
5.341389765863510221e+07
5.341396726070337743e+07
5.341503736572822183e+07
5.341664973326702416e+07
5.341861784066956490e+07
5.342057869711383432e+07
5.342212463833695650e+07
5.342308549745576829e+07
5.342349451637274772e+07
5.342324756854215264e+07
5.342263275845033675e+07
5.342206598858129233e+07
5.342176164437697828e+07
5.342179909785699844e+07
5.342227517250465602e+07
5.342311176410038769e+07
5.342382028576324135e+07
5.342423865145803988e+07
5.342419763487520069e+07
5.342337457276031375e+07
5.342181231207676232e+07
5.341963123602440208e+07
5.341720383189705014e+07
5.341496469467910379e+07
5.341343595974905789e+07
5.341294114310892671e+07
5.341344813418348134e+07
5.341486053617060930e+07
5.341714486049158871e+07
5.341971232973673940e+07
5.342187830053423345e+07
5.342347348788817972e+07
5.342418252569826692e+07
5.342392126134745777e+07
5.342305107586436719e+07
5.342197106156683713e+07
5.342091248656194657e+07
5.342032656717187166e+07
5.342048876953373849e+07
5.342131478460156173e+07
5.342241980237361044e+07
5.342365893836235255e+07
5.342457232058049738e+07
5.342470892778257281e+07
5.342390584458977729e+07
5.342221124792291969e+07
5.341980807527995855e+07
5.341709645084238052e+07
5.341472570517105609e+07
5.341323192164592445e+07
5.341285778338939697e+07
5.341370809291259944e+07
5.341547663227403164e+07
5.341797889192860574e+07
5.342055343178766221e+07
5.342290700520929694e+07
5.342419994554408640e+07
5.342417569925161451e+07
5.342327975029673427e+07
5.342210693376096338e+07
5.342065287498431653e+07
5.341947044271315634e+07
5.341915382932870090e+07
5.341983346733175963e+07
5.342120762431153655e+07
5.342299065801063180e+07
5.342472658405561745e+07
5.342565806888679415e+07
5.342565675053985417e+07
5.342436674095728248e+07
5.342207478088724613e+07
5.341911147197073698e+07
5.341627699335400015e+07
5.341419747450572252e+07
5.341319722412992269e+07
5.341345066170043498e+07
5.341502799676944315e+07
5.341743554617272317e+07
5.342024435808465630e+07
5.342268270245711505e+07
5.342421242575918883e+07
5.342468979509767145e+07
5.342394946317899227e+07
5.342229297549062222e+07
5.342017495289631188e+07
5.341825319763950258e+07
5.341717884118103981e+07
5.341701118502751738e+07
5.341796701903748512e+07
5.342004440476156771e+07
5.342268794832434505e+07
5.342498391508297622e+07
5.342599963647430390e+07
5.342570814129395038e+07
5.342441160030808300e+07
5.342201319220129400e+07
5.341916592421451956e+07
5.341658258201936632e+07
5.341474819343620539e+07
5.341409912199760228e+07
5.341477435117841512e+07
5.341652704380753636e+07
5.341895559582091868e+07
5.342163254101277143e+07
5.342401315291438252e+07
5.342506579504432529e+07
5.342466007317768037e+07
5.342342258391351998e+07
5.342134837078139931e+07
5.341909195607175678e+07
5.341738431063151360e+07
5.341657390039482713e+07
5.341680174304321408e+07
5.341807276742316782e+07
5.342027653218155354e+07
5.342267848873788118e+07
5.342459709912792593e+07
5.342557710995593667e+07
5.342532398979687691e+07
5.342389920182944834e+07
5.342161305477012694e+07
5.341913492581328750e+07
5.341719477419346571e+07
5.341630993932941556e+07
5.341701317308571190e+07
5.341770511316642165e+07
5.341977218413244933e+07
5.342205290287122130e+07
5.342414482439104468e+07
5.342528118200099468e+07
5.342523654807605594e+07
5.342407308160848916e+07
5.342201016823959351e+07
5.341939883436790854e+07
5.341704409854308516e+07
5.341537763130111247e+07
5.341481593723249435e+07
5.341550679411230236e+07
5.341757302393696457e+07
5.342023273307465017e+07
5.342275173315940052e+07
5.342435180148916692e+07
5.342488142560215294e+07
5.342408064050236344e+07
5.342250437699341029e+07
5.342065950868044794e+07
5.341893674046421796e+07
5.341778714764647186e+07
5.341771100775486231e+07
5.341853429364228249e+07
5.342002754636416584e+07
5.342191986543187499e+07
5.342369732208639383e+07
5.342489416507843882e+07
5.342518007890113443e+07
5.342439240399432182e+07
5.342271517709585279e+07
5.342056771094027907e+07
5.341831478040175885e+07
5.341620102198728919e+07
5.341502296254171431e+07
5.341496715059489012e+07
5.341604668476393074e+07
5.341775984536044300e+07
5.341983484504628181e+07
5.342169303599362075e+07
5.342293801150292158e+07
5.342310806122521311e+07
5.342274796998320520e+07
5.342164603749512881e+07
5.342047623202777654e+07
5.341939064178539813e+07
5.342009787912404537e+07
5.341950802404648066e+07
5.342087765434408933e+07
5.342237353036534786e+07
5.342421930350176990e+07
5.342545376475147903e+07
5.342611671504653245e+07
5.342576604558929056e+07
5.342443661854142696e+07
5.342227472335516661e+07
5.341991888322456926e+07
5.341764167910397798e+07
5.341584942032057792e+07
5.341507530952756852e+07
5.341546605381113291e+07
5.341660773995647579e+07
5.341830409633619338e+07
5.342015997448356450e+07
5.342159534806341678e+07
5.342230075387866795e+07
5.342240948918501288e+07
5.342198947073984146e+07
5.342125738122397661e+07
5.342058554650611430e+07
5.342056818679048866e+07
5.342112685545311123e+07
5.342209670550804585e+07
5.342327360071174800e+07
5.342459385977643728e+07
5.342565020484763384e+07
5.342626678021334112e+07
5.342610802037949860e+07
5.342510564197974652e+07
5.342333701184631139e+07
5.342122101737827063e+07
5.341906366860271990e+07
5.341705002123499662e+07
5.341567439324855804e+07
5.341530396851711720e+07
5.341570241494721919e+07
5.341659855833740532e+07
5.341774023200736195e+07
5.341909058775501698e+07
5.342024096226909012e+07
5.342096909541366994e+07
5.342124549090690911e+07
5.342127874915460497e+07
5.342118482021140307e+07
5.342125913110925257e+07
5.342161245850722492e+07
5.342216328877864033e+07
5.342308237770853192e+07
5.342410012041499466e+07
5.342495762878935039e+07
5.342560789513913542e+07
5.342579748507147282e+07
5.342533098313156515e+07
5.342417612401213497e+07
5.342256399444882572e+07
5.342084577577199787e+07
5.341901411062312126e+07
5.341757765735963732e+07
5.341663678571428359e+07
5.341617238030620664e+07
5.341627389373501390e+07
5.341683466881384701e+07
5.341766465693695098e+07
5.341858922583974898e+07
5.341948892605303973e+07
5.342017892736934870e+07
5.342062973593889177e+07
5.342102081059525907e+07
5.342136028095509112e+07
5.342177398169215024e+07
5.342220479196231812e+07
5.342269913260763139e+07
5.342332265796130151e+07
5.342409280080110580e+07
5.342467612040235102e+07
5.342500710267723352e+07
5.342490185894101858e+07
5.342449306624639779e+07
5.342370618350268155e+07
5.342264441281255335e+07
5.342128323960458487e+07
5.342003979761350900e+07
5.341884936310984939e+07
5.341780439398869127e+07
5.341690042780537903e+07
5.341653803147752583e+07
5.341646596113736928e+07
5.341691328993970901e+07
5.341749957279797643e+07
5.341850513207821548e+07
5.341927904253792018e+07
5.342043578814447671e+07
