1.451572174123007990e+07
1.451668624912238307e+07
1.451699439476275444e+07
1.451739948269844241e+07
1.451751181144581921e+07
1.451801845157447085e+07
1.451832486603350751e+07
1.451849588474815153e+07
1.451849570744504407e+07
1.451832357908151671e+07
1.451783227752862312e+07
1.451708016251235269e+07
1.451578777010750771e+07
1.451463300245015509e+07
1.451346796736149490e+07
1.451215643241335452e+07
1.451119907838408649e+07
1.451046270963523537e+07
1.451005201165398397e+07
1.451026067794488370e+07
1.451109863605820015e+07
1.451211312957319058e+07
1.451334527247079276e+07
1.451471343036653288e+07
1.451604027278565615e+07
1.451701731455454789e+07
1.451757569086967967e+07
1.451797574103791267e+07
1.451811151981856488e+07
1.451800648795210384e+07
1.451800059611290321e+07
1.451808089712165482e+07
1.451813089080812782e+07
1.451830058817937970e+07
1.451845761702088453e+07
1.451820103647485934e+07
1.451747812977227941e+07
1.451663527762131207e+07
1.451550110979885608e+07
1.451393930374045484e+07
1.451225957094283588e+07
1.451085245697769709e+07
1.450980850346556678e+07
1.450926673094389588e+07
1.450965099853914604e+07
1.451052795480577089e+07
1.451183944831311144e+07
1.451371675686601177e+07
1.451547176610580646e+07
1.451680034947280772e+07
1.451793724641895853e+07
1.451835119375622086e+07
1.451824592647427134e+07
1.451805549548421986e+07
1.451757383445303515e+07
1.451721962763919868e+07
1.451726813770369254e+07
1.451742995278885588e+07
1.451796588547790609e+07
1.451854615635978617e+07
1.451843713204885647e+07
1.451801859815158322e+07
1.451734119817108475e+07
1.451581615767317638e+07
1.451395168724003620e+07
1.451188168653447181e+07
1.450990199173745140e+07
1.450862579011544771e+07
1.450826557044704817e+07
1.450859611363815516e+07
1.450987993439590000e+07
1.451182622510002740e+07
1.451409157782663032e+07
1.451609891088699922e+07
1.451742325154281221e+07
1.451830011004764773e+07
1.451839411907737516e+07
1.451790576323131844e+07
1.451715906558043137e+07
1.451639879745770805e+07
1.451604987783775851e+07
1.451610768326837942e+07
1.451676605260052346e+07
1.451770496632734686e+07
1.451852228597046807e+07
1.451886071143117175e+07
1.451868477967777289e+07
1.451767830429640785e+07
1.451581585259844363e+07
1.451341397413108684e+07
1.451094956264814362e+07
1.450875477201386355e+07
1.450754794530128315e+07
1.450741360354227945e+07
1.450813205266080610e+07
1.450993236352812685e+07
1.451241240568978339e+07
1.451481981121391803e+07
1.451666814315838367e+07
1.451788641308368370e+07
1.451837996854383312e+07
1.451789728044493124e+07
1.451686472120094113e+07
1.451563388347223960e+07
1.451472236624947563e+07
1.451448335675221682e+07
1.451512823184632882e+07
1.451629590005792864e+07
1.451766083846572414e+07
1.451896446714700386e+07
1.451975779580375180e+07
1.451949353295199946e+07
1.451813151635952853e+07
1.451595034355878830e+07
1.451317344233574346e+07
1.451034781855526008e+07
1.450840026350169256e+07
1.450744891497123241e+07
1.450757263102998771e+07
1.450890745083635114e+07
1.451126999375468493e+07
1.451389447727461532e+07
1.451625857258838043e+07
1.451796413530750386e+07
1.451876015888776258e+07
1.451833706091172062e+07
1.451722412931030244e+07
1.451561242635194398e+07
1.451410438647273555e+07
1.451322520947861485e+07
1.451340935127323680e+07
1.451443534268772788e+07
1.451604554884010740e+07
1.451793028817285970e+07
1.451964506571901962e+07
1.452047079134603590e+07
1.451992483857344650e+07
1.451830435884519666e+07
1.451577054114240222e+07
1.451269261010220647e+07
1.451004027607483603e+07
1.450840684175896086e+07
1.450774018411383405e+07
1.450838180827557668e+07
1.451039205196224339e+07
1.451303615706366487e+07
1.451564615598583035e+07
1.451772136292951554e+07
1.451887524074371159e+07
1.451876005865775235e+07
1.451773262160155550e+07
1.451595100712238811e+07
1.451385383350801468e+07
1.451219771809615195e+07
1.451173824342938513e+07
1.451225365940957889e+07
1.451350095225148648e+07
1.451567726877608709e+07
1.451820429033583030e+07
1.451999025950185023e+07
1.452047331720338203e+07
1.451982206712701544e+07
1.451794942593931593e+07
1.451529486132077128e+07
1.451247639528801851e+07
1.451015549907554686e+07
1.450898622385558486e+07
1.450887190195688047e+07
1.451024300391047820e+07
1.451249444164519012e+07
1.451491147339617647e+07
1.451739129755654745e+07
1.451910827502216212e+07
1.451932706525303610e+07
1.451856801746135950e+07
1.451686550800363161e+07
1.451439145169916004e+07
1.451215017835561000e+07
1.451077282714193128e+07
1.451045397176638432e+07
1.451122003882026486e+07
1.451296939976596273e+07
1.451561214334251545e+07
1.451817988542007841e+07
1.451980857142296247e+07
1.452021168648763560e+07
1.451942614732808806e+07
1.451756582779551484e+07
1.451513108988342807e+07
1.451277367777417041e+07
1.451089623755724356e+07
1.451036406030816212e+07
1.451156467949019186e+07
1.451264634580802359e+07
1.451505751023429073e+07
1.451748599850252084e+07
1.451939126063132845e+07
1.452004627734163590e+07
1.451958954845807888e+07
1.451797108527790383e+07
1.451576954892584682e+07
1.451295822164713591e+07
1.451072380723834224e+07
1.450965521549109183e+07
1.450954188383121602e+07
1.451057194972377829e+07
1.451296944509266876e+07
1.451557486204348691e+07
1.451797867710347846e+07
1.451947319227041677e+07
1.451947590075773001e+07
1.451842142578054406e+07
1.451686277489039116e+07
1.451496773245221190e+07
1.451306260567606241e+07
1.451201577793783881e+07
1.451222980735406652e+07
1.451339469921309687e+07
1.451515261121680774e+07
1.451723338398383185e+07
1.451936956880464405e+07
1.452044732511828281e+07
1.452042557995386049e+07
1.451921431579067931e+07
1.451708033876640350e+07
1.451435984263149463e+07
1.451180696351177432e+07
1.450971806461983547e+07
1.450876923758073524e+07
1.450904949999385886e+07
1.451052419961049967e+07
1.451282092650353536e+07
1.451524240667488798e+07
1.451726562971523590e+07
1.451845641760303825e+07
1.451835627781575173e+07
1.451764014400885999e+07
1.451642316852444783e+07
1.451500856951328740e+07
1.451364969133724086e+07
1.451483463825293444e+07
1.451416438854881935e+07
1.451581312924042344e+07
1.451737453272326291e+07
1.451935601104075834e+07
1.452069684019784257e+07
1.452124771185636334e+07
1.452031707350065745e+07
1.451864562559605949e+07
1.451603590381971560e+07
1.451350253475520574e+07
1.451115809702599980e+07
1.450940134076851420e+07
1.450874098527755961e+07
1.450940662885266356e+07
1.451069703786658682e+07
1.451263779496131465e+07
1.451474777142311446e+07
1.451638408126205206e+07
1.451718916597574577e+07
1.451709677829919755e+07
1.451662246609841473e+07
1.451579546559249051e+07
1.451478680671243928e+07
1.451464112985695526e+07
1.451525254174481891e+07
1.451606414619332552e+07
1.451744439185344242e+07
1.451896789253188670e+07
1.452021442866863124e+07
1.452117034377357736e+07
1.452089563965664618e+07
1.451948667998041213e+07
1.451763732322435640e+07
1.451538719682652690e+07
1.451297008871116675e+07
1.451086580807065032e+07
1.450938425599701516e+07
1.450909443777542748e+07
1.450976378885585628e+07
1.451082534468308091e+07
1.451231367689788528e+07
1.451393333473535068e+07
1.451514744779013097e+07
1.451589985530688986e+07
1.451609874972663447e+07
1.451579821694053523e+07
1.451562488285831548e+07
1.451555021367344819e+07
1.451580093433707580e+07
1.451647973873844557e+07
1.451739456614294276e+07
1.451855296205815487e+07
1.451966033923119493e+07
1.452045924387570843e+07
1.452063687032021768e+07
1.452004922419597208e+07
1.451855384084111452e+07
1.451684207106009126e+07
1.451499878068166412e+07
1.451292184305915236e+07
1.451115026733737066e+07
1.451020721320963837e+07
1.450986439273873158e+07
1.450999282110327482e+07
1.451074101106629148e+07
1.451172415494535491e+07
1.451292476750530861e+07
1.451410883926038072e+07
1.451497332202593051e+07
1.451527262990634702e+07
1.451563896644521691e+07
1.451604673639434762e+07
1.451642478507760726e+07
1.451683899303777143e+07
1.451748434398691170e+07
1.451815935518403724e+07
1.451894154142282903e+07
1.451968042777184211e+07
1.451990640370936133e+07
1.451975807869676687e+07
1.451918174681334198e+07
1.451815266743268259e+07
1.451687694969920814e+07
1.451526475805465505e+07
1.451367680736483634e+07
1.451219907788171060e+07
1.451116768675227650e+07
1.451036210414757952e+07
1.451026731374342926e+07
1.451043910841944441e+07
1.451119510597482882e+07
1.451217606602228619e+07
1.451342400533267483e+07
1.451417190879332647e+07
1.451538629113532044e+07
