5.222188871414405107e+07
5.222108858005408198e+07
5.222150149801494926e+07
5.222143641654583812e+07
5.222181226134965569e+07
5.222207244193045050e+07
5.222256349646191299e+07
5.222278340697540343e+07
5.222325554170559347e+07
5.222374571557641774e+07
5.222409081408590078e+07
5.222402012524352223e+07
5.222404076244452596e+07
5.222407474975360930e+07
5.222434172737705708e+07
5.222450424218179286e+07
5.222431496566464007e+07
5.222355355800023675e+07
5.222249798425503075e+07
5.222139891026259959e+07
5.222055402358324826e+07
5.222033562226372212e+07
5.222104847106050700e+07
5.222174963613096625e+07
5.222241053621555865e+07
5.222313709401289374e+07
5.222382729593954235e+07
5.222456996955497563e+07
5.222557653529308736e+07
5.222622998511587828e+07
5.222713948345366120e+07
5.222761730869413167e+07
5.222732237709263712e+07
5.222663362344779074e+07
5.222594824001801014e+07
5.222565203860116750e+07
5.222559871553622931e+07
5.222538387734252959e+07
5.222498097553468496e+07
5.222473217610360682e+07
5.222380660987014323e+07
5.222223609460119903e+07
5.222093000740136206e+07
5.222001436712740362e+07
5.221957452640228719e+07
5.221894705499611795e+07
5.221890804477568716e+07
5.221925767767247558e+07
5.222027765094392002e+07
5.222124101057970524e+07
5.222202025071924180e+07
5.222271329656255245e+07
5.222297507128325850e+07
5.222267711014806479e+07
5.222242577136046439e+07
5.222167459781064838e+07
5.222081502217780054e+07
5.222035209371966124e+07
5.222046155559861660e+07
5.222090326467192173e+07
5.222176302234831452e+07
5.222228352780526131e+07
5.222264487485897541e+07
5.222258897051029652e+07
5.222232784539713711e+07
5.222143479116256535e+07
5.221943716601388156e+07
5.221712234108553827e+07
5.221518737892988324e+07
5.221450472152912617e+07
5.221534946719380468e+07
5.221703630685915053e+07
5.221921681353291124e+07
5.222118128175652772e+07
5.222273080633282661e+07
5.222314192617415637e+07
5.222279792576548457e+07
5.222219277688100934e+07
5.222162189364349842e+07
5.222135749447496235e+07
5.222114674733988941e+07
5.222073544750097394e+07
5.222028609372998029e+07
5.222006392675265670e+07
5.222016995517593622e+07
5.222076381111836433e+07
5.222129476981467754e+07
5.222112218613234162e+07
5.222049270777812600e+07
5.221943143220553547e+07
5.221792588171482086e+07
5.221616211990011483e+07
5.221484150879076123e+07
5.221489287716161460e+07
5.221634936724384874e+07
5.221849557762668282e+07
5.222087944274060428e+07
5.222292804039753228e+07
5.222473674339676648e+07
5.222612274281310290e+07
5.222690791732300073e+07
5.222716302064393461e+07
5.222634731478525698e+07
5.222441031546212733e+07
5.222198665556297451e+07
5.221973486703239381e+07
5.221828016558328271e+07
5.221796798498166353e+07
5.221881512275052816e+07
5.222036285806311667e+07
5.222208109677700698e+07
5.222345718245066702e+07
5.222442509321329743e+07
5.222459385092022270e+07
5.222321377477788925e+07
5.222030718527084589e+07
5.221710345894729346e+07
5.221463583841807395e+07
5.221339927454853058e+07
5.221394724546939880e+07
5.221645287164049596e+07
5.221992481359875947e+07
5.222318326393815130e+07
5.222573022690787911e+07
5.222767780346076190e+07
5.222896424005792290e+07
5.222884480911821127e+07
5.222687157190053910e+07
5.222421114862737805e+07
5.222170291952799261e+07
5.221992083403363079e+07
5.221898790104560554e+07
5.221908395393167436e+07
5.221999269179920107e+07
5.222170668962412328e+07
5.222351672539208084e+07
5.222518558197049052e+07
5.222631227221512794e+07
5.222635502420248836e+07
5.222440366696940362e+07
5.222133245007732511e+07
5.221856577028263360e+07
5.221672190369449556e+07
5.221577747766846418e+07
5.221655544586641341e+07
5.221861691989982128e+07
5.222126252495650202e+07
5.222402793885168433e+07
5.222608363779523969e+07
5.222715696803548932e+07
5.222741462212953717e+07
5.222678563042706251e+07
5.222514366445206851e+07
5.222255081743615866e+07
5.221993226809774339e+07
5.221807150551670045e+07
5.221761590209876746e+07
5.221849286034384370e+07
5.222038781422817707e+07
5.222255834487056732e+07
5.222427353730416298e+07
5.222509176257704198e+07
5.222466287556748837e+07
5.222302023581881821e+07
5.222062127064850181e+07
5.221821907669188827e+07
5.221601968097886443e+07
5.221455345567553490e+07
5.221438709048733115e+07
5.221526180827040225e+07
5.221709676671689749e+07
5.221956207881654054e+07
5.222195910157295316e+07
5.222376025243861228e+07
5.222464853133291751e+07
5.222535351987245679e+07
5.222511357547464222e+07
5.222298691072245687e+07
5.222000483447218686e+07
5.221748432498872280e+07
5.221641279911502451e+07
5.221695874592923373e+07
5.221854212526424974e+07
5.222096233352787048e+07
5.222341231675816327e+07
5.222532652655680478e+07
5.222623155254683644e+07
5.222626981600683182e+07
5.222474713342238218e+07
5.222217836654257029e+07
5.221936477851635218e+07
5.221741652019275725e+07
5.221734259063265473e+07
5.221590772612655163e+07
5.221711242000504583e+07
5.221892207219012082e+07
5.222181271399140358e+07
5.222448468270689249e+07
5.222656344536229968e+07
5.222787535826028883e+07
5.222750372139205784e+07
5.222538346246530116e+07
5.222281019485473633e+07
5.222000537907088548e+07
5.221783197948639095e+07
5.221675038729146123e+07
5.221703013516740501e+07
5.221832868791549653e+07
5.222044807260543108e+07
5.222265359984600544e+07
5.222434347803783417e+07
5.222512965154844522e+07
5.222486086950587481e+07
5.222378370855767280e+07
5.222206145958569646e+07
5.222049447852949053e+07
5.221938120094127208e+07
5.221881789104700089e+07
5.221884762893287092e+07
5.221959429047145694e+07
5.222104635689719021e+07
5.222263282061230391e+07
5.222382621655991673e+07
5.222419762493172288e+07
5.222369755400674045e+07
5.222221782200481743e+07
5.222018583177831024e+07
5.221817965740966052e+07
5.221645437910675257e+07
5.221543042509161681e+07
5.221551345973564684e+07
5.221646659563133121e+07
5.221801271343343705e+07
5.222008286159928143e+07
5.222176590135550499e+07
5.222313086152257770e+07
5.222383674502977729e+07
5.222405638966932893e+07
5.222369905475318432e+07
5.222354429410476983e+07
5.222364029936592281e+07
5.222203502261891216e+07
5.222231831054077297e+07
5.222273470597456396e+07
5.222409393454958498e+07
5.222549349706356972e+07
5.222652067501465231e+07
5.222656522168669850e+07
5.222594650103024393e+07
5.222467853723522276e+07
5.222314908489544690e+07
5.222102308902738243e+07
5.221908651220142096e+07
5.221771062855404615e+07
5.221763566604065895e+07
5.221917049932901561e+07
5.222209856610351801e+07
5.222470828363620490e+07
5.222666811699179560e+07
5.222773580245266855e+07
5.222854155696596205e+07
5.222911082597395033e+07
5.222849286665501446e+07
5.222726082706432045e+07
5.222606974618414789e+07
5.222492644854801893e+07
5.222409225680446625e+07
5.222384844320507348e+07
5.222434543404441327e+07
5.222533394218158722e+07
5.222622774303317815e+07
5.222671778224166483e+07
5.222689966058800370e+07
5.222702856240188330e+07
5.222666255753982067e+07
5.222494938134271652e+07
5.222246815274238586e+07
5.221992001536192000e+07
5.221787205971580744e+07
5.221672464816322178e+07
5.221660113732209057e+07
5.221728929631397873e+07
5.221856820590332896e+07
5.221982457286008447e+07
5.222088628304155171e+07
5.222136008272587508e+07
5.222147349196460098e+07
5.222168863328764588e+07
5.222213315136699378e+07
5.222247152103471756e+07
5.222253711516477168e+07
5.222262707566461712e+07
5.222308607398180664e+07
5.222365127319993079e+07
5.222419164401257038e+07
5.222441881191092730e+07
5.222427813808101416e+07
5.222384230880197138e+07
5.222327421437766403e+07
5.222236490798710287e+07
5.222111682427649200e+07
5.222009197781579942e+07
5.221951514937049896e+07
5.221925404834229499e+07
5.221921898399362713e+07
5.221925440086461604e+07
5.221975757205926627e+07
5.222106866442681104e+07
5.222262724391356856e+07
5.222378399738498032e+07
5.222455074745430797e+07
5.222519267137720436e+07
5.222566231011855602e+07
5.222598851578867435e+07
5.222602926278012991e+07
5.222584758040805161e+07
5.222558265676635504e+07
5.222546594467597455e+07
5.222532480849813670e+07
5.222537514852181822e+07
5.222588663837850094e+07
5.222655236640334874e+07
5.222733388834775984e+07
5.222787868490872532e+07
5.222763329310821742e+07
5.222715059555725008e+07
5.222573942522476614e+07
5.222376620986874402e+07
5.222198455411554873e+07
5.222090322821667045e+07
5.222022979416413605e+07
5.222049099668562412e+07
5.222100668998823315e+07
5.222205678363773972e+07
5.222282975542581826e+07
5.222413167040357739e+07
