1.186734480016448721e+07
1.186828932690718211e+07
1.186864323292447254e+07
1.186901355030385591e+07
1.186913628008159064e+07
1.186967664702981152e+07
1.186996181114924327e+07
1.187013692103918828e+07
1.187015050050138310e+07
1.186996562268385664e+07
1.186947791443602368e+07
1.186878094136263430e+07
1.186747318863590434e+07
1.186637231551070511e+07
1.186529161554457992e+07
1.186394085928168893e+07
1.186297598910683580e+07
1.186219076065416262e+07
1.186175550343103148e+07
1.186198235566488840e+07
1.186278778787387162e+07
1.186375260412183590e+07
1.186498722930479422e+07
1.186633227015087195e+07
1.186767164046466909e+07
1.186867671083775163e+07
1.186928018298563547e+07
1.186968291182487458e+07
1.186981405345851183e+07
1.186968926757370308e+07
1.186969654372025654e+07
1.186977740651357546e+07
1.186982548492138088e+07
1.186999178305296600e+07
1.187012885118551180e+07
1.186986956603208743e+07
1.186917137290870771e+07
1.186834931118413247e+07
1.186726791609823890e+07
1.186575209073457122e+07
1.186409017511272617e+07
1.186265972754762881e+07
1.186161932556771114e+07
1.186105996571631916e+07
1.186143560369865969e+07
1.186225685526178405e+07
1.186352064007780887e+07
1.186542105983599462e+07
1.186718307185721025e+07
1.186846311525207944e+07
1.186962845945810340e+07
1.187003459609108604e+07
1.186991558369277045e+07
1.186978115222639404e+07
1.186923217601038329e+07
1.186885999389726855e+07
1.186891917003295943e+07
1.186903947265965678e+07
1.186958342873130366e+07
1.187021081611871161e+07
1.187008143612250686e+07
1.186969512940171547e+07
1.186906533365043066e+07
1.186753823101937026e+07
1.186569660769751109e+07
1.186359169007199630e+07
1.186156290460391529e+07
1.186028280642690323e+07
1.185993618698707968e+07
1.186020337558709830e+07
1.186150943958595581e+07
1.186347022098003142e+07
1.186575007443937659e+07
1.186777190757939033e+07
1.186904287537460215e+07
1.186995062886328064e+07
1.187003926838710345e+07
1.186954666369879618e+07
1.186880344703374617e+07
1.186806207532807998e+07
1.186769198866560683e+07
1.186773077711906657e+07
1.186838891318397596e+07
1.186934226434532739e+07
1.187015144788148813e+07
1.187046983809105121e+07
1.187033930154721439e+07
1.186938764538075216e+07
1.186759138825905509e+07
1.186518864207897522e+07
1.186272325743430108e+07
1.186052958730544336e+07
1.185933923173069209e+07
1.185921869709147140e+07
1.185986474610448815e+07
1.186170256054826081e+07
1.186419461030204222e+07
1.186658849273083545e+07
1.186842465016696416e+07
1.186962646294856444e+07
1.187015993551980332e+07
1.186968380524358712e+07
1.186862519307545014e+07
1.186740852734302357e+07
1.186652444209941290e+07
1.186630665816433541e+07
1.186690670497574657e+07
1.186805365277984366e+07
1.186944174638269655e+07
1.187077443537615053e+07
1.187160482356845215e+07
1.187134263034171611e+07
1.186999170221278630e+07
1.186782903960944712e+07
1.186500593966977112e+07
1.186218982135099918e+07
1.186025809691612795e+07
1.185933129688828439e+07
1.185943247507916391e+07
1.186073228712212108e+07
1.186312487648214214e+07
1.186571471799446456e+07
1.186807741552275419e+07
1.186970394253462367e+07
1.187051177446700260e+07
1.187007712814761512e+07
1.186899583544065431e+07
1.186733667211125977e+07
1.186583329649678804e+07
1.186495123001144826e+07
1.186514613515787013e+07
1.186612065380528010e+07
1.186774523563140072e+07
1.186968532647128403e+07
1.187144103912050650e+07
1.187226856321899593e+07
1.187163778318278491e+07
1.186997773688481003e+07
1.186739937522071972e+07
1.186431813184805587e+07
1.186164526114963926e+07
1.186011373982156254e+07
1.185944544553721137e+07
1.186006969672118872e+07
1.186206515865499713e+07
1.186468920585292205e+07
1.186732290596682392e+07
1.186934687206920795e+07
1.187048492798867822e+07
1.187035752730984241e+07
1.186939406795043126e+07
1.186759047509883158e+07
1.186546651242456213e+07
1.186386187924261950e+07
1.186345186735771038e+07
1.186395258868368715e+07
1.186519031226869859e+07
1.186739048357410729e+07
1.186999537804921158e+07
1.187176584753422067e+07
1.187218938121296465e+07
1.187151856787970662e+07
1.186960112448001839e+07
1.186699439038338326e+07
1.186416772536378726e+07
1.186185187047787197e+07
1.186078115160704777e+07
1.186064192139721662e+07
1.186199467514329031e+07
1.186426802399205603e+07
1.186667836138379015e+07
1.186919911481435597e+07
1.187090029583031125e+07
1.187099663105365075e+07
1.187031200883218274e+07
1.186862904569911025e+07
1.186611125902399607e+07
1.186388100411361270e+07
1.186246501387518458e+07
1.186217805796679482e+07
1.186298128781590797e+07
1.186472521195031516e+07
1.186740493064684235e+07
1.187000216300701536e+07
1.187159175263107568e+07
1.187192879815835133e+07
1.187109710311350785e+07
1.186926469344631582e+07
1.186684760449286737e+07
1.186451310602908768e+07
1.186265326763058640e+07
1.186221894495475292e+07
1.186342597619457170e+07
1.186447775681708381e+07
1.186687612378995493e+07
1.186932597744177282e+07
1.187122991585857421e+07
1.187184726071723178e+07
1.187133449014546350e+07
1.186970138674595952e+07
1.186755997310539149e+07
1.186470089651646093e+07
1.186243320371939242e+07
1.186145549027595483e+07
1.186133543745434284e+07
1.186232585837282799e+07
1.186472681933852844e+07
1.186734490512236021e+07
1.186975438930169120e+07
1.187124001464336365e+07
1.187113010479374230e+07
1.187008199680054374e+07
1.186855189951751195e+07
1.186668010541017912e+07
1.186471536026574858e+07
1.186372998701157607e+07
1.186405066391270794e+07
1.186521400364002399e+07
1.186694780133603886e+07
1.186895325954927690e+07
1.187117549945549108e+07
1.187216473713332415e+07
1.187209643718420714e+07
1.187085866142688319e+07
1.186879235491715930e+07
1.186610373505504802e+07
1.186354573957160488e+07
1.186141890235325508e+07
1.186053722844297439e+07
1.186086101006544754e+07
1.186226033915875852e+07
1.186454326165813208e+07
1.186693668431533687e+07
1.186896356850903109e+07
1.187008723275709152e+07
1.186995351316400059e+07
1.186923189032604359e+07
1.186810357647490874e+07
1.186662955142088793e+07
1.186525368300637230e+07
1.186649131662507355e+07
1.186589010133663937e+07
1.186755140662601218e+07
1.186907661142010428e+07
1.187104332080302574e+07
1.187242474092355743e+07
1.187300852884294093e+07
1.187199430196247064e+07
1.187036548525731452e+07
1.186775319011898525e+07
1.186527789538556337e+07
1.186294137649031542e+07
1.186119081028284319e+07
1.186057116251527332e+07
1.186129656448283792e+07
1.186253817867520265e+07
1.186447060069149360e+07
1.186658881098814122e+07
1.186817694108142518e+07
1.186893739409104921e+07
1.186877096094059013e+07
1.186831194226703420e+07
1.186751532112567313e+07
1.186648455144797638e+07
1.186635205425674096e+07
1.186707515255195275e+07
1.186787223977335915e+07
1.186924947424062155e+07
1.187073551245885901e+07
1.187201853734257445e+07
1.187303687718475983e+07
1.187274797073729336e+07
1.187127449431064166e+07
1.186949834752485156e+07
1.186725550517255440e+07
1.186485078562813811e+07
1.186276618028451689e+07
1.186131657147339545e+07
1.186111498964728601e+07
1.186179904811994545e+07
1.186271450458585843e+07
1.186417090846998431e+07
1.186577404596162029e+07
1.186697082915944420e+07
1.186764614307588711e+07
1.186787615219257213e+07
1.186755544916850515e+07
1.186745659592384472e+07
1.186736267874347232e+07
1.186763719450476766e+07
1.186840719478644803e+07
1.186928599589881673e+07
1.187044847255401872e+07
1.187155004930944927e+07
1.187236032006701641e+07
1.187255084174184874e+07
1.187189898775749840e+07
1.187038352151232027e+07
1.186875095119768754e+07
1.186695729155017436e+07
1.186488712557222508e+07
1.186309002197099105e+07
1.186216867260489054e+07
1.186181902002860606e+07
1.186192254885576107e+07
1.186264655503354594e+07
1.186357261228851788e+07
1.186476182987784967e+07
1.186588648141046241e+07
1.186670106206848100e+07
1.186694605743996985e+07
1.186734109161792509e+07
1.186779045517129265e+07
1.186814439457297139e+07
1.186858536096641980e+07
1.186925389365833811e+07
1.186994452750015073e+07
1.187071354035132565e+07
1.187141803570258990e+07
1.187164669825135358e+07
1.187153743468130566e+07
1.187094042487802543e+07
1.186989447244531289e+07
1.186863787210502103e+07
1.186703732524709590e+07
1.186545027087453008e+07
1.186397822252724133e+07
1.186296091306257062e+07
1.186214664765690081e+07
1.186204791500519030e+07
1.186217737197067030e+07
1.186291191774430498e+07
1.186386731177880056e+07
1.186509169007986411e+07
1.186578529994706251e+07
1.186700126433154009e+07
