2.544454302923584357e+07
2.544660188588542864e+07
2.544690715936662257e+07
2.544726503982140124e+07
2.544736290042689443e+07
2.544793458483868092e+07
2.544818635119367763e+07
2.544806461552226171e+07
2.544780549333066493e+07
2.544782330373605341e+07
2.544750378838301823e+07
2.544696381620315090e+07
2.544613859219356626e+07
2.544546414917856827e+07
2.544424591917904839e+07
2.544293541996493191e+07
2.544145877068134025e+07
2.544020345264158025e+07
2.543931639429799095e+07
2.543866915837164968e+07
2.543855316237227991e+07
2.543912731141262874e+07
2.544032746536425501e+07
2.544188580009352043e+07
2.544315451128482446e+07
2.544426991579452157e+07
2.544517465739630535e+07
2.544577961833136156e+07
2.544616161473092064e+07
2.544641215368299186e+07
2.544638736116866022e+07
2.544598808926826343e+07
2.544565624473265186e+07
2.544530211025386304e+07
2.544519915777071565e+07
2.544515335274871439e+07
2.544499222329673544e+07
2.544488792693883926e+07
2.544441776696996391e+07
2.544351937097510323e+07
2.544204227905168012e+07
2.544014069204889610e+07
2.543841947176744044e+07
2.543698817215488106e+07
2.543595364360007271e+07
2.543598623955786228e+07
2.543716227698611096e+07
2.543866860501160845e+07
2.544036157890072465e+07
2.544207048652999848e+07
2.544345625001792982e+07
2.544465090615652129e+07
2.544543946436378732e+07
2.544519027809021622e+07
2.544431575917545334e+07
2.544343362842160836e+07
2.544275660394729674e+07
2.544255645333595574e+07
2.544270477953016013e+07
2.544308425669143721e+07
2.544378306103536114e+07
2.544450919462514296e+07
2.544487608307670802e+07
2.544453177553011850e+07
2.544337535517270118e+07
2.544168184142215922e+07
2.543945102836429328e+07
2.543713878297599033e+07
2.543536869422869757e+07
2.543455424372650310e+07
2.543517893179388344e+07
2.543701646388685703e+07
2.543953131220439076e+07
2.544209891063631698e+07
2.544433639541855827e+07
2.544568079174128920e+07
2.544629693830336630e+07
2.544614212149451673e+07
2.544554306667017192e+07
2.544439157958196476e+07
2.544349593338002264e+07
2.544298149512869120e+07
2.544305480105493218e+07
2.544375836142417043e+07
2.544474089023166150e+07
2.544565880467972904e+07
2.544644341749704629e+07
2.544630741526886821e+07
2.544542529654736072e+07
2.544347852632308751e+07
2.544089577510083839e+07
2.543799358630098030e+07
2.543539615332321450e+07
2.543360569440916926e+07
2.543314710620772094e+07
2.543397634347271174e+07
2.543614940568546951e+07
2.543907167884915695e+07
2.544191348414154351e+07
2.544451752420707047e+07
2.544627053749936819e+07
2.544703596661239117e+07
2.544653605847820640e+07
2.544506394948076457e+07
2.544325522617752850e+07
2.544176929091444984e+07
2.544110831596050411e+07
2.544117247314111888e+07
2.544202761047001183e+07
2.544344988558218256e+07
2.544501205907211453e+07
2.544640737249951437e+07
2.544689475810337067e+07
2.544584818123892695e+07
2.544343943428484723e+07
2.544058872846089676e+07
2.543751386052601784e+07
2.543504184374751896e+07
2.543369725768430158e+07
2.543370313859171420e+07
2.543495130866523087e+07
2.543713614354558289e+07
2.543992741393307224e+07
2.544248846517021582e+07
2.544444226929760724e+07
2.544539394482667744e+07
2.544521593618013337e+07
2.544393193551285565e+07
2.544210433421944082e+07
2.544006230423063785e+07
2.543875371608195826e+07
2.543848342311212793e+07
2.543920024874978513e+07
2.544075697952745110e+07
2.544301901872740686e+07
2.544497889137746021e+07
2.544628685419510305e+07
2.544619165801448375e+07
2.544476602394589037e+07
2.544219118985407427e+07
2.543899163298765197e+07
2.543584351788159832e+07
2.543351912166268006e+07
2.543250360170147941e+07
2.543302411215794832e+07
2.543496842227781191e+07
2.543796640399708226e+07
2.544133867109372839e+07
2.544444412526584789e+07
2.544668215503092110e+07
2.544747184657348320e+07
2.544682098455413058e+07
2.544507017098904774e+07
2.544259682620126382e+07
2.544044457946404070e+07
2.543911052930212766e+07
2.543902486833383888e+07
2.544011868151991069e+07
2.544238558591414243e+07
2.544496167172820866e+07
2.544710075957712159e+07
2.544789903472332656e+07
2.544727726910116896e+07
2.544542833791039139e+07
2.544269034816005453e+07
2.543957735258102790e+07
2.543685607276055217e+07
2.543514066867240891e+07
2.543476310119849816e+07
2.543570718681026250e+07
2.543769871891738847e+07
2.544045087768163905e+07
2.544325042638440803e+07
2.544536703710198402e+07
2.544606008904708177e+07
2.544532200420542061e+07
2.544352053103220090e+07
2.544093242260820046e+07
2.543837162702105194e+07
2.543650925604259223e+07
2.543574929940513149e+07
2.543652850571642444e+07
2.543870481036998332e+07
2.544159541036780551e+07
2.544433576121541113e+07
2.544640286531455815e+07
2.544757523803900927e+07
2.544740577195715159e+07
2.544575956950478256e+07
2.544312288601791486e+07
2.544032125981507823e+07
2.543794736094138771e+07
2.543732859102087840e+07
2.543684355040925369e+07
2.543844139007980749e+07
2.544113730433480069e+07
2.544412815674120933e+07
2.544635431238313764e+07
2.544726155391417071e+07
2.544704948133022338e+07
2.544582493934883177e+07
2.544366251365658268e+07
2.544090826343820617e+07
2.543800502297312766e+07
2.543601744075500965e+07
2.543549523666550219e+07
2.543669394252713025e+07
2.543920901067604125e+07
2.544211900653188303e+07
2.544476268472924083e+07
2.544668250244530290e+07
2.544733422133520618e+07
2.544696284256223217e+07
2.544564345477663726e+07
2.544357528160476685e+07
2.544150655952312797e+07
2.544003689862016961e+07
2.543956203421154618e+07
2.544029807598511502e+07
2.544169737599559501e+07
2.544379114902383462e+07
2.544591328218622133e+07
2.544766262353060767e+07
2.544804472405856848e+07
2.544743978475283086e+07
2.544531088860464841e+07
2.544256621971403435e+07
2.543964783327788115e+07
2.543731504878788069e+07
2.543575254111148044e+07
2.543581354629568756e+07
2.543712760702674091e+07
2.543936511706292629e+07
2.544154545098676905e+07
2.544366317428361624e+07
2.544485987739359587e+07
2.544552201914640889e+07
2.544453625671146438e+07
2.544345838959466293e+07
2.544133808935585618e+07
2.544125116390225664e+07
2.543976094710661843e+07
2.544031652905235812e+07
2.544122640990195423e+07
2.544287380963753536e+07
2.544453660328252241e+07
2.544601752815480158e+07
2.544671643420543894e+07
2.544641231560828537e+07
2.544486943528497219e+07
2.544288702551651746e+07
2.544023535326343402e+07
2.543767284624667093e+07
2.543552850404607505e+07
2.543461559713235497e+07
2.543503915479529276e+07
2.543657012297039106e+07
2.543886268639894947e+07
2.544105805920232460e+07
2.544267182499034330e+07
2.544390641819214821e+07
2.544435128880304471e+07
2.544417287117796019e+07
2.544371258400246128e+07
2.544320814983237535e+07
2.544315019943471998e+07
2.544352942227106541e+07
2.544390859311076626e+07
2.544486893400665000e+07
2.544640977969264984e+07
2.544767815050778538e+07
2.544856859824269265e+07
2.544865481926863268e+07
2.544779324792493135e+07
2.544607354013477638e+07
2.544391398234469444e+07
2.544141836250585318e+07
2.543920212342507765e+07
2.543774280177588388e+07
2.543708316531243175e+07
2.543715244164090231e+07
2.543771607047957554e+07
2.543882083032153919e+07
2.544000788585519418e+07
2.544119174103374407e+07
2.544193506208808348e+07
2.544217581092796475e+07
2.544203869311288372e+07
2.544187229209065810e+07
2.544188022687944770e+07
2.544201876018488035e+07
2.544247698984413967e+07
2.544324326733991876e+07
2.544420709221855178e+07
2.544532892565334588e+07
2.544600814768400043e+07
2.544604420760174468e+07
2.544546869836027548e+07
2.544449760982645676e+07
2.544344723356382176e+07
2.544195151987954602e+07
2.544005654305483028e+07
2.543840321178854257e+07
2.543709621702899411e+07
2.543613909357187152e+07
2.543588453847758844e+07
2.543633787203220278e+07
2.543759587777000666e+07
2.543894048662189767e+07
2.544017830299973115e+07
2.544122122348743305e+07
2.544188668937065080e+07
2.544253265454002842e+07
2.544314195546558127e+07
2.544358285471268743e+07
2.544403685457523912e+07
2.544457902974766120e+07
2.544510922178414837e+07
2.544551574882460013e+07
2.544580057767090574e+07
2.544584248136749119e+07
2.544559399520430341e+07
2.544506940389121696e+07
2.544434733966734260e+07
2.544329085135442019e+07
2.544210673627068847e+07
2.544081913269582763e+07
2.543968102391505986e+07
2.543862291935982555e+07
2.543798780193061754e+07
2.543749833853605762e+07
2.543760695861293003e+07
2.543789550979479402e+07
2.543897404165802523e+07
2.544006010374028608e+07
2.544162839076146856e+07
