1.899337762159915175e+06
1.908786991427107248e+06
1.906323721268525580e+06
1.908400830723386491e+06
1.907410344849208836e+06
1.908622157676434377e+06
1.908126314341776771e+06
1.908886854221836897e+06
1.908407495421653148e+06
1.908802342805415159e+06
1.908149896987078479e+06
1.907971741801449098e+06
1.906852703289315104e+06
1.906258873981190380e+06
1.904819052625827491e+06
1.903913828890039586e+06
1.902444570176612353e+06
1.901588878683342831e+06
1.900556267890450312e+06
1.900394653629018459e+06
1.900357440611656057e+06
1.901108337600290310e+06
1.901896946098000044e+06
1.903214876318745548e+06
1.904259905310479226e+06
1.905387183794687968e+06
1.905888889486263972e+06
1.906277442679016851e+06
1.906208805886820890e+06
1.905965134822986322e+06
1.905542277110399213e+06
1.905309809344463283e+06
1.904979354239003267e+06
1.904856556272807298e+06
1.904757676654400770e+06
1.904567662582451943e+06
1.904007792286264012e+06
1.903330585011738352e+06
1.902243421127237147e+06
1.900836694072828861e+06
1.899061170805206755e+06
1.897253577401732793e+06
1.895613870199436788e+06
1.894463593879187945e+06
1.893826454449161189e+06
1.893917586021747207e+06
1.894664424052225193e+06
1.895958319500115933e+06
1.897364182453687536e+06
1.898834015498063294e+06
1.899810589197088731e+06
1.900299227892484516e+06
1.900294322851596866e+06
1.899762458270471543e+06
1.899042005057998467e+06
1.898233865411721636e+06
1.897555739285619929e+06
1.897280624084304320e+06
1.897400328431252390e+06
1.897537545661299955e+06
1.897686055439634714e+06
1.897555393030187115e+06
1.897042040124546736e+06
1.895919378193360288e+06
1.894191287920552073e+06
1.892008321521229576e+06
1.889737803434984060e+06
1.887774022899836767e+06
1.886441589633906027e+06
1.885843539753140882e+06
1.886280280901815277e+06
1.887430079649416031e+06
1.889252999149614479e+06
1.891081176413506502e+06
1.892769031678469619e+06
1.893694418774842750e+06
1.894110838581890799e+06
1.893745414777508471e+06
1.892949672670403263e+06
1.891871799308838090e+06
1.890981722148713656e+06
1.890398723795492435e+06
1.890462542392943287e+06
1.890974171667708084e+06
1.891724536359555554e+06
1.892297216154617490e+06
1.892669923750203568e+06
1.892093010593571700e+06
1.890905784698723583e+06
1.888772362984458450e+06
1.886325764490666799e+06
1.883742041744260816e+06
1.881732814306543907e+06
1.880531153523010435e+06
1.880505442143307999e+06
1.881336859582931502e+06
1.883202305495117093e+06
1.885392550401272718e+06
1.887507037736077560e+06
1.889114195380707271e+06
1.890035667232156033e+06
1.889956421574544860e+06
1.889151819249452790e+06
1.887851494609510759e+06
1.886528488278859528e+06
1.885474700343867997e+06
1.885367678752720822e+06
1.885823962900853250e+06
1.886886597832249710e+06
1.888133179238349665e+06
1.889316604193768697e+06
1.889655944265152328e+06
1.889144062748400029e+06
1.887407639166231966e+06
1.885039163486453937e+06
1.882091424661559286e+06
1.879530097840930102e+06
1.877523514368107542e+06
1.876681749746415997e+06
1.876931273989019915e+06
1.878381964747600025e+06
1.880432590013856068e+06
1.882822556352689629e+06
1.884829186056324048e+06
1.886266243209539680e+06
1.886467542075617937e+06
1.885827990175328450e+06
1.884279259936864721e+06
1.882555189551151590e+06
1.880848282873874763e+06
1.880085387966454495e+06
1.880120902772328816e+06
1.881127003345675999e+06
1.882517461104881950e+06
1.884407132095995126e+06
1.885543821258960059e+06
1.885966535742761102e+06
1.884928526711287908e+06
1.883115276673844783e+06
1.880257495143280830e+06
1.877376838255587267e+06
1.874668404560289113e+06
1.873113372828403255e+06
1.872525408578078030e+06
1.873455567334780702e+06
1.875195330398249906e+06
1.877627810279564699e+06
1.879796277760110795e+06
1.881620551019075559e+06
1.882238314812229713e+06
1.881901619643792743e+06
1.880366796487251297e+06
1.878493866077600047e+06
1.876254707780666417e+06
1.874843922706525307e+06
1.874115565411027987e+06
1.874666946911892854e+06
1.875963946950168815e+06
1.878191681024032878e+06
1.880051743242023280e+06
1.881494772188200383e+06
1.881486550143572735e+06
1.880605036789132748e+06
1.878349881687200861e+06
1.875760009921088116e+06
1.872927264582460048e+06
1.870858301117995521e+06
1.869575157234978862e+06
1.869878554720016429e+06
1.871025494313274743e+06
1.873146479785462376e+06
1.875324705245506484e+06
1.877504557728918735e+06
1.878628968120591948e+06
1.878765646710152039e+06
1.877561803706584498e+06
1.875788684304599650e+06
1.873227159253546735e+06
1.871312939557852456e+06
1.869897721429253928e+06
1.869825128227574052e+06
1.870620662497713929e+06
1.872762341055036755e+06
1.874875159624203108e+06
1.877148282779155998e+06
1.878158855916735949e+06
1.878535992140843533e+06
1.877171200425616000e+06
1.875503559237848734e+06
1.872796427646012744e+06
1.871091336282677948e+06
1.868724293982607545e+06
1.869173296133320779e+06
1.869796190788806882e+06
1.871294206253704382e+06
1.873549162376967259e+06
1.875711650679004844e+06
1.877212949825772317e+06
1.877727917141946498e+06
1.877070085093434434e+06
1.875483551812096499e+06
1.873077684981347993e+06
1.870892866718221223e+06
1.868779657975016860e+06
1.867949730316250818e+06
1.868070290929061128e+06
1.869683568996978458e+06
1.871725260521287564e+06
1.874237162364449119e+06
1.876011072923913132e+06
1.877252827419826761e+06
1.876952768330002902e+06
1.876174365669328719e+06
1.874445719278308330e+06
1.872840270945697092e+06
1.871187638872239273e+06
1.870721169231875101e+06
1.870774282080133911e+06
1.872257028718877118e+06
1.873749417636777507e+06
1.875953034565730719e+06
1.877345133843197487e+06
1.878503153461024864e+06
1.877961390327788889e+06
1.877079327408602694e+06
1.874619509250712814e+06
1.872561785490892828e+06
1.869929515781143680e+06
1.868772896780422889e+06
1.867700566950150300e+06
1.868925291438174434e+06
1.870045936017272761e+06
1.872724213441595901e+06
1.874180118719951948e+06
1.876652709954280872e+06
1.876585400829155231e+06
1.877782149821535917e+06
1.875610065639645560e+06
1.876484898146070307e+06
1.872208444228189532e+06
1.878554519907485694e+06
1.872847909221703885e+06
1.874933033065529307e+06
1.875546287804828258e+06
1.877870266750908922e+06
1.879049449241934577e+06
1.880483279128820868e+06
1.880443834500887198e+06
1.879879959699993487e+06
1.877872531400822569e+06
1.875979791603977093e+06
1.873709214805635391e+06
1.871927710254041245e+06
1.870574120581489522e+06
1.870564744229294593e+06
1.871335984381118789e+06
1.872978183116574306e+06
1.874718738071182044e+06
1.876687253849479137e+06
1.877942051445773337e+06
1.878717371126055019e+06
1.878676832891549217e+06
1.878370328001843067e+06
1.877770740696608555e+06
1.877589816034649033e+06
1.877666195401566336e+06
1.878283675472250674e+06
1.879288942361231893e+06
1.880747389180468628e+06
1.882186267781474860e+06
1.883337428988662316e+06
1.883809837340934202e+06
1.883552701686979737e+06
1.882380103322714567e+06
1.880775551737773465e+06
1.878856235140206292e+06
1.876955920089683961e+06
1.875408330283267889e+06
1.874649998976114439e+06
1.874684284761016956e+06
1.875471450718549313e+06
1.876599426292516757e+06
1.878068935189727927e+06
1.879451281646402553e+06
1.880648533360533183e+06
1.881317965959249297e+06
1.881657534775002161e+06
1.881735230842400575e+06
1.881852284221005393e+06
1.882150369900548598e+06
1.882520109968248522e+06
1.883288039362749085e+06
1.884312415144889150e+06
1.885331523304853123e+06
1.886230138108780375e+06
1.886784605090831639e+06
1.886729733344578650e+06
1.886097277242416050e+06
1.884895098366962979e+06
1.883539635860008653e+06
1.881840901111869607e+06
1.880292703281958122e+06
1.879006333952493267e+06
1.878343118683490204e+06
1.878084677671399200e+06
1.878417395950337872e+06
1.879010910967254778e+06
1.880048658576106420e+06
1.881121014789126115e+06
1.882149239925555885e+06
1.882885243432062445e+06
1.883479616093585268e+06
1.884003472059073625e+06
1.884586609374433756e+06
1.884925550169729162e+06
1.885413248949866276e+06
1.885844179424854228e+06
1.886554008059252053e+06
1.886993525175532093e+06
1.887484338400171837e+06
1.887498217582249315e+06
1.887371659344240557e+06
1.886658563121640589e+06
1.885882892876798287e+06
1.884548400329074124e+06
1.883395570294007659e+06
1.881916073873168556e+06
1.880866772016862873e+06
1.879632863378734794e+06
1.879311860255315900e+06
1.878844806007808540e+06
1.879449232840207638e+06
1.879595663971692091e+06
1.881060952301422833e+06
1.881270446776903933e+06
1.883622509438690497e+06
