1.994955371244320646e+07
1.995463125857501104e+07
1.995280353591843694e+07
1.995402569000225514e+07
1.995340813243804127e+07
1.995458103160989657e+07
1.995473995696212724e+07
1.995510076553848013e+07
1.995440833922506496e+07
1.995432628658718243e+07
1.995345300814836100e+07
1.995282581765826792e+07
1.995142041787398234e+07
1.995077415554587170e+07
1.994966641421134770e+07
1.994886893931720778e+07
1.994790337558684871e+07
1.994764226317787170e+07
1.994743186061940715e+07
1.994816252355391905e+07
1.994916490170086548e+07
1.995041428882528096e+07
1.995143506800644100e+07
1.995283285907061771e+07
1.995393901544156671e+07
1.995501991200060397e+07
1.995560818409160152e+07
1.995634820436213538e+07
1.995665392056146264e+07
1.995693712753949687e+07
1.995706017015758529e+07
1.995737710216119885e+07
1.995753043808003142e+07
1.995785623644566908e+07
1.995789003088872135e+07
1.995759791344310343e+07
1.995680692375075445e+07
1.995612197620595992e+07
1.995505500248433650e+07
1.995375104577721655e+07
1.995220491033012420e+07
1.995103669830437377e+07
1.995003451016294584e+07
1.994969928450541198e+07
1.994994319258936867e+07
1.995079483877289668e+07
1.995206769486327842e+07
1.995391059875454009e+07
1.995559489431316778e+07
1.995698265008636564e+07
1.995787107389030233e+07
1.995830188743111864e+07
1.995822400567858294e+07
1.995812835920588672e+07
1.995777214506316185e+07
1.995774806148946285e+07
1.995784769000028819e+07
1.995830706121875718e+07
1.995901092267059162e+07
1.995981252452196926e+07
1.995984881443356723e+07
1.995955991965711117e+07
1.995881209733444452e+07
1.995758947076600045e+07
1.995594719644467905e+07
1.995404614020625502e+07
1.995213142679535598e+07
1.995078195335737616e+07
1.995018149017780647e+07
1.995042696513232216e+07
1.995152710079197213e+07
1.995341135786730424e+07
1.995550254292577505e+07
1.995742342019308731e+07
1.995870449959256873e+07
1.995953003018568084e+07
1.995966777106327936e+07
1.995930875714128092e+07
1.995866492158930376e+07
1.995813343600645661e+07
1.995794531128585711e+07
1.995802481057991087e+07
1.995871392084677145e+07
1.995967389315290004e+07
1.996028745205742493e+07
1.996059498510006443e+07
1.996045657489160076e+07
1.995950616667240113e+07
1.995765668033366278e+07
1.995540223777569458e+07
1.995306164069278538e+07
1.995105942783184722e+07
1.994986987517968938e+07
1.994963973395961523e+07
1.995026966695619747e+07
1.995193196241134778e+07
1.995421357972775027e+07
1.995653602853641659e+07
1.995834293555373698e+07
1.995959732650262117e+07
1.996003005973539501e+07
1.995961009768221527e+07
1.995864876595513523e+07
1.995754282639856637e+07
1.995675655213683844e+07
1.995663132001017034e+07
1.995734765156866238e+07
1.995857224323006347e+07
1.995984967857882380e+07
1.996104160774460062e+07
1.996178462583282217e+07
1.996183667937701568e+07
1.996073175394988433e+07
1.995860575276563689e+07
1.995585823233092949e+07
1.995306013313068449e+07
1.995111787991823256e+07
1.995021696663601696e+07
1.995043969783036411e+07
1.995180823283508047e+07
1.995401867099082097e+07
1.995652132817642018e+07
1.995884895608700812e+07
1.996054609765805304e+07
1.996130747560195252e+07
1.996098734993444011e+07
1.996002030669260398e+07
1.995878969785128161e+07
1.995750361961700767e+07
1.995668938595296815e+07
1.995696092656572908e+07
1.995793600791160762e+07
1.995936574889879674e+07
1.996099316583548114e+07
1.996253567080327123e+07
1.996318947749847919e+07
1.996262073805416375e+07
1.996095404401360452e+07
1.995849277266732976e+07
1.995551926971477643e+07
1.995301763434622809e+07
1.995143915637369454e+07
1.995092435401291773e+07
1.995145897203927487e+07
1.995324839473427832e+07
1.995565915484294295e+07
1.995803994790545106e+07
1.995998451275114715e+07
1.996106769452778250e+07
1.996076003279839456e+07
1.995968534070349112e+07
1.995788429388360307e+07
1.995576829824307933e+07
1.995405636297678575e+07
1.995346505710016936e+07
1.995383576301633567e+07
1.995532856460876390e+07
1.995758194462288916e+07
1.996003254874217510e+07
1.996167285050727054e+07
1.996219234889480099e+07
1.996151756550290808e+07
1.995981860287714377e+07
1.995735522151085362e+07
1.995492471634344012e+07
1.995316044633750245e+07
1.995216453052318096e+07
1.995214376119960845e+07
1.995341479329683259e+07
1.995528843988065422e+07
1.995734621615523472e+07
1.995942272662466019e+07
1.996107064115138724e+07
1.996121160944883898e+07
1.996055209298640862e+07
1.995899471796736494e+07
1.995692174784427881e+07
1.995471189992130920e+07
1.995338439787844941e+07
1.995277990754355118e+07
1.995350860627219453e+07
1.995511685000975057e+07
1.995776099369836226e+07
1.996007900562520698e+07
1.996196933699189499e+07
1.996234167001286522e+07
1.996197070375704393e+07
1.996014704628785700e+07
1.995814115267550573e+07
1.995545989494166523e+07
1.995413505681538582e+07
1.995270935196779296e+07
1.995053030329579860e+07
1.995550445505696908e+07
1.995699028883716092e+07
1.995974538878652826e+07
1.996145898408132046e+07
1.996256934623105451e+07
1.996231625428322330e+07
1.996120187610732391e+07
1.995917679053521529e+07
1.995671551198599488e+07
1.995458778691356629e+07
1.995348608204780146e+07
1.995326554584610835e+07
1.995442123910811171e+07
1.995669534476373717e+07
1.995936904574846849e+07
1.996185972084443271e+07
1.996325110976385325e+07
1.996321112170168012e+07
1.996198949569786340e+07
1.996037989591895044e+07
1.995849776134511083e+07
1.995690260099624097e+07
1.995599945288908109e+07
1.995637192770735919e+07
1.995738164786071703e+07
1.995902687733598799e+07
1.996082284922232106e+07
1.996254048488206416e+07
1.996320829381811246e+07
1.996318753260194138e+07
1.996117415444328636e+07
1.995720475150725618e+07
1.995212180022494867e+07
1.994754623356699198e+07
1.994355969795991853e+07
1.994129392966618016e+07
1.994005430253436044e+07
1.994052049302487075e+07
1.994141433910239488e+07
1.994332872459132969e+07
1.994444594271972030e+07
1.994539398631240055e+07
1.994435340824477747e+07
1.994361949320316315e+07
1.994134031190830097e+07
1.994076377477557212e+07
1.993781587218014151e+07
1.994238943596750498e+07
1.993888937970671058e+07
1.994103744996261969e+07
1.994207709445080161e+07
1.994415617739479989e+07
1.994527099139619991e+07
1.994618193777186051e+07
1.994540744233476743e+07
1.994405438484048843e+07
1.994171106269708276e+07
1.993967422940596193e+07
1.993759688192764297e+07
1.993621665499008447e+07
1.993562276350025088e+07
1.993648492661741003e+07
1.993798086691957340e+07
1.994029057385136560e+07
1.994245505806298926e+07
1.994413630189805850e+07
1.994488060796660930e+07
1.994498584678281471e+07
1.994465130965426937e+07
1.994419139988910779e+07
1.994349535847427323e+07
1.994361920385197550e+07
1.994423361248298362e+07
1.994527073825955763e+07
1.994670033638748154e+07
1.994827684174805135e+07
1.994937312182914093e+07
1.995023413694832474e+07
1.995008344724445418e+07
1.994908600983311981e+07
1.994746552305141836e+07
1.994554485413116962e+07
1.994340622899591923e+07
1.994135346268865839e+07
1.993947321059981734e+07
1.993868952419859916e+07
1.993856508349100128e+07
1.993915929883700609e+07
1.994011858571902290e+07
1.994105772537160292e+07
1.994164764218416065e+07
1.994189701397633925e+07
1.994172838388535753e+07
1.994137883713876456e+07
1.994137796529523656e+07
1.994189461923416704e+07
1.994272702466094866e+07
1.994378960449352860e+07
1.994488770863347128e+07
1.994610367859863490e+07
1.994705492700793594e+07
1.994747903378174454e+07
1.994720202427350730e+07
1.994611245511947200e+07
1.994433207593517378e+07
1.994233963467377797e+07
1.994031140545394644e+07
1.993823374975209683e+07
1.993667104681840912e+07
1.993587679610368237e+07
1.993580177599662542e+07
1.993606892862243205e+07
1.993681693196207657e+07
1.993775049660737440e+07
1.993863864768860117e+07
1.993948763716964796e+07
1.994009197720951214e+07
1.994014806129690260e+07
1.994040471754707769e+07
1.994071744902921468e+07
1.994135454616245255e+07
1.994188686971192807e+07
1.994263930305108428e+07
1.994329321704670787e+07
1.994422903638189659e+07
1.994481559264216572e+07
1.994505914775300398e+07
1.994488504045614228e+07
1.994447463273596019e+07
1.994354474772176147e+07
1.994252921882206947e+07
1.994113214714171737e+07
1.993995895306641981e+07
1.993871806829723343e+07
1.993808524949534610e+07
1.993756471473560855e+07
1.993802461326103285e+07
1.993851339226604253e+07
1.993987263830767199e+07
1.994090556664568931e+07
1.994269426013723016e+07
1.994340473904497176e+07
1.994556545251891762e+07
