2.014594632551936060e+07
2.014889570198096335e+07
2.014827314673111215e+07
2.014828503289427981e+07
2.014690040102837607e+07
2.014560933210628852e+07
2.014442631448331848e+07
2.014324723319070414e+07
2.014190320035616681e+07
2.014082868791868910e+07
2.013957260411719978e+07
2.013840631547309086e+07
2.013750989422442019e+07
2.013684724078428000e+07
2.013578784974590316e+07
2.013462604552171752e+07
2.013357147211271897e+07
2.013296474672492966e+07
2.013304466387016699e+07
2.013377130590271950e+07
2.013428035988235846e+07
2.013484027333294973e+07
2.013556206572040915e+07
2.013705010270506144e+07
2.013920995334852859e+07
2.014173524825929105e+07
2.014401156983667985e+07
2.014547864996623993e+07
2.014577095676779747e+07
2.014618704513920471e+07
2.014661055096290261e+07
2.014682625336944684e+07
2.014684411246286705e+07
2.014712072120277584e+07
2.014747386682489142e+07
2.014758937502276152e+07
2.014751443877558410e+07
2.014745936247364059e+07
2.014704835000298545e+07
2.014600011352276802e+07
2.014479631130935997e+07
2.014363417884363234e+07
2.014259418967575207e+07
2.014237034226103872e+07
2.014276752290783823e+07
2.014330614170857146e+07
2.014411551782197133e+07
2.014520183729270846e+07
2.014645247541915253e+07
2.014768999122620001e+07
2.014863380724718049e+07
2.014909194714735821e+07
2.014955210883823782e+07
2.014993044075484574e+07
2.014966612545917556e+07
2.014876858991026506e+07
2.014819835896884650e+07
2.014761419496149570e+07
2.014742944790254161e+07
2.014796179335863888e+07
2.014812868515544757e+07
2.014757318339407817e+07
2.014674467101204023e+07
2.014557966650040075e+07
2.014386676047379151e+07
2.014197874850918353e+07
2.013985043035415187e+07
2.013821650133950263e+07
2.013735532880643383e+07
2.013727481249267235e+07
2.013818477036331221e+07
2.014001019821412861e+07
2.014201096375772730e+07
2.014344941042088717e+07
2.014450373514823243e+07
2.014509801984106749e+07
2.014512820467588678e+07
2.014470564726713300e+07
2.014412824196685106e+07
2.014366325248736143e+07
2.014383252074268460e+07
2.014440173292516172e+07
2.014509531125887856e+07
2.014546377580909431e+07
2.014564891840573028e+07
2.014558284976719692e+07
2.014515549512299895e+07
2.014414432434747741e+07
2.014261535119798034e+07
2.014062287533164024e+07
2.013856991583291441e+07
2.013697770558008924e+07
2.013642110216865316e+07
2.013620232140603289e+07
2.013646451307568327e+07
2.013751275373554230e+07
2.013913381065270305e+07
2.014094960949994251e+07
2.014260765713459253e+07
2.014385031722359732e+07
2.014438900935440883e+07
2.014381981616893038e+07
2.014264122454524040e+07
2.014144760586918890e+07
2.014080007199883088e+07
2.014065768404052034e+07
2.014143153384070098e+07
2.014260469044961035e+07
2.014377390637944639e+07
2.014479776114458218e+07
2.014597610844421014e+07
2.014658977187868953e+07
2.014636040482994914e+07
2.014504438207944483e+07
2.014283719767860696e+07
2.014057255082086474e+07
2.013905524126672745e+07
2.013843876651015878e+07
2.013865886699344963e+07
2.014013919546644762e+07
2.014252716568943858e+07
2.014471636429901421e+07
2.014645325182944164e+07
2.014794567290011421e+07
2.014899055698664859e+07
2.014903154474980012e+07
2.014829257082004100e+07
2.014696484016311541e+07
2.014558894238932431e+07
2.014459703943543881e+07
2.014448885581846535e+07
2.014511253015725315e+07
2.014653836885294318e+07
2.014808375751659274e+07
2.014956391351289675e+07
2.015045415820128843e+07
2.015016580448621139e+07
2.014864595710295439e+07
2.014639909240602329e+07
2.014377378553614393e+07
2.014151731322678179e+07
2.013984007530391589e+07
2.013932514881931990e+07
2.014009048396264389e+07
2.014195341872361675e+07
2.014405823443083838e+07
2.014600273259062320e+07
2.014793747842147946e+07
2.014941473450280353e+07
2.015003733604785055e+07
2.014976808730969205e+07
2.014887855610884354e+07
2.014775994953246415e+07
2.014687241361664981e+07
2.014694405449774861e+07
2.014772891607135907e+07
2.014908414779444411e+07
2.015091400563180447e+07
2.015310850690287724e+07
2.015479142759598792e+07
2.015568388331817463e+07
2.015548625115625188e+07
2.015439153578047454e+07
2.015261007912244648e+07
2.015099720058993623e+07
2.014985077379134297e+07
2.014915856437449530e+07
2.014936911062892154e+07
2.015085489754192531e+07
2.015230233154632896e+07
2.015337670432250574e+07
2.015343261736239120e+07
2.015221760139095783e+07
2.015011943758880347e+07
2.014762408128961176e+07
2.014492820348449424e+07
2.014215415893188864e+07
2.013990555934759974e+07
2.013909928381004184e+07
2.013924185027290881e+07
2.014035054572220147e+07
2.014218965269188955e+07
2.014466188616500795e+07
2.014660025144711137e+07
2.014708362855372578e+07
2.014625579232729226e+07
2.014450900666555017e+07
2.014184232959119976e+07
2.013922201759795472e+07
2.013690888772391528e+07
2.013518666132596880e+07
2.013436164984766021e+07
2.013566998932453617e+07
2.013660984416142106e+07
2.013887281220663711e+07
2.014080228491223231e+07
2.014215720234368742e+07
2.014280529735866562e+07
2.014236728210454807e+07
2.014101348856497183e+07
2.013929947143278271e+07
2.013713810029456392e+07
2.013592373271796107e+07
2.013570412430699915e+07
2.013616064753720164e+07
2.013785937977559865e+07
2.014023282120414451e+07
2.014286659560240060e+07
2.014527438848315179e+07
2.014697586871400848e+07
2.014742188421930373e+07
2.014648445850687847e+07
2.014569619668510184e+07
2.014466236518500745e+07
2.014393484766621515e+07
2.014340295579710975e+07
2.014366236132354289e+07
2.014442888799192384e+07
2.014569880491729826e+07
2.014754513853612915e+07
2.014921703748504445e+07
2.015043228541380540e+07
2.015090494933940470e+07
2.014978415646765381e+07
2.014811204878645018e+07
2.014607226499057561e+07
2.014450695710440725e+07
2.014317341570398584e+07
2.014282845480609685e+07
2.014306531375295296e+07
2.014460396858571097e+07
2.014657785687604174e+07
2.014898598899208754e+07
2.015041460968032107e+07
2.015048377636592835e+07
2.014875010864916071e+07
2.014675477698278055e+07
2.014375697874084860e+07
2.014175515403480828e+07
2.013921082029872015e+07
2.014504413500780240e+07
2.013797397599973530e+07
2.014038033767742291e+07
2.014052852546345070e+07
2.014252429525095969e+07
2.014324801119425893e+07
2.014403301628750563e+07
2.014299526225738972e+07
2.014167572765220329e+07
2.013886324812320247e+07
2.013670531381465122e+07
2.013450316395872086e+07
2.013345424771208689e+07
2.013318056027026102e+07
2.013468480360433087e+07
2.013666182913551480e+07
2.013965582853060961e+07
2.014250834718661755e+07
2.014489947137933597e+07
2.014560666624684259e+07
2.014554674970711395e+07
2.014492611798427254e+07
2.014463409608601779e+07
2.014410352260189876e+07
2.014415701732888073e+07
2.014437297253064066e+07
2.014523212522755191e+07
2.014667307145532966e+07
2.014858344165876508e+07
2.015025375152749196e+07
2.015160827728040889e+07
2.015225932652176544e+07
2.015246095283697918e+07
2.015169213219643012e+07
2.014989851031533629e+07
2.014758004307838529e+07
2.014605761874173954e+07
2.014500869247533008e+07
2.014491149959177524e+07
2.014602244697692245e+07
2.014778402371525392e+07
2.014943724344947562e+07
2.015085978902027756e+07
2.015179111300583556e+07
2.015258759714660048e+07
2.015278725686752424e+07
2.015268071637720615e+07
2.015265239833002537e+07
2.015294012202960625e+07
2.015351798433103412e+07
2.015398189033706859e+07
2.015457492919846997e+07
2.015562199106700346e+07
2.015677051265582442e+07
2.015740656482856721e+07
2.015754495319437236e+07
2.015718086045983806e+07
2.015569989764256030e+07
2.015360324631535634e+07
2.015120437678530812e+07
2.014845761677759886e+07
2.014660589021856338e+07
2.014536835074565932e+07
2.014504898149166256e+07
2.014528241876467690e+07
2.014594627144069225e+07
2.014678707660504058e+07
2.014765604626287892e+07
2.014815824593978003e+07
2.014822774263888597e+07
2.014788721270175651e+07
2.014791948162237927e+07
2.014802073531866074e+07
2.014854912666686252e+07
2.014880514027762040e+07
2.014941019759350270e+07
2.014995381131894141e+07
2.015080198668899760e+07
2.015148206915326044e+07
2.015234953842367604e+07
2.015269355223131925e+07
2.015216894235761836e+07
2.015075576946365833e+07
2.014952505151223391e+07
2.014787821634975821e+07
2.014679140478133038e+07
2.014520158528560400e+07
2.014420599032782391e+07
2.014313721397435293e+07
2.014351577317813039e+07
2.014372469540992379e+07
2.014482262042760476e+07
2.014518261420309544e+07
2.014694040865999833e+07
2.014754266305336356e+07
2.015114363324439898e+07
