5.138478996629830450e+07
5.138638943840547651e+07
5.138673462362995744e+07
5.138742134792609513e+07
5.138771652697587013e+07
5.138832529577817768e+07
5.138874424002821743e+07
5.138900954316513240e+07
5.138895660867565870e+07
5.138884807107839733e+07
5.138832259661113471e+07
5.138655940557386726e+07
5.138387073789436370e+07
5.138116455166081339e+07
5.137846357962904125e+07
5.137600356563483924e+07
5.137396511664584279e+07
5.137254085936144739e+07
5.137168393587044626e+07
5.137161129047095776e+07
5.137227842695676535e+07
5.137345976327885687e+07
5.137522589320055395e+07
5.137707381242102385e+07
5.137873632157298177e+07
5.137982562083934993e+07
5.138067054109678417e+07
5.138119478060808033e+07
5.138110930128652602e+07
5.138071437196404487e+07
5.138031460377760977e+07
5.138015752293073386e+07
5.137998327195156366e+07
5.137981057575213164e+07
5.137962102232640237e+07
5.137902123157560080e+07
5.137799409373153746e+07
5.137672267548018694e+07
5.137510373279213905e+07
5.137315821641586721e+07
5.137146979625217617e+07
5.137006594343393296e+07
5.136900234683032334e+07
5.136864895151709020e+07
5.136918954610116780e+07
5.137020268836343288e+07
5.137167209152473509e+07
5.137362319386903197e+07
5.137572707903897017e+07
5.137747954932083935e+07
5.137839844757352024e+07
5.137851037702529132e+07
5.137808526987777650e+07
5.137742510527499020e+07
5.137663879295542091e+07
5.137604209521768242e+07
5.137580060970084369e+07
5.137587196144084632e+07
5.137644106851843745e+07
5.137708561510134488e+07
5.137722840462956578e+07
5.137713437867325544e+07
5.137672369233239442e+07
5.137598263119052351e+07
5.137521255523228645e+07
5.137425842001238465e+07
5.137296963369777054e+07
5.137193597704660892e+07
5.137161364206737280e+07
5.137217242602565140e+07
5.137342393572432548e+07
5.137519143229474127e+07
5.137730224269079417e+07
5.137919311840870976e+07
5.138044865787974745e+07
5.138130590559073538e+07
5.138175846656980366e+07
5.138169046487385035e+07
5.138150775077728182e+07
5.138150197195463628e+07
5.138141996803313494e+07
5.138122066939976811e+07
5.138102509164839238e+07
5.138079065444977582e+07
5.138041666989808530e+07
5.137985621217454970e+07
5.137905905783259869e+07
5.137768648058340698e+07
5.137580149512501061e+07
5.137390489466817677e+07
5.137245834312707931e+07
5.137143970364607871e+07
5.137134585365144908e+07
5.137197404570994526e+07
5.137297803883649409e+07
5.137444566390839964e+07
5.137623954006142914e+07
5.137806054426845908e+07
5.137929460098352283e+07
5.137985299947145581e+07
5.137970420100210607e+07
5.137890285366746038e+07
5.137783958369620889e+07
5.137698385836362094e+07
5.137687820612694323e+07
5.137735870445337892e+07
5.137849870422231406e+07
5.138003985448540002e+07
5.138123580648983270e+07
5.138228702024678886e+07
5.138274577659945935e+07
5.138188264229487628e+07
5.137992702108924836e+07
5.137717037472456694e+07
5.137423104926771671e+07
5.137165655726307631e+07
5.137042651074536145e+07
5.137050454215075076e+07
5.137153004324544221e+07
5.137362650372578204e+07
5.137630429547857493e+07
5.137904626718505472e+07
5.138157854883748293e+07
5.138347644939416647e+07
5.138449214446248114e+07
5.138469067621655762e+07
5.138415983029303700e+07
5.138322072843844444e+07
5.138220268167424202e+07
5.138155626146192849e+07
5.138157540150155127e+07
5.138220515727937967e+07
5.138330788734591752e+07
5.138457725895265490e+07
5.138574457317559421e+07
5.138636125512008369e+07
5.138603514386404306e+07
5.138488261979284883e+07
5.138302926565273851e+07
5.138050490969220549e+07
5.137799887691555172e+07
5.137607511849506199e+07
5.137507575364226103e+07
5.137518150794053078e+07
5.137669725415020436e+07
5.137909108322954178e+07
5.138152539376647025e+07
5.138375180669401586e+07
5.138528517684917152e+07
5.138579615404693782e+07
5.138537070452520996e+07
5.138408990387112647e+07
5.138215266233488172e+07
5.138023718800488114e+07
5.137919898927945644e+07
5.137910231653463840e+07
5.137976001330006868e+07
5.138111997280078381e+07
5.138277862346888334e+07
5.138398308279651403e+07
5.138437316162767261e+07
5.138393210850351304e+07
5.138280696592979878e+07
5.138098863843263686e+07
5.137905455968041718e+07
5.137753214278555661e+07
5.137676833936773241e+07
5.137700620558506250e+07
5.137849519149409235e+07
5.138059653852293640e+07
5.138281809730566293e+07
5.138500045446776599e+07
5.138667989975555986e+07
5.138732292863812298e+07
5.138685921050770581e+07
5.138552803524563462e+07
5.138353936406400055e+07
5.138157284175981581e+07
5.138026644771440327e+07
5.137962458889802545e+07
5.137994169387611747e+07
5.138130101030951738e+07
5.138361911955606937e+07
5.138606882883360237e+07
5.138774486987763643e+07
5.138794883213652670e+07
5.138708207125596702e+07
5.138536010803825408e+07
5.138333920192735642e+07
5.138143259850479662e+07
5.138003281154529750e+07
5.137955322814646363e+07
5.138043559024699032e+07
5.138158164917317778e+07
5.138383907294715941e+07
5.138624312853020430e+07
5.138816813427377492e+07
5.138902836216860265e+07
5.138857422431864589e+07
5.138714900488273054e+07
5.138494816060175747e+07
5.138179735493184626e+07
5.137921941004490107e+07
5.137798996599680185e+07
5.137804341470701247e+07
5.137926208016908914e+07
5.138162946772511303e+07
5.138421216174532473e+07
5.138645297624503076e+07
5.138782341403116286e+07
5.138805136535315216e+07
5.138696069429967552e+07
5.138543995359300077e+07
5.138362644842592627e+07
5.138214853288112581e+07
5.138114712193398923e+07
5.138094264163713902e+07
5.138144966604945809e+07
5.138253023831591010e+07
5.138402536785169691e+07
5.138528194240767509e+07
5.138566311770895869e+07
5.138513726230228692e+07
5.138369325806023926e+07
5.138170842119959742e+07
5.137949692568748444e+07
5.137745562271974981e+07
5.137578490101573616e+07
5.137526336068975180e+07
5.137567738288968801e+07
5.137704803033989668e+07
5.137897348869601637e+07
5.138117544592851400e+07
5.138305632204718143e+07
5.138468718203011900e+07
5.138508124004863948e+07
5.138497702609857917e+07
5.138387469119784236e+07
5.138289761148192734e+07
5.138182407311470062e+07
5.138171179638527334e+07
5.138158484052760154e+07
5.138201633316701651e+07
5.138307467609421909e+07
5.138426402038722485e+07
5.138491969769761711e+07
5.138463855621846020e+07
5.138329268133045733e+07
5.138113180759401619e+07
5.137836051020550728e+07
5.137553996660251915e+07
5.137324660909007490e+07
5.137153380966196954e+07
5.137089266344771534e+07
5.137167422906930000e+07
5.137348408592558652e+07
5.137610205532204360e+07
5.137886656575652212e+07
5.138088343787907064e+07
5.138192909008775651e+07
5.138205182070507854e+07
5.138143632580649853e+07
5.138036484274856746e+07
5.137934954679580778e+07
5.137920970451391488e+07
5.137967296739788353e+07
5.138067112801431865e+07
5.138236985312373936e+07
5.138451233086436242e+07
5.138636277880656719e+07
5.138765035024181753e+07
5.138783977346728742e+07
5.138690711889334768e+07
5.138517740760991722e+07
5.138309446222802252e+07
5.138092570114929229e+07
5.137906822492634505e+07
5.137786055539499223e+07
5.137761375230823457e+07
5.137798708728288859e+07
5.137924653170732409e+07
5.138090653232445568e+07
5.138258863421040028e+07
5.138391965411270410e+07
5.138485231360292435e+07
5.138508071281383932e+07
5.138461291225799173e+07
5.138376416486622393e+07
5.138311894971261173e+07
5.138302057990450412e+07
5.138312246727892011e+07
5.138334969483942538e+07
5.138394070251508802e+07
5.138438909452752024e+07
5.138416197666202486e+07
5.138334621218044311e+07
5.138191733348155022e+07
5.137983461677622795e+07
5.137756637734651566e+07
5.137541667115910351e+07
5.137351599634049088e+07
5.137233826951195300e+07
5.137200724791469425e+07
5.137237519282118976e+07
5.137317722702618688e+07
5.137429217286215723e+07
5.137548573781966418e+07
5.137640440078973770e+07
5.137702338725735247e+07
5.137732894271272421e+07
5.137721101769600809e+07
5.137716111984906346e+07
5.137729600501672924e+07
5.137768941917999834e+07
5.137843815826236457e+07
5.137969112218412012e+07
5.138105166745667160e+07
5.138248031377915293e+07
5.138341805176158994e+07
5.138349669640273601e+07
5.138290527732181549e+07
5.138169908069721609e+07
5.138003188620309532e+07
5.137810205430102348e+07
5.137614335314848274e+07
5.137431266372042149e+07
5.137278986164967716e+07
5.137202111673835665e+07
5.137212405934894085e+07
5.137300788800601661e+07
5.137406830725405365e+07
5.137536240112482756e+07
5.137682029093702883e+07
5.137827240298025310e+07
5.137952895827649534e+07
5.138084860445827246e+07
