9.545125448841357604e+06
9.545664669509612024e+06
9.546024725683299825e+06
9.546294544425943866e+06
9.546486412017298862e+06
9.546779116006638855e+06
9.547099744007879868e+06
9.547265032120348886e+06
9.547314306391855702e+06
9.547164832323074341e+06
9.546824666947972029e+06
9.546151873117096722e+06
9.545196390636557713e+06
9.544246938097102568e+06
9.543204306940604001e+06
9.542169567087832838e+06
9.541254463234558702e+06
9.540599089476883411e+06
9.540242903441559523e+06
9.540316498729983345e+06
9.540937408815102652e+06
9.541788152096783742e+06
9.542832903460342437e+06
9.544038951068444178e+06
9.545182674686029553e+06
9.546089932692503557e+06
9.546610083031980321e+06
9.546939636734191328e+06
9.547039690471148118e+06
9.546961447065895423e+06
9.546936894876109436e+06
9.546971780544256791e+06
9.547052057200236246e+06
9.547149581667687744e+06
9.547290710525197908e+06
9.547113362210312858e+06
9.546581787502419204e+06
9.545930273315606639e+06
9.544988370901649818e+06
9.543732538423679769e+06
9.542317469566166401e+06
9.541079233293762431e+06
9.540120897395892069e+06
9.539607024670563638e+06
9.539786589783200994e+06
9.540486029050840065e+06
9.541614667826225981e+06
9.543108914702355862e+06
9.544618557453863323e+06
9.545910148601859808e+06
9.546853778063872829e+06
9.547313886960040778e+06
9.547330115795414895e+06
9.547088203386994079e+06
9.546704373765550554e+06
9.546406812157863751e+06
9.546368152299117297e+06
9.546540671554392204e+06
9.546968350515535101e+06
9.547371018115123734e+06
9.547383966900138184e+06
9.547163807447588071e+06
9.546627813841687515e+06
9.545462879918366671e+06
9.543898757168557495e+06
9.542183757528029382e+06
9.540452863061053678e+06
9.539216150246500969e+06
9.538740724471097812e+06
9.539007757925618440e+06
9.540013659416560084e+06
9.541607081530202180e+06
9.543505515864355490e+06
9.545282766734819859e+06
9.546557904467919841e+06
9.547308275952637196e+06
9.547472067837880924e+06
9.547128834149753675e+06
9.546575393018150702e+06
9.545966691089266911e+06
9.545569733958594501e+06
9.545566943955747411e+06
9.546052719140686095e+06
9.546814823393933475e+06
9.547502115741800517e+06
9.547934386842099950e+06
9.547908171768467873e+06
9.547157714807823300e+06
9.545674714091647416e+06
9.543689869921796024e+06
9.541578160741247237e+06
9.539663350454695523e+06
9.538481496487136930e+06
9.538193408156048506e+06
9.538776519154300913e+06
9.540179012217938900e+06
9.542163244749404490e+06
9.544232186183378100e+06
9.545877703651795164e+06
9.547054773853901774e+06
9.547531460653170943e+06
9.547244074433032423e+06
9.546451441296163946e+06
9.545448294235104695e+06
9.544608370971951634e+06
9.544310998006204143e+06
9.544769251340573654e+06
9.545714777071146294e+06
9.546801339271005243e+06
9.547930302890719846e+06
9.548638419833101332e+06
9.548567311327885836e+06
9.547547539135927334e+06
9.545740910383585840e+06
9.543461361936721951e+06
9.541106196938803419e+06
9.539296192879911512e+06
9.538330083382323384e+06
9.538277589021410793e+06
9.539318951995374635e+06
9.541191298478871584e+06
9.543401617157794535e+06
9.545412765212295577e+06
9.547030130355633795e+06
9.547778664052810520e+06
9.547577084032872692e+06
9.546687672463487834e+06
9.545420497505199164e+06
9.544090947824012488e+06
9.543209401338120922e+06
9.543179471409043297e+06
9.543997408316701651e+06
9.545292308118110523e+06
9.546872670901725069e+06
9.548362735376888886e+06
9.549179375192292035e+06
9.548937235995143652e+06
9.547640209172386676e+06
9.545630612086664885e+06
9.543130620190339163e+06
9.540876440692307428e+06
9.539308262246824801e+06
9.538635195286914706e+06
9.539054668959058821e+06
9.540614333510397002e+06
9.542771039967069402e+06
9.544965653651485220e+06
9.546849941522803158e+06
9.547970004765136167e+06
9.548091873378736898e+06
9.547286449147708714e+06
9.545894564044568688e+06
9.544186034705327824e+06
9.542774187047056854e+06
9.542201390537712723e+06
9.542504294909873977e+06
9.543526309444097802e+06
9.545336754357311875e+06
9.547418960297932848e+06
9.549015872389942408e+06
9.549652641203640029e+06
9.549264354366000742e+06
9.547855899547474459e+06
9.545706491441331804e+06
9.543387602956322953e+06
9.541426766734408215e+06
9.540206129439586774e+06
9.539977596246900037e+06
9.540928914100848138e+06
9.542728432508355007e+06
9.544739580666819587e+06
9.546835390800274909e+06
9.548342647673655301e+06
9.548833427267998457e+06
9.548256329988647252e+06
9.546924756072791293e+06
9.545002571039466187e+06
9.543109381784515455e+06
9.541831254716703668e+06
9.541410852258831263e+06
9.541921398728333414e+06
9.543396141402188689e+06
9.545530741657594219e+06
9.547652165941750631e+06
9.549134707200098783e+06
9.549692041604120284e+06
9.549208346106167883e+06
9.547752435341043398e+06
9.545764610656114295e+06
9.543809477880924940e+06
9.542212603105980903e+06
9.541627010969964787e+06
9.542494723667183891e+06
9.543204516689568758e+06
9.545096699610551819e+06
9.547063507205322385e+06
9.548747442051246762e+06
9.549491615444082767e+06
9.549283917673619464e+06
9.548093778049506247e+06
9.546226463807500899e+06
9.543983501840783283e+06
9.542136246361486614e+06
9.540993385346399620e+06
9.540729473030772060e+06
9.541516725419716910e+06
9.543384060651805252e+06
9.545533458901783451e+06
9.547534395352490246e+06
9.548875153849523515e+06
9.549183277430834249e+06
9.548400911170797423e+06
9.547125144329251722e+06
9.545590490159120411e+06
9.544062230651773512e+06
9.543113662148818374e+06
9.543103289215907454e+06
9.543896750065216795e+06
9.545313757554246113e+06
9.547077970411246642e+06
9.548752088998574764e+06
9.549797122633466497e+06
9.549926092081952840e+06
9.549070451301522553e+06
9.547388907770717517e+06
9.545156189107928425e+06
9.542972787097262219e+06
9.541230623917888850e+06
9.540241825953703374e+06
9.540241563400737941e+06
9.541390970768570900e+06
9.543202822491379455e+06
9.545192601546682417e+06
9.546896242062879726e+06
9.547978277685478330e+06
9.548128388360720128e+06
9.547680114469820634e+06
9.546673861721832305e+06
9.545547502280281857e+06
9.544631407699983567e+06
9.545359567697945982e+06
9.544703323919398710e+06
9.545977507775159553e+06
9.547257687864635140e+06
9.548922173476910219e+06
9.550009632207624614e+06
9.550572292985377833e+06
9.550092648102881387e+06
9.548738709950182587e+06
9.546657902269871905e+06
9.544540573827782646e+06
9.542603373563809320e+06
9.541067516522053629e+06
9.540341870805585757e+06
9.540703928945265710e+06
9.541784162834011018e+06
9.543341286528563127e+06
9.545033968432979658e+06
9.546458935083946213e+06
9.547220780290076509e+06
9.547324550318574533e+06
9.546976145456459373e+06
9.546329681136006489e+06
9.545649188693679869e+06
9.545509602107400075e+06
9.545811848726505414e+06
9.546472396557910368e+06
9.547561844733674079e+06
9.548898307367928326e+06
9.549983418989276513e+06
9.550678494104154408e+06
9.550600327746579424e+06
9.549670665633572266e+06
9.548146538464874029e+06
9.546294731635514647e+06
9.544287868592435494e+06
9.542556179247159511e+06
9.541285736277811229e+06
9.540885436886163428e+06
9.541292974194612354e+06
9.542214308903152123e+06
9.543349409580217674e+06
9.544609035952916369e+06
9.545662842065518722e+06
9.546408214230837300e+06
9.546654489131353796e+06
9.546513303684026003e+06
9.546357728394528851e+06
9.546377348532134667e+06
9.546622708912087604e+06
9.547071003131471574e+06
9.547828435491243377e+06
9.548756967232348397e+06
9.549665344086643308e+06
9.550281187137590721e+06
9.550436453640868887e+06
9.549999275891769677e+06
9.548927529351796955e+06
9.547492550677966326e+06
9.545977075620470569e+06
9.544291508925480768e+06
9.542855503041641787e+06
9.541925765974909067e+06
9.541500690014218912e+06
9.541535221641590819e+06
9.542040536674750969e+06
9.542835677925556898e+06
9.543772629277395085e+06
9.544729570897083730e+06
9.545473274811696261e+06
9.545893545957239345e+06
9.546246109809391201e+06
9.546578150240445510e+06
9.546941576161077246e+06
9.547277801120953634e+06
9.547754295033244416e+06
9.548285647976294160e+06
9.548967139612054452e+06
9.549519735554900020e+06
9.549752738812562078e+06
9.549610870021322742e+06
9.549158143273856491e+06
9.548329977986883372e+06
9.547305983561733738e+06
9.546005045800155029e+06
9.544739945384507999e+06
9.543486999774506316e+06
9.542545837869556621e+06
9.541826151978248730e+06
9.541645615797631443e+06
9.541697749325837940e+06
9.542265992594638839e+06
9.543000414451010525e+06
9.544061266065491363e+06
9.544757422882335261e+06
9.545860610419545323e+06
