2.342778955076950043e+07
2.342945987337949499e+07
2.342975809126469493e+07
2.343039983688625321e+07
2.343064355807783827e+07
2.343086389505390823e+07
2.343093939394532889e+07
2.343102582371627167e+07
2.343097070939558372e+07
2.343095135361785069e+07
2.343083054993591085e+07
2.343025311440910026e+07
2.342930505880204961e+07
2.342822868222500011e+07
2.342694259806572646e+07
2.342569630153780803e+07
2.342441274838053063e+07
2.342320705832308903e+07
2.342230835102294385e+07
2.342195353629759699e+07
2.342215283192680031e+07
2.342293695226488635e+07
2.342415997112962231e+07
2.342558273843199015e+07
2.342697205007772893e+07
2.342820818592530489e+07
2.342909417955958471e+07
2.342969936826044694e+07
2.342991553579216823e+07
2.342962833577646315e+07
2.342927826836056635e+07
2.342905922271231934e+07
2.342898858395307884e+07
2.342899060136368871e+07
2.342905030786933750e+07
2.342894760218913108e+07
2.342863496614855528e+07
2.342823534343121201e+07
2.342764620377705619e+07
2.342661996619423479e+07
2.342520683423051983e+07
2.342354073013928905e+07
2.342217411751478165e+07
2.342125453580930457e+07
2.342094342603899166e+07
2.342132216829180345e+07
2.342243793038419262e+07
2.342401000412927195e+07
2.342578814956602082e+07
2.342765532480370253e+07
2.342927462743156403e+07
2.343038157836949080e+07
2.343107663858549669e+07
2.343100788728560135e+07
2.343049181539161131e+07
2.342994988638578355e+07
2.342951797990596667e+07
2.342954169702092186e+07
2.342977305325534940e+07
2.342956556822388619e+07
2.342934858604912087e+07
2.342896074211092666e+07
2.342842308312298730e+07
2.342754566892823577e+07
2.342609515058056638e+07
2.342418998941694573e+07
2.342204113258076832e+07
2.342041064650525525e+07
2.341956234155234322e+07
2.341943944170016795e+07
2.342033920800950006e+07
2.342214232525428757e+07
2.342399330009235442e+07
2.342555673141943291e+07
2.342692371351876482e+07
2.342766114383133501e+07
2.342792682600006834e+07
2.342749845509402826e+07
2.342668235310779884e+07
2.342572116894526407e+07
2.342487914182639867e+07
2.342446373303712159e+07
2.342469836497144029e+07
2.342546726217647269e+07
2.342647627345613763e+07
2.342734783685616031e+07
2.342784865015361458e+07
2.342739781592293084e+07
2.342621955621279031e+07
2.342431867355344817e+07
2.342213579677725211e+07
2.341975699837628007e+07
2.341782492162272707e+07
2.341686297873712704e+07
2.341725625435183942e+07
2.341855689655236155e+07
2.342064360508291051e+07
2.342299848703644797e+07
2.342547914889438823e+07
2.342751326565172896e+07
2.342855742771019414e+07
2.342875717735370621e+07
2.342794574408552796e+07
2.342660181905126944e+07
2.342511489311776310e+07
2.342418050982350856e+07
2.342436983191261441e+07
2.342540481047566980e+07
2.342682747829750553e+07
2.342851741098529473e+07
2.342996780183109641e+07
2.343046611537332833e+07
2.342987456850247830e+07
2.342803705628279224e+07
2.342532769300787151e+07
2.342225095378116891e+07
2.341961774456496909e+07
2.341785351339286566e+07
2.341722005638133362e+07
2.341773474059591070e+07
2.341936976182144880e+07
2.342169935979101062e+07
2.342436213852803782e+07
2.342676661253565550e+07
2.342847183753035590e+07
2.342909737613988668e+07
2.342857180323464051e+07
2.342713473600136489e+07
2.342564241212176159e+07
2.342430647711110860e+07
2.342361453011316434e+07
2.342380499129300565e+07
2.342476995390162244e+07
2.342634883775388822e+07
2.342826909468036890e+07
2.342954162640448660e+07
2.343005989609061182e+07
2.342922654812680930e+07
2.342715095874156430e+07
2.342422038970525190e+07
2.342117037905914709e+07
2.341856323696484044e+07
2.341707016345572844e+07
2.341687501915927976e+07
2.341811091077768058e+07
2.342033729559249431e+07
2.342315808740393817e+07
2.342584364101653174e+07
2.342772368279936165e+07
2.342846297567600757e+07
2.342808435137917474e+07
2.342668735110156983e+07
2.342466693722846732e+07
2.342262656654144078e+07
2.342126644645008072e+07
2.342063795124997199e+07
2.342104414940806851e+07
2.342255215342846885e+07
2.342476234075615555e+07
2.342680029487315193e+07
2.342828025256180763e+07
2.342851302908167988e+07
2.342759469877048954e+07
2.342548499642414227e+07
2.342306825468675047e+07
2.342068163493826985e+07
2.341889186827319488e+07
2.341802174423316866e+07
2.341831212664416805e+07
2.341973778657884896e+07
2.342180782966590300e+07
2.342425699709562585e+07
2.342648852512899041e+07
2.342809142335394770e+07
2.342858135725164413e+07
2.342771559684726223e+07
2.342559757066963986e+07
2.342291911316984519e+07
2.342066425992423296e+07
2.341962640801455826e+07
2.341962140566225350e+07
2.342062413577554375e+07
2.342258104583812878e+07
2.342495738158560172e+07
2.342717147784128040e+07
2.342884872352278233e+07
2.342942337965178117e+07
2.342863310012190789e+07
2.342671854043762013e+07
2.342419769673220068e+07
2.342179144707731158e+07
2.342008045464451984e+07
2.342052460381701216e+07
2.342050423136091232e+07
2.342250044416769594e+07
2.342513289787688851e+07
2.342764198807990924e+07
2.342930691012823582e+07
2.343011242356337607e+07
2.342950069686039910e+07
2.342769707977874577e+07
2.342506447333192825e+07
2.342269242949170247e+07
2.342087688428741693e+07
2.342030816127584875e+07
2.342104369138602912e+07
2.342279785899991542e+07
2.342476655355203897e+07
2.342703276003800333e+07
2.342884971914650872e+07
2.343017146564095840e+07
2.343029936001808569e+07
2.342950265110498294e+07
2.342770466938800365e+07
2.342564761173401028e+07
2.342392118281868100e+07
2.342296776694580913e+07
2.342290586865848675e+07
2.342395033234270290e+07
2.342552224696021527e+07
2.342741278825686499e+07
2.342897256831857190e+07
2.342991442388144508e+07
2.342968318845748156e+07
2.342853940041515976e+07
2.342641257696110010e+07
2.342393014670827985e+07
2.342139777398991212e+07
2.341961361737915501e+07
2.341881040019325539e+07
2.341951800916827843e+07
2.342107572154804692e+07
2.342325009178783745e+07
2.342537505566941574e+07
2.342725961642544717e+07
2.342815060902357474e+07
2.342835683608584851e+07
2.342733336609862372e+07
2.342631363944828883e+07
2.342469418489509448e+07
2.342528185687753186e+07
2.342422909824194759e+07
2.342537102255147696e+07
2.342673471968634799e+07
2.342874798323575780e+07
2.343027132462487742e+07
2.343140657292231545e+07
2.343150904186667874e+07
2.343063009851011634e+07
2.342871857718505710e+07
2.342640349199045077e+07
2.342368153401314840e+07
2.342127420609677210e+07
2.341968650530854613e+07
2.341951350202540308e+07
2.342047678019410744e+07
2.342211053710461780e+07
2.342383213909680396e+07
2.342564929573700577e+07
2.342689091734471917e+07
2.342762256311622635e+07
2.342786879977795109e+07
2.342765281638043001e+07
2.342718195882589743e+07
2.342680383401831612e+07
2.342674231406003237e+07
2.342708214030697569e+07
2.342796611542741582e+07
2.342941769195672870e+07
2.343084438455682248e+07
2.343179170776385814e+07
2.343208717362666130e+07
2.343175984807378426e+07
2.343069981301386282e+07
2.342903292322330922e+07
2.342683468850121647e+07
2.342453872036952898e+07
2.342300398242491111e+07
2.342229919982643798e+07
2.342255278428983316e+07
2.342322321505358815e+07
2.342421935680460930e+07
2.342552077701234445e+07
2.342679999283558875e+07
2.342807556000519916e+07
2.342869527225719765e+07
2.342872809946920350e+07
2.342863592525902763e+07
2.342878630947510153e+07
2.342899428683317453e+07
2.342932145478680357e+07
2.342992556765329093e+07
2.343088479960861057e+07
2.343167975142991170e+07
2.343239289490371570e+07
2.343268344459014013e+07
2.343234847872794420e+07
2.343139587154138088e+07
2.342985666110980138e+07
2.342814422898348793e+07
2.342615377672884613e+07
2.342420659045217186e+07
2.342273435007194430e+07
2.342173806994029880e+07
2.342124049458280951e+07
2.342132107371350750e+07
2.342187614580640569e+07
2.342289771393229440e+07
2.342404489432489127e+07
2.342498293636469170e+07
2.342577880263736472e+07
2.342648963265200332e+07
2.342718286271867901e+07
2.342785330805934221e+07
2.342847733250117674e+07
2.342908723014506698e+07
2.342968841414666176e+07
2.343027434529783949e+07
2.343057581476981565e+07
2.343085513608621433e+07
2.343097568851078302e+07
2.343082747008004412e+07
2.343036563520592079e+07
2.342979031279704347e+07
2.342885815670753643e+07
2.342739252041221783e+07
2.342566880460774526e+07
2.342412598500721902e+07
2.342279929874063283e+07
2.342209288072118163e+07
2.342151497402055189e+07
2.342168275278053805e+07
2.342223553725353628e+07
2.342341881952147931e+07
2.342438150409604982e+07
2.342572352377440408e+07
