1.800390756880982220e+07
1.800323121942645311e+07
1.800387173616872355e+07
1.800383880831830576e+07
1.800422000356155261e+07
1.800442421756941825e+07
1.800496060271185637e+07
1.800502349416847900e+07
1.800507160135416314e+07
1.800479599731737003e+07
1.800449554255518317e+07
1.800363277521801740e+07
1.800258406341411918e+07
1.800132681730621308e+07
1.799987068192120269e+07
1.799843004149847105e+07
1.799733229836639017e+07
1.799647598405418545e+07
1.799603069908596948e+07
1.799610822457903624e+07
1.799685924789319187e+07
1.799779573660661653e+07
1.799905229399360344e+07
1.800054063544429839e+07
1.800205656794375554e+07
1.800337187609153986e+07
1.800431997994664684e+07
1.800499904125005007e+07
1.800549184702988714e+07
1.800567510205445066e+07
1.800594263745038211e+07
1.800620380893000215e+07
1.800647783569553867e+07
1.800662684196288884e+07
1.800663410216352344e+07
1.800610802605345473e+07
1.800522922212007642e+07
1.800420938626449928e+07
1.800301909405291826e+07
1.800150328895160928e+07
1.799991713126497716e+07
1.799852751113782823e+07
1.799747101996110007e+07
1.799699376101174578e+07
1.799728106517936289e+07
1.799811614811941236e+07
1.799945000460181758e+07
1.800104093098064885e+07
1.800260272144141048e+07
1.800387708628378436e+07
1.800483033371516690e+07
1.800525720988594741e+07
1.800528098622580618e+07
1.800498770445138216e+07
1.800454571530008316e+07
1.800412677256941423e+07
1.800394599299099669e+07
1.800408395779154450e+07
1.800449181138968840e+07
1.800489673368885368e+07
1.800494816945171356e+07
1.800472995616416261e+07
1.800413352744226158e+07
1.800290996422211826e+07
1.800125923919778317e+07
1.799936186105904728e+07
1.799752996925367415e+07
1.799620790274238214e+07
1.799567624333710968e+07
1.799597085313558951e+07
1.799707377634945139e+07
1.799882265284114331e+07
1.800091189031514153e+07
1.800286581866202503e+07
1.800440466360651702e+07
1.800533880720015243e+07
1.800561295256671309e+07
1.800521911460855231e+07
1.800446829096201062e+07
1.800376790000711381e+07
1.800330957121713087e+07
1.800332458506713063e+07
1.800391458055837825e+07
1.800478621293186396e+07
1.800556883920503780e+07
1.800601705999577418e+07
1.800604297847987339e+07
1.800524488534935936e+07
1.800365262266444415e+07
1.800146455202946067e+07
1.799912617670451850e+07
1.799695360146401823e+07
1.799548205740189552e+07
1.799506120400160551e+07
1.799571468358133361e+07
1.799727851320413128e+07
1.799957652307822928e+07
1.800198014102408662e+07
1.800395551153006777e+07
1.800542942685642466e+07
1.800615511656090245e+07
1.800609710140776634e+07
1.800542703187330440e+07
1.800450713163607940e+07
1.800375813272493705e+07
1.800357613324081898e+07
1.800423583697288856e+07
1.800532675921740755e+07
1.800652655859792233e+07
1.800778562076841295e+07
1.800850279727441818e+07
1.800838036948712543e+07
1.800721344031312317e+07
1.800514883693155274e+07
1.800253352680427581e+07
1.799983572991639003e+07
1.799776633985552564e+07
1.799668344106597453e+07
1.799658959782332927e+07
1.799777867552534863e+07
1.799993768611605465e+07
1.800254063929730654e+07
1.800486201879408583e+07
1.800678270403641090e+07
1.800780012769784033e+07
1.800770201678303257e+07
1.800666829860530421e+07
1.800518170955323428e+07
1.800356259766630456e+07
1.800241498209721595e+07
1.800219981162836403e+07
1.800293554513784498e+07
1.800427058700878918e+07
1.800600454011731595e+07
1.800768548702748492e+07
1.800861116974728182e+07
1.800843347512557358e+07
1.800708949703967199e+07
1.800488036887715012e+07
1.800210850110084563e+07
1.799955283135267720e+07
1.799774140037832782e+07
1.799698380675440282e+07
1.799750661818997189e+07
1.799923255330883712e+07
1.800164132345072553e+07
1.800411317222977802e+07
1.800631084747489542e+07
1.800764401228934526e+07
1.800787312689544633e+07
1.800699000105017424e+07
1.800544233896940947e+07
1.800355166935873777e+07
1.800196723026376218e+07
1.800122982533293962e+07
1.800149475797856227e+07
1.800256016800241917e+07
1.800455828316435963e+07
1.800691332500316575e+07
1.800878397821893543e+07
1.800962603592961654e+07
1.800933076877726614e+07
1.800785960744848847e+07
1.800554130444316566e+07
1.800298213559941947e+07
1.800079306323910132e+07
1.799929329458587244e+07
1.799903455624912679e+07
1.800010805311889946e+07
1.800217262828316912e+07
1.800451646748489887e+07
1.800697547191854939e+07
1.800882904556051642e+07
1.800960521264703944e+07
1.800911830860400572e+07
1.800776623104326427e+07
1.800562189346740767e+07
1.800343950192144141e+07
1.800190170597268641e+07
1.800136120349745452e+07
1.800171846053697169e+07
1.800314461819343269e+07
1.800538439635136351e+07
1.800770249967500940e+07
1.800933391684206575e+07
1.800999070020179451e+07
1.800939954494899139e+07
1.800780121064083651e+07
1.800553099555145577e+07
1.800336673598144203e+07
1.800147857898051664e+07
1.800089707151908800e+07
1.800213988079747558e+07
1.800245881847198680e+07
1.800478025911313295e+07
1.800706925374717265e+07
1.800912350436371565e+07
1.801008110423923284e+07
1.800998956979215145e+07
1.800873837394565344e+07
1.800669801222470775e+07
1.800421909264591709e+07
1.800210041041428223e+07
1.800074347345715761e+07
1.800041933830386773e+07
1.800134215968016535e+07
1.800345649689704925e+07
1.800593449661167338e+07
1.800819627220092714e+07
1.800976341750666499e+07
1.801023467594977468e+07
1.800952374870874360e+07
1.800815641893569380e+07
1.800645585245331377e+07
1.800477534321589023e+07
1.800369429863504693e+07
1.800364568117612973e+07
1.800454556624773145e+07
1.800616636920897663e+07
1.800818262874094397e+07
1.800998894537190720e+07
1.801118954211042449e+07
1.801133046638630331e+07
1.801043278444272652e+07
1.800851452193718404e+07
1.800601149311532080e+07
1.800345116756469756e+07
1.800148555866469070e+07
1.800030598497434333e+07
1.800033497674650326e+07
1.800157642985428497e+07
1.800372154756573588e+07
1.800595314316682145e+07
1.800805224531884864e+07
1.800931022216292843e+07
1.800971469747368619e+07
1.800920150033171475e+07
1.800833321530849114e+07
1.800687106855038926e+07
1.800627720238534734e+07
1.800660178164992109e+07
1.800611667008876801e+07
1.800746122896819562e+07
1.800888852048199624e+07
1.801070919384366646e+07
1.801199336038348451e+07
1.801254307299020514e+07
1.801206206528429314e+07
1.801060232946323231e+07
1.800821290087883547e+07
1.800571825397454575e+07
1.800343531338465586e+07
1.800165339869645610e+07
1.800077158991359547e+07
1.800108380614761263e+07
1.800225158722523600e+07
1.800394125689297169e+07
1.800579582263017073e+07
1.800741734730837494e+07
1.800842251565024629e+07
1.800873509926262125e+07
1.800846861209804192e+07
1.800780740245186538e+07
1.800711414180916920e+07
1.800694845998211578e+07
1.800709314406730980e+07
1.800765628616604954e+07
1.800869962960923091e+07
1.801005578243895993e+07
1.801121779340523854e+07
1.801194205839044973e+07
1.801182234494846314e+07
1.801083115020178631e+07
1.800920004996814951e+07
1.800720149468339235e+07
1.800504023702582344e+07
1.800314977740395069e+07
1.800180330652508512e+07
1.800126906285523251e+07
1.800161420933655277e+07
1.800262810499834642e+07
1.800398135446136817e+07
1.800548470271171257e+07
1.800679423240665346e+07
1.800774734246760607e+07
1.800811994317140058e+07
1.800806248841229826e+07
1.800783224546955153e+07
1.800780753104850650e+07
1.800801720409005508e+07
1.800845763008308783e+07
1.800925868866795674e+07
1.801035156820886210e+07
1.801136773098158464e+07
1.801210915457126126e+07
1.801238524567703530e+07
1.801184389122772962e+07
1.801040223003106192e+07
1.800849337413825840e+07
1.800659674898607284e+07
1.800459232582903281e+07
1.800294082665738836e+07
1.800191397081812099e+07
1.800152491654709354e+07
1.800163561103260145e+07
1.800231185545442626e+07
1.800337907150468975e+07
1.800463017792680115e+07
1.800597891063899547e+07
1.800683788739421219e+07
1.800720441959501058e+07
1.800756194505531341e+07
1.800796492889293283e+07
1.800844360824457556e+07
1.800890478092125058e+07
1.800951448134199902e+07
1.801016214559021965e+07
1.801089068723938242e+07
1.801147786863197759e+07
1.801175424971712381e+07
1.801157440488224477e+07
1.801102256009451300e+07
1.801006122945918888e+07
1.800888151422316954e+07
1.800742475005533174e+07
1.800593283430390060e+07
1.800449955676392093e+07
1.800339223036305234e+07
1.800253172509713471e+07
1.800220508026371524e+07
1.800223837184396759e+07
1.800281371798766404e+07
1.800353412529837340e+07
1.800461137826724723e+07
1.800546672931330279e+07
1.800677059224488214e+07
