2.896596713285208121e+07
2.895646396361637115e+07
2.895919124403566495e+07
2.895708866255418956e+07
2.895876729427267238e+07
2.895829598517264426e+07
2.895967699472323433e+07
2.896115212739424035e+07
2.896485161152715236e+07
2.896719270938450843e+07
2.897084163166646287e+07
2.897264122334491834e+07
2.897492085155354440e+07
2.897666575646011531e+07
2.897896781367230043e+07
2.898028291617012769e+07
2.898174746280705184e+07
2.898190441213321686e+07
2.898087560140236095e+07
2.897818979730677605e+07
2.897616772596848384e+07
2.897432192735345662e+07
2.897321979905996472e+07
2.897194722301461175e+07
2.897150326718679816e+07
2.897126323835777119e+07
2.897109549775594473e+07
2.897129963264668733e+07
2.897252390230260789e+07
2.897385716397175193e+07
2.897552735123706236e+07
2.897730374350816756e+07
2.897900570444949344e+07
2.898016619189169630e+07
2.898155446441321447e+07
2.898249141710963100e+07
2.898337083896135539e+07
2.898485033965125680e+07
2.898590280628912151e+07
2.898605282565121725e+07
2.898566362969771028e+07
2.898541812504024804e+07
2.898565288827674463e+07
2.898617001275996119e+07
2.898698767280867696e+07
2.898687791310456395e+07
2.898664795440715179e+07
2.898488494189886376e+07
2.898184460774325207e+07
2.897952764814051986e+07
2.897724109196396545e+07
2.897491586638598889e+07
2.897376145768463984e+07
2.897347913168716058e+07
2.897357331907016039e+07
2.897492390561026335e+07
2.897644975053034723e+07
2.897883822094195709e+07
2.898172447423034534e+07
2.898492112596048042e+07
2.898769164443734288e+07
2.899041636838312447e+07
2.899258512285876647e+07
2.899452761925666779e+07
2.899412542848412693e+07
2.899353735593010485e+07
2.899353907628963888e+07
2.899347454344356060e+07
2.899277841496754065e+07
2.899139296677964926e+07
2.898978560812747851e+07
2.898893523938094079e+07
2.898697191894045100e+07
2.898472864833488688e+07
2.898320028893106058e+07
2.898269541831554845e+07
2.898255115340961516e+07
2.898263726315144449e+07
2.898462619082639739e+07
2.898636140723504126e+07
2.898791106908660382e+07
2.899067482145199552e+07
2.899318654683262110e+07
2.899614157353775576e+07
2.900031216197001562e+07
2.900515923360945657e+07
2.901067066073332727e+07
2.902018810080204904e+07
2.902628429799107835e+07
2.902437882905688137e+07
2.902389011148175970e+07
2.902096667060954124e+07
2.901421285480764136e+07
2.900676829140147939e+07
2.899937040691224486e+07
2.899557614848925173e+07
2.899731073724722490e+07
2.900137392527538165e+07
2.899967762629026920e+07
2.899766488541088626e+07
2.899594434598052874e+07
2.899671192581832781e+07
2.899778244591432065e+07
2.900039621739427373e+07
2.900242885752595589e+07
2.900860433141518757e+07
2.901591101564998180e+07
2.901801676484012976e+07
2.901697035928509757e+07
2.901613495798420161e+07
2.901543495457832888e+07
2.901487792801276967e+07
2.901414946479231864e+07
2.901447790640524775e+07
2.901473151208268851e+07
2.901405373214675114e+07
2.901129577659794316e+07
2.900784429731357470e+07
2.900538904874711484e+07
2.900367119379479066e+07
2.900278239197468013e+07
2.900011284656575695e+07
2.899596572213868052e+07
2.899336465910858288e+07
2.899160379715691507e+07
2.899125506248925626e+07
2.899074106002096087e+07
2.899093551016261056e+07
2.898994161316990107e+07
2.898897455638275295e+07
2.898829086062628776e+07
2.898834506231254712e+07
2.898933638948549330e+07
2.899191188105976954e+07
2.899309932277064025e+07
2.899332252051226795e+07
2.899287756513201818e+07
2.899287324229737371e+07
2.899317730174160004e+07
2.899395464297829196e+07
2.899486146909683198e+07
2.899624693000772968e+07
2.899728447240256146e+07
2.899933362989331782e+07
2.899932633812323213e+07
2.900000719427502900e+07
2.900274237762594968e+07
2.900227028280776739e+07
2.900266210163432732e+07
2.900420653997129574e+07
2.900557307965346053e+07
2.900547683866942301e+07
2.900496021507875994e+07
2.900566425160104781e+07
2.900782039224822819e+07
2.901127508783528954e+07
2.901249476338269189e+07
2.901362430429128557e+07
2.901617936716971919e+07
2.901769738301300630e+07
2.901804970660290867e+07
2.901954446616832167e+07
2.902130171510134265e+07
2.902336419586780667e+07
2.902975955740340427e+07
2.903897912738727778e+07
2.904519096509784088e+07
2.904611481814689562e+07
2.904634847708098963e+07
2.904623738816786930e+07
2.904338336488331109e+07
2.904104451204077154e+07
2.903883258813304454e+07
2.903861069160839170e+07
2.903788640992000699e+07
2.903658978256035224e+07
2.902927987232152745e+07
2.902035520563079417e+07
2.901471005425438285e+07
2.901093270442241058e+07
2.900862529607335851e+07
2.900661271696555987e+07
2.900338523575813323e+07
2.900512071599325165e+07
2.900593128198714554e+07
2.900717924920523167e+07
2.900777692138305306e+07
2.900887778829804063e+07
2.900964920087640360e+07
2.901109180664894357e+07
2.901205744909799844e+07
2.901449798457592726e+07
2.901140063465541601e+07
2.901315367689184099e+07
2.901029766647671163e+07
2.900951318113223836e+07
2.900812324028640985e+07
2.900757326959227771e+07
2.900755162852355093e+07
2.901111757586902007e+07
2.901100499670983851e+07
2.900172928527667373e+07
2.899534730990194157e+07
2.899504802160410583e+07
2.899598153498190269e+07
2.899726469278201088e+07
2.899806076834837720e+07
2.899847299320995435e+07
2.899813291913003847e+07
2.899771923430580646e+07
2.899694201298527047e+07
2.899709698325085640e+07
2.899850395169074088e+07
2.900293481525278091e+07
2.900664403090249375e+07
2.900870451838558912e+07
2.900828549499717727e+07
2.900749027767927200e+07
2.900593576688183472e+07
2.900510066597672924e+07
2.900366590894794837e+07
2.900289132909031957e+07
2.900029977023684978e+07
2.899682541384512931e+07
2.899134002328698337e+07
2.898833186909196526e+07
2.898613091783953086e+07
2.898793687391342223e+07
2.898890558619175479e+07
2.899456157901855931e+07
2.899548811107129604e+07
2.899772583778854460e+07
2.899612942280266061e+07
2.899512558846198022e+07
2.899473179348062351e+07
2.899571750322217122e+07
2.899394405837439746e+07
2.899505355697692558e+07
2.899300347106938809e+07
2.899729380333638564e+07
2.899798108999276161e+07
2.899688740652442351e+07
2.899735410150439665e+07
2.899436697142223641e+07
2.899900927351093292e+07
2.899788038005028293e+07
2.899471099886115640e+07
2.899528275661846250e+07
2.899720250569311902e+07
2.899952997206496075e+07
2.900250030309426412e+07
2.900448340841308981e+07
2.900771557959151268e+07
2.900565344254868105e+07
2.899936238979153708e+07
2.899426516844760627e+07
2.899361798122094944e+07
2.899459233205534145e+07
2.899115417210418358e+07
2.899009564262319729e+07
2.898924518304889649e+07
2.899156741844847053e+07
2.899423005409557745e+07
2.899683951089685783e+07
2.899799262112929299e+07
2.900222275522771478e+07
2.900785914445561171e+07
2.900773152305054665e+07
2.900674840466814861e+07
2.900621557336360961e+07
2.900426421146186069e+07
2.900128162949439511e+07
2.899905345227085426e+07
2.899725654547856376e+07
2.899570583453429490e+07
2.899428847901841626e+07
2.899386998626775667e+07
2.899343656397355348e+07
2.899411638079423830e+07
2.899578067817816511e+07
2.899838045602665097e+07
2.899901324605032057e+07
2.899765323394424841e+07
2.899689308864295110e+07
2.899612252033511177e+07
2.899590582183122262e+07
2.899594835795999691e+07
2.899523283802718297e+07
2.899367920890047029e+07
2.898970603733122721e+07
2.898615831033442542e+07
2.898356299924519286e+07
2.898281711977743357e+07
2.898398537241726741e+07
2.898517653742184117e+07
2.898642580478968099e+07
2.898930172858301178e+07
2.899124018014913797e+07
2.899275705336829647e+07
2.899459220988005772e+07
2.899565629993538186e+07
2.899720634695458785e+07
2.899776658142405748e+07
2.899852278963077813e+07
2.899969154530886188e+07
2.899778884254391119e+07
2.899676041142641380e+07
2.899549750633341819e+07
2.899470177915977314e+07
2.899229425178634375e+07
2.898926365577013418e+07
2.898640222510685399e+07
2.898325641143369302e+07
2.897977105921615288e+07
2.897797397546538711e+07
2.897879621713725477e+07
2.898271267457019538e+07
2.898492568216341361e+07
2.898677952983686700e+07
2.898786125183930993e+07
2.898772511222195625e+07
2.898791876657694951e+07
2.899174845446766168e+07
2.899721786082031950e+07
2.900629796668079123e+07
2.901546853113749623e+07
2.901923901599370316e+07
2.902022914870648831e+07
2.901337001969336346e+07
2.900549569156554714e+07
2.900016344976593181e+07
2.899491427061484382e+07
2.899179284271700308e+07
2.899016689693911746e+07
2.899318768405156583e+07
2.899790731140888855e+07
