1.551707630434275046e+07
1.553934357548890635e+07
1.553350564777376316e+07
1.553880390640817210e+07
1.553389156291753612e+07
1.553080375700288825e+07
1.552023374302140623e+07
1.550961352311878093e+07
1.549948573706167191e+07
1.549326818793331273e+07
1.548364604903320037e+07
1.548026961147032492e+07
1.548802291512004286e+07
1.550502824141143076e+07
1.551565797878875956e+07
1.552203197677536309e+07
1.552089220753050037e+07
1.552112984245296009e+07
1.551871540779712051e+07
1.551806676077623293e+07
1.551712193050820008e+07
1.551811677194633707e+07
1.551292960117243603e+07
1.550804184717535973e+07
1.549660903643083200e+07
1.548026648007594049e+07
1.547769552908533625e+07
1.548058158823983558e+07
1.548407694304749556e+07
1.548765573234616779e+07
1.548858224468534067e+07
1.548446572359155864e+07
1.547802114365175180e+07
1.547418586617439985e+07
1.546673083390341140e+07
1.546173413997424766e+07
1.546339927927394025e+07
1.547868676895156316e+07
1.549242837107748352e+07
1.550146550742531195e+07
1.551200774863258377e+07
1.551674258647974208e+07
1.551887078027144633e+07
1.551564654921054840e+07
1.550506587504997849e+07
1.549929577533676662e+07
1.549487370963703655e+07
1.549118480912970379e+07
1.548937051637121662e+07
1.548563274404862709e+07
1.548172045938506722e+07
1.548272276896921545e+07
1.548376712349018082e+07
1.548256436844569258e+07
1.548327976297306828e+07
1.548773671147108451e+07
1.549080174517505430e+07
1.549020561247915216e+07
1.548616824576057307e+07
1.547883821165317670e+07
1.546908106288488768e+07
1.546731668378477544e+07
1.547501926097812690e+07
1.548593984720657021e+07
1.549672833665728383e+07
1.550104124813050777e+07
1.550612557751967199e+07
1.551238240117535181e+07
1.551665155114537477e+07
1.551658174026241526e+07
1.551329485845545679e+07
1.550911756439803541e+07
1.550806851008244045e+07
1.550755385700794309e+07
1.550275283064609207e+07
1.550271513893367536e+07
1.550395738502002507e+07
1.550765668361799605e+07
1.551176775172531605e+07
1.551100546433279291e+07
1.551088485797649622e+07
1.550874156838531233e+07
1.550260131490103155e+07
1.549655424515575171e+07
1.549190503930525482e+07
1.548791889233163558e+07
1.548859295397370681e+07
1.549408693460606411e+07
1.549909406766474247e+07
1.550114104372934252e+07
1.550684850235951878e+07
1.551253628928855248e+07
1.551044797413667291e+07
1.551342728539529257e+07
1.551775249640141241e+07
1.551506992175423913e+07
1.550853731948917545e+07
1.550167847679191269e+07
1.550220602138119936e+07
1.550104419111863151e+07
1.549519153839297220e+07
1.548883097513655201e+07
1.548275400361780450e+07
1.547853454826437123e+07
1.547757784226506203e+07
1.548247297266187891e+07
1.549183115436241403e+07
1.549909907203742862e+07
1.549817298307327554e+07
1.548499862781885266e+07
1.546814687620076723e+07
1.545684638887262344e+07
1.546381850829425268e+07
1.547838303361896798e+07
1.548683276067123562e+07
1.548886938652317598e+07
1.548821416540225968e+07
1.548735020310541429e+07
1.548581595852114633e+07
1.548866845572656766e+07
1.549411232366580330e+07
1.549545770056873932e+07
1.549349568657699041e+07
1.549357277038188465e+07
1.549657257090685144e+07
1.549175444783588685e+07
1.548898863858658448e+07
1.548551305063020252e+07
1.548506078247614019e+07
1.548734246556532010e+07
1.548740494946190342e+07
1.548035646126768366e+07
1.547258794460514002e+07
1.546322486230561137e+07
1.545756227594419569e+07
1.545483857348633185e+07
1.546106632631618343e+07
1.547205176327132806e+07
1.548622039231200330e+07
1.549325526918293908e+07
1.549347748695101030e+07
1.549100692917228490e+07
1.549201712422335148e+07
1.549198117331461422e+07
1.549258237147112004e+07
1.548691726241313107e+07
1.548391395666959509e+07
1.547623778750582226e+07
1.546825174412857927e+07
1.546322147282963619e+07
1.546935843466516398e+07
1.547504162160900794e+07
1.547812351048879512e+07
1.548026304897395521e+07
1.548201812635884248e+07
1.548352463472361118e+07
1.547774278533539549e+07
1.547327642982321978e+07
1.546450024192523025e+07
1.545214412281196378e+07
1.544581864978585579e+07
1.544267126695127971e+07
1.545233723779013194e+07
1.546696487810176238e+07
1.547116670586520806e+07
1.547619813065903634e+07
1.547761287097726204e+07
1.547627390113463998e+07
1.547726867492028512e+07
1.547690737821695954e+07
1.547532643126955070e+07
1.547144385096144490e+07
1.546780984228800610e+07
1.547023572134933993e+07
1.547757747054583579e+07
1.548321971211455949e+07
1.548991941162073612e+07
1.549178142959284410e+07
1.549129180845580623e+07
1.548894612118574046e+07
1.548893446037884243e+07
1.548302366703383066e+07
1.547359090065067634e+07
1.546316800650829822e+07
1.544262314860738255e+07
1.542746677052451856e+07
1.542770862968525477e+07
1.543726946736388281e+07
1.545742571763429046e+07
1.547794055487401411e+07
1.549041933900315128e+07
1.549246455935671553e+07
1.548633867096787877e+07
1.548670714686470851e+07
1.548127489945801534e+07
1.548079380290228873e+07
1.547762811948728003e+07
1.547691470387074351e+07
1.547793404865902662e+07
1.548411118841302767e+07
1.548545246678457968e+07
1.548594047568306327e+07
1.548581229567503929e+07
1.548460503812910244e+07
1.548056990539857931e+07
1.548226644456877187e+07
1.548767714618598111e+07
1.548504787995645963e+07
1.547666181370406784e+07
1.546761593167407811e+07
1.545792218044763803e+07
1.546452077745678648e+07
1.548708744587063231e+07
1.549474842369550467e+07
1.549047015436746366e+07
1.547908440216561034e+07
1.547216724728911556e+07
1.546687711847779155e+07
1.547188613718619570e+07
1.548276548385329917e+07
1.549174584967393801e+07
1.548053631595250405e+07
1.546797670276921988e+07
1.546502946847208776e+07
1.547303271475168318e+07
1.547780494851439260e+07
1.548017363698057458e+07
1.547833936977139115e+07
1.547738783096748777e+07
1.547909543721368350e+07
1.548309646387306415e+07
1.548221134356611408e+07
1.547690627576571144e+07
1.546444459536311217e+07
1.545468937117769942e+07
1.544389681534948759e+07
1.544073004997303151e+07
1.544285897960628383e+07
1.545877770639730245e+07
1.545680130615313537e+07
1.547937296708633192e+07
1.546312061371919513e+07
1.546613657118433714e+07
1.547237082766230218e+07
1.547979197297561169e+07
1.547429742548393086e+07
1.546969454849660024e+07
1.546650452819972299e+07
1.546573650839457847e+07
1.546242889811255410e+07
1.546076156113775074e+07
1.545985662324142829e+07
1.545709751190248504e+07
1.545652561256903969e+07
1.545619133450613543e+07
1.545486498773457669e+07
1.545200843104020692e+07
1.544904163147118315e+07
1.544419094923507608e+07
1.544277096935096756e+07
1.543998582759402879e+07
1.544365665067563765e+07
1.544919951861562394e+07
1.545102042406379245e+07
1.545468060198462009e+07
1.546174259029420279e+07
1.546702384491046704e+07
1.547323623398914933e+07
1.547368931654878333e+07
1.547139067950162292e+07
1.546993522031173296e+07
1.547171738177203014e+07
1.547039215460888855e+07
1.545803547621715441e+07
1.544659734102271870e+07
1.544836757301424816e+07
1.545787516048046015e+07
1.546376666315063462e+07
1.546282090150230192e+07
1.545977436519007944e+07
1.546043757837537304e+07
1.546272708778378740e+07
1.546210550684309565e+07
1.545836370528935827e+07
1.545383464598060586e+07
1.545269799654032104e+07
1.544685401077301800e+07
1.544173994223519787e+07
1.544090824077099189e+07
1.544183931522630341e+07
1.544309580080048554e+07
1.544659381856397167e+07
1.545035013644941710e+07
1.545468089619104564e+07
1.545601430348178931e+07
1.545208044071384706e+07
1.544503733951195143e+07
1.543996634694734588e+07
1.543978204108172841e+07
1.544803332117759250e+07
1.545230616293275729e+07
1.545511801436981000e+07
1.545525089643326029e+07
1.545124205531016551e+07
1.545072714134138823e+07
1.545115307789770700e+07
1.545115254838651419e+07
1.545077844412214682e+07
1.545232391269098222e+07
1.545622122803058848e+07
1.545825730576340668e+07
1.546164720487648807e+07
1.545950730528362282e+07
1.545652054021259025e+07
1.545386760260665976e+07
1.545208502811610885e+07
1.545307171030612104e+07
1.545386633620959520e+07
1.545656197353617288e+07
1.545593462704617716e+07
1.544489187901180424e+07
1.543117643778490648e+07
1.542043137459542044e+07
1.542018102569586039e+07
1.542436391967686452e+07
1.543159843358177133e+07
1.543751822804097459e+07
1.543978919190284237e+07
1.544343927343290858e+07
1.544697327334182896e+07
1.544956576849406399e+07
1.545967104509517923e+07
1.546794634548551962e+07
1.547850250818240084e+07
1.548234074167539179e+07
1.549135874430556037e+07
