6.060127114906344563e+07
6.060380829831687361e+07
6.060511010764702410e+07
6.060439738368793577e+07
6.060229042406731099e+07
6.060058134524373710e+07
6.059893986676833779e+07
6.059807118791405112e+07
6.059713272147630155e+07
6.059648930199017376e+07
6.059604406868204474e+07
6.059581843342721462e+07
6.059532472162624449e+07
6.059471345271023363e+07
6.059405529886935651e+07
6.059332469144076109e+07
6.059271694996832311e+07
6.059238108576391637e+07
6.059194761527962238e+07
6.059162373168744147e+07
6.059155336826962233e+07
6.059175491531746089e+07
6.059233239711655676e+07
6.059337356700608134e+07
6.059447364202824235e+07
6.059557425907791406e+07
6.059720004407305270e+07
6.059830763656083494e+07
6.059895254509287328e+07
6.059946600308857858e+07
6.059987257302700728e+07
6.060029614064045250e+07
6.060070743965023011e+07
6.060116850793246925e+07
6.060142393556424230e+07
6.060127351628144085e+07
6.060065190282978117e+07
6.060011047232519090e+07
6.059929811879780143e+07
6.059802707423990965e+07
6.059671812224142253e+07
6.059555269769857824e+07
6.059424946275652200e+07
6.059310474643956125e+07
6.059222744697947800e+07
6.059169207830840349e+07
6.059174022974911332e+07
6.059240948796589673e+07
6.059376959329800308e+07
6.059517535066617280e+07
6.059617727976859361e+07
6.059689788767185062e+07
6.059737048980690539e+07
6.059714963990291953e+07
6.059651606577715278e+07
6.059573591068278253e+07
6.059508425955568999e+07
6.059482114206901938e+07
6.059491658984752744e+07
6.059542063375245035e+07
6.059643048317082226e+07
6.059739891875828058e+07
6.059791116305126250e+07
6.059771931028476357e+07
6.059683710631656647e+07
6.059531120788988471e+07
6.059351192552081496e+07
6.059209410642926395e+07
6.059101052373180538e+07
6.059057175965327770e+07
6.059108048659721017e+07
6.059249011908808351e+07
6.059456884417520463e+07
6.059714239435743541e+07
6.060013686085309833e+07
6.060295462656369805e+07
6.060440574545174092e+07
6.060436983124303073e+07
6.060358354544710368e+07
6.060263236091304570e+07
6.060253807310555875e+07
6.060295600956884027e+07
6.060384995520689338e+07
6.060505714807161689e+07
6.060632863059584796e+07
6.060726864705192298e+07
6.060849326939634234e+07
6.060909950470081717e+07
6.060829360522583872e+07
6.060612032316926867e+07
6.060256551769129932e+07
6.059909557746809721e+07
6.059622900267225504e+07
6.059413571941705048e+07
6.059305843678243458e+07
6.059294144604193419e+07
6.059350725962793082e+07
6.059461899553367496e+07
6.059585378093292564e+07
6.059677039529317617e+07
6.059749768003343046e+07
6.059804130170965940e+07
6.059839559402067959e+07
6.059872900794110447e+07
6.059880365732230246e+07
6.059914320433638990e+07
6.059985984685465693e+07
6.060062230999096483e+07
6.060150934901416302e+07
6.060216910055136681e+07
6.060239197861425579e+07
6.060227632585721463e+07
6.060155581648296863e+07
6.060058945423590392e+07
6.059959551468419284e+07
6.059794368143232912e+07
6.059642477280548960e+07
6.059502475900416076e+07
6.059404803130891919e+07
6.059404861024004221e+07
6.059489111787753552e+07
6.059650706274904311e+07
6.059871263767445832e+07
6.060069437303822488e+07
6.060239030682048947e+07
6.060399622890219837e+07
6.060518550869596750e+07
6.060602938489945233e+07
6.060581069119937718e+07
6.060430088484507054e+07
6.060280792126785964e+07
6.060216104715216160e+07
6.060241591052955389e+07
6.060303094612888992e+07
6.060402403774449229e+07
6.060550537863150984e+07
6.060739504159684479e+07
6.060771286797959358e+07
6.060631742634596676e+07
6.060328556789513677e+07
6.059970794085681438e+07
6.059669135680551827e+07
6.059487124099314213e+07
6.059471729982684553e+07
6.059601279922972620e+07
6.059804146514870971e+07
6.060022733268094063e+07
6.060153995065511018e+07
6.060241872451142967e+07
6.060298872919313610e+07
6.060320885921857506e+07
6.060283689824022353e+07
6.060166973896604776e+07
6.059936611698564887e+07
6.059711431684510410e+07
6.059574794291530550e+07
6.059627087286236882e+07
6.059794389749877155e+07
6.060000237577240914e+07
6.060220462311428785e+07
6.060470980179988593e+07
6.060717116813067347e+07
6.060805378085432202e+07
6.060638684356089681e+07
6.060338399487316608e+07
6.060011288089016825e+07
6.059727034661874175e+07
6.059548343149601668e+07
6.059504493110088259e+07
6.059580616454495490e+07
6.059806759351815283e+07
6.060168357024503499e+07
6.060544755760759860e+07
6.060800579483862966e+07
6.060849630113781244e+07
6.060714616588371247e+07
6.060507799295531958e+07
6.060300753051737696e+07
6.060243724017530680e+07
6.060208861301942170e+07
6.060097123029876500e+07
6.060036563702882081e+07
6.060075889477187395e+07
6.060161555823711306e+07
6.060303707922656089e+07
6.060509920343862474e+07
6.060655042968401313e+07
6.060587590526612103e+07
6.060403406060049683e+07
6.060162510102029145e+07
6.059973606808075309e+07
6.059856396527494490e+07
6.059885624152983725e+07
6.060111200548180193e+07
6.060383143974513561e+07
6.060669756144331396e+07
6.060926668322288245e+07
6.061026050118247420e+07
6.061029397495211661e+07
6.061018337498082221e+07
6.060877613913638145e+07
6.060666524629747868e+07
6.060395875221172720e+07
6.060100615451987088e+07
6.059866183030682057e+07
6.059705726718967408e+07
6.059658687471053749e+07
6.059758424090237170e+07
6.059971789636391401e+07
6.060226773765969276e+07
6.060508992504001409e+07
6.060592838220385462e+07
6.060498187553340942e+07
6.060339710064613074e+07
6.060218737627836317e+07
6.060073050967559963e+07
6.059920949344462156e+07
6.059820583929956704e+07
6.059790688690447062e+07
6.059801042483805120e+07
6.059876796282795072e+07
6.059962034136452526e+07
6.060062333701411635e+07
6.060264332668791711e+07
6.060373614192020148e+07
6.060265104258265346e+07
6.060102719498873502e+07
6.059914296075572073e+07
6.059768346675912291e+07
6.059686363696756959e+07
6.059753524345319718e+07
6.059958018150378764e+07
6.060194225860219449e+07
6.060350359363859892e+07
6.060481241695945710e+07
6.060516770689506084e+07
6.060449500266228616e+07
6.060281350543107837e+07
6.060150822982185334e+07
6.059947075629812479e+07
6.060205235227771848e+07
6.059778524764091522e+07
6.059997116328335553e+07
6.060061690011896938e+07
6.060320368114633113e+07
6.060584547104417533e+07
6.060866676623583585e+07
6.060974846306996047e+07
6.060993760019753128e+07
6.060828060137841851e+07
6.060606740412435681e+07
6.060365837541300803e+07
6.060229309056031704e+07
6.060195495409412682e+07
6.060182384188210219e+07
6.060113468644260615e+07
6.060065263653846830e+07
6.060025314835220575e+07
6.060030508921961486e+07
6.060019024655143917e+07
6.060064044576468319e+07
6.060098143938637525e+07
6.060157391633834690e+07
6.060224231573013216e+07
6.060261929573335499e+07
6.060281020310341567e+07
6.060319905125848949e+07
6.060369298267755657e+07
6.060445653327958286e+07
6.060528583318084478e+07
6.060637745172718912e+07
6.060698139001484215e+07
6.060679666601644456e+07
6.060591127377600968e+07
6.060504839335930347e+07
6.060382851770180464e+07
6.060238570855404437e+07
6.060132013489885628e+07
6.060027558128642291e+07
6.059900307784094661e+07
6.059768847256214917e+07
6.059718048820444196e+07
6.059860546566144377e+07
6.060104722552244365e+07
6.060269255831248313e+07
6.060331754207934439e+07
6.060321322390846163e+07
6.060322856715420634e+07
6.060382002225460112e+07
6.060476601846168190e+07
6.060526817150501907e+07
6.060489381438432634e+07
6.060403783057767153e+07
6.060323592258636653e+07
6.060287136532551050e+07
6.060302476693467796e+07
6.060354262043386698e+07
6.060401402523864806e+07
6.060482296828223020e+07
6.060477413698389381e+07
6.060389079649639875e+07
6.060248926685266197e+07
6.060098190787408501e+07
6.060025739390008897e+07
6.060030556804995239e+07
6.060102956686395407e+07
6.060225952312836796e+07
6.060373567707234621e+07
6.060451966528321803e+07
6.060471844648174196e+07
6.060453472761356831e+07
6.060406455223594606e+07
6.060365779490011185e+07
6.060390923536815494e+07
6.060475314672986418e+07
6.060581199238286167e+07
6.060707136378376931e+07
6.060774431601635367e+07
6.060748256914054602e+07
6.060719313168322295e+07
6.060629333556697518e+07
6.060528469285983592e+07
6.060389421586979181e+07
6.060297620977877080e+07
6.060220118564628810e+07
6.060190245635841042e+07
6.060135863517595083e+07
6.060093707514878362e+07
6.060038104607156664e+07
6.060086169942408055e+07
6.060090387903994322e+07
6.060114707488579303e+07
6.060080474645449221e+07
6.060194573287701607e+07
6.060289050083214045e+07
6.060523633706032485e+07
