1.817122784555318579e+07
1.817277716661869735e+07
1.817327822066862509e+07
1.817372450773432106e+07
1.817399182296764851e+07
1.817431953911182284e+07
1.817462791838223860e+07
1.817490095389968902e+07
1.817505568493868783e+07
1.817533376429683715e+07
1.817514168120652810e+07
1.817451945650730282e+07
1.817341687512066215e+07
1.817216557212280482e+07
1.817081750469188765e+07
1.816946872570935264e+07
1.816813596883115172e+07
1.816715317085355893e+07
1.816655371481841430e+07
1.816663139078608900e+07
1.816735622962081060e+07
1.816825130145792663e+07
1.816923208976417780e+07
1.817047077661082521e+07
1.817153179135549441e+07
1.817239885024588928e+07
1.817286647277607769e+07
1.817319419518430531e+07
1.817327833921529353e+07
1.817312665322817117e+07
1.817288573479627073e+07
1.817266356341601163e+07
1.817260664895218983e+07
1.817276538054327294e+07
1.817308214349567145e+07
1.817313600583875924e+07
1.817281050965546817e+07
1.817250975603414327e+07
1.817173639927479997e+07
1.817030354185060412e+07
1.816873503098599240e+07
1.816714267113240063e+07
1.816580529568677768e+07
1.816497227927184477e+07
1.816485121043596789e+07
1.816564463468011469e+07
1.816705066600359976e+07
1.816863341608848050e+07
1.817048913734224066e+07
1.817214432320234552e+07
1.817317223726072162e+07
1.817368942098974809e+07
1.817374677214806154e+07
1.817347700213814154e+07
1.817276007503528148e+07
1.817187447532704473e+07
1.817124091981251165e+07
1.817112372336475924e+07
1.817181967525488138e+07
1.817252702432048693e+07
1.817291202402792498e+07
1.817291655646120757e+07
1.817254740630107373e+07
1.817164285503496975e+07
1.817052308340236545e+07
1.816912778416205570e+07
1.816748176708614081e+07
1.816598286723402143e+07
1.816530240148418024e+07
1.816538672284753621e+07
1.816630133196878061e+07
1.816781360103277490e+07
1.816978465545367450e+07
1.817179365595712513e+07
1.817347817954924703e+07
1.817444271629986539e+07
1.817489393101892620e+07
1.817474384738633037e+07
1.817433034579268843e+07
1.817366102613238245e+07
1.817322333495600894e+07
1.817303610063023865e+07
1.817337073827556148e+07
1.817433598739575222e+07
1.817530664538833126e+07
1.817609088433123752e+07
1.817612155950910226e+07
1.817554733013280854e+07
1.817432486464393511e+07
1.817197422256673500e+07
1.816912844522169605e+07
1.816645897291751951e+07
1.816460773755045608e+07
1.816397289312966168e+07
1.816446189419391379e+07
1.816583260425172746e+07
1.816791265818151459e+07
1.817018718825060129e+07
1.817210368997857347e+07
1.817359514956988767e+07
1.817442028043716028e+07
1.817424154049116746e+07
1.817337579058882222e+07
1.817224602278632671e+07
1.817099168138973042e+07
1.817014982842595503e+07
1.817032961405604333e+07
1.817137160007282719e+07
1.817294863880240917e+07
1.817475068200309202e+07
1.817609187911645696e+07
1.817658480250995979e+07
1.817578504525307938e+07
1.817379473374716938e+07
1.817119649959024042e+07
1.816842109343992919e+07
1.816624340824107453e+07
1.816477552356714010e+07
1.816433685677850619e+07
1.816535071645276621e+07
1.816730820230924711e+07
1.816983775322098285e+07
1.817224028713811561e+07
1.817403471411027759e+07
1.817492357370216027e+07
1.817487497366575897e+07
1.817400312580866739e+07
1.817246339697108790e+07
1.817074961862509698e+07
1.816935435216310248e+07
1.816886792377953604e+07
1.816947160008896887e+07
1.817120150352811068e+07
1.817347075770687684e+07
1.817576583998952433e+07
1.817718752438234910e+07
1.817757136360682547e+07
1.817653821210121736e+07
1.817465906050042808e+07
1.817195986616304889e+07
1.816917122629267722e+07
1.816695368783336878e+07
1.816578067910040542e+07
1.816610044407504052e+07
1.816757897730119899e+07
1.816973705668143556e+07
1.817189325956688076e+07
1.817372856311659887e+07
1.817491875498245656e+07
1.817503911461657658e+07
1.817411422941619903e+07
1.817236351445844024e+07
1.817028884381300583e+07
1.816830378173708543e+07
1.816737496774843708e+07
1.816754435555090755e+07
1.816868427794029191e+07
1.817046589980341494e+07
1.817256289194396138e+07
1.817419266690698266e+07
1.817502173825266585e+07
1.817465291865322739e+07
1.817318403270614147e+07
1.817092151820635051e+07
1.816829535492617637e+07
1.816606741586932540e+07
1.816443112586303055e+07
1.816374620415671170e+07
1.816440083559281752e+07
1.816618041667215526e+07
1.816873502773264050e+07
1.817138256326630712e+07
1.817322904695135728e+07
1.817380859411035851e+07
1.817336187879149616e+07
1.817209719837278500e+07
1.816995592165435851e+07
1.816773415307405591e+07
1.816606371653668955e+07
1.816511081988921762e+07
1.816531019963976368e+07
1.816656583850971982e+07
1.816856240626604855e+07
1.817114424263994768e+07
1.817301712383877113e+07
1.817368915683332086e+07
1.817305250517607853e+07
1.817077296852476150e+07
1.816767174128852785e+07
1.816474639451688156e+07
1.816252205339504033e+07
1.816134932240771130e+07
1.816270128699473664e+07
1.816258932272768021e+07
1.816454406308358908e+07
1.816651147175476700e+07
1.816833070782570913e+07
1.816928100466011837e+07
1.816934130315515026e+07
1.816840837071100622e+07
1.816662214771440625e+07
1.816437460435674712e+07
1.816263086096407846e+07
1.816142940186282620e+07
1.816092552078587934e+07
1.816183462243685499e+07
1.816389802274704725e+07
1.816599947141860425e+07
1.816810189996877313e+07
1.816958387465300784e+07
1.817016605561668426e+07
1.816950385283866525e+07
1.816832141991116479e+07
1.816678087275691703e+07
1.816523225395790860e+07
1.816405332926737145e+07
1.816386272954221070e+07
1.816460511034635454e+07
1.816626433041848615e+07
1.816823533801000938e+07
1.817023106244364008e+07
1.817162954493504763e+07
1.817220652223426849e+07
1.817158074953952059e+07
1.817020103359201178e+07
1.816795962320483103e+07
1.816596457688733563e+07
1.816441448511578515e+07
1.816363038552344963e+07
1.816357724465063959e+07
1.816464711060728878e+07
1.816642747947185114e+07
1.816849243731319532e+07
1.817023782018332928e+07
1.817152461745332181e+07
1.817171436415557563e+07
1.817132648288740963e+07
1.817014523462919891e+07
1.816919465618044138e+07
1.816806401006715745e+07
1.817269118867571652e+07
1.816752699601588398e+07
1.816990121218417957e+07
1.817067983046187460e+07
1.817301155212534592e+07
1.817401358324381709e+07
1.817504236551077291e+07
1.817442563619282097e+07
1.817328902164279297e+07
1.817088336690445617e+07
1.816865218895401806e+07
1.816624936925514415e+07
1.816466435300833359e+07
1.816369405334004015e+07
1.816407532650011778e+07
1.816517017707969621e+07
1.816708655032630265e+07
1.816894301840501651e+07
1.817084381666838378e+07
1.817197788604929671e+07
1.817250284603574499e+07
1.817230148256204277e+07
1.817186153132428601e+07
1.817131487475594133e+07
1.817132170236634091e+07
1.817153080970528349e+07
1.817220970388619974e+07
1.817327686499158666e+07
1.817478140080388263e+07
1.817611155967442319e+07
1.817708135706227273e+07
1.817723599049676210e+07
1.817657595185459778e+07
1.817507954437244684e+07
1.817318270689637586e+07
1.817102735093513876e+07
1.816906574764984474e+07
1.816764913036778942e+07
1.816717870687269792e+07
1.816751216030717641e+07
1.816848961328932270e+07
1.816978743776663765e+07
1.817134318440302089e+07
1.817271949691156670e+07
1.817375844991275296e+07
1.817413829079049081e+07
1.817422815565219894e+07
1.817422609106759354e+07
1.817439872079088166e+07
1.817480131885453314e+07
1.817536586266894639e+07
1.817628708050365746e+07
1.817754996150236949e+07
1.817844753348382935e+07
1.817833161835628375e+07
1.817814913852164522e+07
1.817717699393296987e+07
1.817591373375561088e+07
1.817473259762454405e+07
1.817398704522502795e+07
1.817269281013886258e+07
1.817155826528576761e+07
1.817070411150935665e+07
1.817041366283866763e+07
1.817059300209583342e+07
1.817128865439502150e+07
1.817212201381226256e+07
1.817334412851349264e+07
1.817432636020689830e+07
1.817485977850305662e+07
1.817518446005520597e+07
1.817569573127062991e+07
1.817577774001743272e+07
1.817604221200191975e+07
1.817615271669106930e+07
1.817668778248174116e+07
1.817730838704768941e+07
1.817841886595626548e+07
1.817905954696767405e+07
1.817943862817787752e+07
1.817936448668455333e+07
1.817932351575705037e+07
1.817880141286972538e+07
1.817821617918335274e+07
1.817687241353498772e+07
1.817572602165545896e+07
1.817423869652103633e+07
1.817318081040607765e+07
1.817207412000682205e+07
1.817196951039116085e+07
1.817153933119956776e+07
1.817247500955400988e+07
1.817293520980396494e+07
1.817446810524857789e+07
1.817481992641023546e+07
1.817743299518935010e+07
