5.207563963539037108e+07
5.207662674341998249e+07
5.207693314261983335e+07
5.207734356110189110e+07
5.207758512006696314e+07
5.207803360910848528e+07
5.207837770766469091e+07
5.207856043776935339e+07
5.207855076453151554e+07
5.207827742576688528e+07
5.207773753729078174e+07
5.207684036596070975e+07
5.207571852140536159e+07
5.207459695481823385e+07
5.207335803178726882e+07
5.207212263462185860e+07
5.207099952042423934e+07
5.207023625843921304e+07
5.206978669248611480e+07
5.206992229115667939e+07
5.207069788834627718e+07
5.207173317266429961e+07
5.207294671737779677e+07
5.207438545138026029e+07
5.207572251520858705e+07
5.207677532630828023e+07
5.207741616015259176e+07
5.207789088521735370e+07
5.207817547131708264e+07
5.207811931641321629e+07
5.207800224051360786e+07
5.207799483732929826e+07
5.207803023729491234e+07
5.207817118090052158e+07
5.207835806190883368e+07
5.207803086604429036e+07
5.207728393276944757e+07
5.207639401593981683e+07
5.207515169773682207e+07
5.207357626569409668e+07
5.207190931603169441e+07
5.207051963112628460e+07
5.206947440811539441e+07
5.206896468013295531e+07
5.206922140471290052e+07
5.207003719883815944e+07
5.207136321749958396e+07
5.207309612574446201e+07
5.207483462377676368e+07
5.207631738025148213e+07
5.207744942992292345e+07
5.207800764444869012e+07
5.207808477399931103e+07
5.207790038200561702e+07
5.207755207737012953e+07
5.207724832595807314e+07
5.207717094077268988e+07
5.207737395167760551e+07
5.207783090957184136e+07
5.207819406323791295e+07
5.207810340129431337e+07
5.207771201372510195e+07
5.207691578602916002e+07
5.207547608271723241e+07
5.207361204332683235e+07
5.207161472180574387e+07
5.206977395478888601e+07
5.206846672031484544e+07
5.206792705178513378e+07
5.206826172651069611e+07
5.206945372515692562e+07
5.207136962846497446e+07
5.207359963377349824e+07
5.207562057352776080e+07
5.207705294639749080e+07
5.207793093638511747e+07
5.207817939243376255e+07
5.207790939101201296e+07
5.207733859844658524e+07
5.207665814621477574e+07
5.207625695594296604e+07
5.207626317881545424e+07
5.207680863158415258e+07
5.207761233387973905e+07
5.207827451600604504e+07
5.207861979960049689e+07
5.207848800309623033e+07
5.207757813134523481e+07
5.207570942516101152e+07
5.207331621801932156e+07
5.207083637537016720e+07
5.206867142548999935e+07
5.206745478720972687e+07
5.206721357676038146e+07
5.206798249187579751e+07
5.206968493450497836e+07
5.207203019972099364e+07
5.207440849568297714e+07
5.207630379475968331e+07
5.207762124393568188e+07
5.207814785051695257e+07
5.207780707281312346e+07
5.207692261826359481e+07
5.207582770864732563e+07
5.207501100101284683e+07
5.207474342044084519e+07
5.207529274656237662e+07
5.207637551500163227e+07
5.207761503994468600e+07
5.207882442250572145e+07
5.207957262666225433e+07
5.207934358920649439e+07
5.207803713947037607e+07
5.207588620986741781e+07
5.207321543951690197e+07
5.207048878547944874e+07
5.206850696488140523e+07
5.206747846188955009e+07
5.206750984693600237e+07
5.206878753627040237e+07
5.207102966986524314e+07
5.207364759290938079e+07
5.207604460604552925e+07
5.207782945201279968e+07
5.207862698592209071e+07
5.207838348686905950e+07
5.207730444186334312e+07
5.207579045344743133e+07
5.207425588411077112e+07
5.207331289113015682e+07
5.207339187448286265e+07
5.207439193752016127e+07
5.207592446099265665e+07
5.207771678166645765e+07
5.207932938889191300e+07
5.208010203707613796e+07
5.207966336070831865e+07
5.207811296395236999e+07
5.207572149903721362e+07
5.207276712493608147e+07
5.207020022727185488e+07
5.206841274325808138e+07
5.206769616030785441e+07
5.206830281039729714e+07
5.207025184149148315e+07
5.207281659452937543e+07
5.207530087066556513e+07
5.207737096879018098e+07
5.207854606851997972e+07
5.207858838778124750e+07
5.207763984038867801e+07
5.207602421871522069e+07
5.207410792865312845e+07
5.207256277683489025e+07
5.207203774675225466e+07
5.207245893884727359e+07
5.207370449458731711e+07
5.207579188374740630e+07
5.207811301522656530e+07
5.207978691477856785e+07
5.208039099103136361e+07
5.207978832573767006e+07
5.207806774109423161e+07
5.207552354051777720e+07
5.207284609299431741e+07
5.207067326887477934e+07
5.206934989143681526e+07
5.206918427686662227e+07
5.207042247309979051e+07
5.207251824862562120e+07
5.207486495604227483e+07
5.207720163810949773e+07
5.207881135283031315e+07
5.207919456948737800e+07
5.207846590207847208e+07
5.207689641103644669e+07
5.207472036400487274e+07
5.207258614242760837e+07
5.207122009917489439e+07
5.207079385181911290e+07
5.207154164719167352e+07
5.207332917954044789e+07
5.207579057232787460e+07
5.207810764207522571e+07
5.207967146754415333e+07
5.208010552090707421e+07
5.207941033848723769e+07
5.207763785602056235e+07
5.207533270156988502e+07
5.207310774310832471e+07
5.207137904533489048e+07
5.207073964769683778e+07
5.207177344213220477e+07
5.207279918177424371e+07
5.207507546305452287e+07
5.207733589331644028e+07
5.207915428733496368e+07
5.207992898379316926e+07
5.207955559082991630e+07
5.207808547439108044e+07
5.207590228073423356e+07
5.207327936587104201e+07
5.207115932860770077e+07
5.206993717366874218e+07
5.206969338440019637e+07
5.207070332230750471e+07
5.207297451975693554e+07
5.207551724155008048e+07
5.207784156830789894e+07
5.207936231887260824e+07
5.207958660928507894e+07
5.207850084846283495e+07
5.207693433407296985e+07
5.207509761168499291e+07
5.207338604701572657e+07
5.207230873084731400e+07
5.207241280428196490e+07
5.207349941909527779e+07
5.207522482530640066e+07
5.207730317194540799e+07
5.207918361470432580e+07
5.208021450823340565e+07
5.208020730587186664e+07
5.207908480670648068e+07
5.207705225702324510e+07
5.207443429184905440e+07
5.207195834726928174e+07
5.206992586895682663e+07
5.206886270239839703e+07
5.206899457885667682e+07
5.207043266754599661e+07
5.207263726981619000e+07
5.207501118396700919e+07
5.207688990536175668e+07
5.207814226874881238e+07
5.207821071257147193e+07
5.207760182009056211e+07
5.207631416708257049e+07
5.207498519201683998e+07
5.207384228301065415e+07
5.207491314837194979e+07
5.207426069122151285e+07
5.207587264533321559e+07
5.207756706166049093e+07
5.207954938029867411e+07
5.208075161035252362e+07
5.208118038677691668e+07
5.208037916446820647e+07
5.207864828720558435e+07
5.207611410513895750e+07
5.207356735837060213e+07
5.207126014590823650e+07
5.206958561241918802e+07
5.206886921128617972e+07
5.206947080229773372e+07
5.207091408714990318e+07
5.207283737195780128e+07
5.207478901664038748e+07
5.207635457430438697e+07
5.207712545274174958e+07
5.207714427714656293e+07
5.207664904329381138e+07
5.207588414642226696e+07
5.207508894708441198e+07
5.207502132720195502e+07
5.207547661187487841e+07
5.207640570165783912e+07
5.207775931722950190e+07
5.207943430326957256e+07
5.208083882263665646e+07
5.208152381647485495e+07
5.208119894391252100e+07
5.207995514013917744e+07
5.207799828850267828e+07
5.207563846052221954e+07
5.207319458543688804e+07
5.207112629981130362e+07
5.206969487524504215e+07
5.206935417328865081e+07
5.206989994573563337e+07
5.207103921758689731e+07
5.207248966889638454e+07
5.207400106136655062e+07
5.207516980553001165e+07
5.207596376748718321e+07
5.207619403427313268e+07
5.207604639806667715e+07
5.207590355897634476e+07
5.207603518261868507e+07
5.207641005289666355e+07
5.207697579217296094e+07
5.207787395628958941e+07
5.207904455228798836e+07
5.208014817862296104e+07
5.208087577363516390e+07
5.208095630028985441e+07
5.208028633915726840e+07
5.207884290194774419e+07
5.207705655789088458e+07
5.207516165960135311e+07
5.207311131746178120e+07
5.207143410344973952e+07
5.207037976717539132e+07
5.206995306378394365e+07
5.207005013257962465e+07
5.207071698851957172e+07
5.207172469257011265e+07
5.207288303364281356e+07
5.207405077502255142e+07
5.207486146169412881e+07
5.207523862532678992e+07
5.207564731978651136e+07
5.207608126208802313e+07
5.207657133640383184e+07
5.207704783878742903e+07
5.207774361800091714e+07
5.207846417753728479e+07
5.207928548151377589e+07
5.207991521608351171e+07
5.208014707151019573e+07
5.207993232852084190e+07
5.207933103744398803e+07
5.207824265309167653e+07
5.207689737047316134e+07
5.207527098892790824e+07
5.207371224906767160e+07
5.207226140754419565e+07
5.207122497612980753e+07
5.207045952177340537e+07
5.207032548150549829e+07
5.207047720270097256e+07
5.207119556441316754e+07
5.207210211405299604e+07
5.207331086065686494e+07
5.207412907334724814e+07
5.207545455452661961e+07
