5.782429015910489485e+06
5.783303823116792366e+06
5.783606215869511478e+06
5.783927032746870071e+06
5.784088734477812424e+06
5.784482116798996925e+06
5.784809991978965700e+06
5.784967268530457281e+06
5.784988869346651249e+06
5.784829986192061566e+06
5.784450270320391282e+06
5.783684915338649414e+06
5.782559096314532682e+06
5.781510944026953541e+06
5.780274700290324166e+06
5.779030122754640877e+06
5.777871106938499026e+06
5.776986708645729348e+06
5.776459955915059894e+06
5.776479248463273048e+06
5.777129429132638499e+06
5.778128135985733010e+06
5.779366489593455568e+06
5.780806155425187200e+06
5.782122283189535141e+06
5.783205191318947822e+06
5.783890145384743810e+06
5.784362367095170543e+06
5.784522126724308357e+06
5.784378040804793127e+06
5.784310172130445018e+06
5.784349042957759462e+06
5.784341103265832178e+06
5.784395450785758905e+06
5.784609520980232395e+06
5.784458008628788404e+06
5.783892101657863706e+06
5.783171973888771608e+06
5.782085994922843762e+06
5.780588376783019863e+06
5.778906323354949243e+06
5.777342357253468595e+06
5.776112145116956905e+06
5.775450181638257578e+06
5.775578362786937505e+06
5.776336819723360240e+06
5.777649433483489789e+06
5.779385310877083801e+06
5.781157400797596201e+06
5.782758812472556718e+06
5.783935077739779837e+06
5.784526988218983635e+06
5.784604963220296428e+06
5.784335187711047940e+06
5.783846420641590841e+06
5.783470756114479154e+06
5.783343214671000838e+06
5.783538521430655383e+06
5.784030793886528350e+06
5.784513355986548588e+06
5.784600447537223808e+06
5.784391182750079781e+06
5.783758423324123025e+06
5.782468528505519964e+06
5.780622805040298030e+06
5.778566498168195598e+06
5.776524852900196798e+06
5.775042876913635060e+06
5.774388093953684904e+06
5.774657690044032410e+06
5.775768597730896436e+06
5.777628526978697628e+06
5.779846789629961364e+06
5.781960401985973120e+06
5.783559658684984781e+06
5.784510983345241286e+06
5.784836572557081468e+06
5.784488239398894832e+06
5.783749456762040034e+06
5.782996640006534755e+06
5.782487771308185533e+06
5.782434073982985690e+06
5.782970474485703744e+06
5.783908108312364668e+06
5.784703385773153976e+06
5.785217519983842038e+06
5.785218645810413174e+06
5.784380686143878847e+06
5.782701029148974456e+06
5.780448253586656414e+06
5.777963729479571804e+06
5.775722382844847627e+06
5.774259419212425128e+06
5.773785357114614919e+06
5.774423613666789606e+06
5.776020046574410051e+06
5.778383968747699633e+06
5.780870406215189956e+06
5.782895220150543377e+06
5.784371065177363344e+06
5.785035572937171906e+06
5.784784888921749778e+06
5.783904234779383056e+06
5.782769042339758947e+06
5.781782789413427003e+06
5.781334064126199111e+06
5.781774651428965852e+06
5.782862970786605030e+06
5.784150004765580408e+06
5.785476440680615604e+06
5.786356826953247190e+06
5.786369611549991183e+06
5.785305135330265388e+06
5.783253407393373549e+06
5.780633370712428354e+06
5.777850892235640436e+06
5.775657060073398054e+06
5.774462191651906818e+06
5.774266057176906615e+06
5.775358035491301678e+06
5.777482864324117079e+06
5.780068600747656077e+06
5.782508174906089902e+06
5.784484647451857105e+06
5.785430605873649940e+06
5.785341001295952126e+06
5.784331504509581253e+06
5.782911557321791537e+06
5.781358251963077113e+06
5.780274887627445161e+06
5.780161113436700776e+06
5.781014198519218713e+06
5.782541808606120758e+06
5.784387746134866029e+06
5.786213591529353522e+06
5.787219916000086814e+06
5.787027502291788347e+06
5.785601001234605908e+06
5.783354950445885770e+06
5.780391307127098553e+06
5.777683132021967322e+06
5.775669068134916015e+06
5.774770237898232415e+06
5.775188174329157919e+06
5.776924079980616458e+06
5.779420022101943381e+06
5.781980371576638892e+06
5.784263549430855550e+06
5.785710890103048645e+06
5.785973411467316560e+06
5.785142850465337746e+06
5.783570810156873427e+06
5.781633465159814805e+06
5.779953011619557627e+06
5.779157374859882519e+06
5.779397388832082041e+06
5.780484111507420428e+06
5.782556839069705456e+06
5.785010634687998332e+06
5.786886447823865339e+06
5.787736139813803136e+06
5.787356198861455545e+06
5.785735565096721984e+06
5.783246612224077806e+06
5.780544015824411996e+06
5.778169075970639475e+06
5.776591556603153236e+06
5.776253931644290686e+06
5.777280755993667990e+06
5.779332055224279873e+06
5.781686810028167441e+06
5.784186497688706033e+06
5.786046800111068413e+06
5.786745148939361796e+06
5.786168634699340910e+06
5.784698946523793973e+06
5.782487235985073261e+06
5.780229810003147461e+06
5.778694930221051909e+06
5.778120639776044525e+06
5.778605813715804368e+06
5.780242702663419768e+06
5.782727357142616995e+06
5.785167972624779679e+06
5.786951895637816750e+06
5.787635781449291855e+06
5.787086353575431742e+06
5.785412421948551200e+06
5.783126577773288824e+06
5.780823125771619380e+06
5.778903508612705395e+06
5.778061240447377786e+06
5.778889687317032367e+06
5.779822054237689823e+06
5.782026636137592606e+06
5.784338361508008093e+06
5.786347180285839364e+06
5.787288338667377830e+06
5.787135862312657759e+06
5.785853254998313263e+06
5.783732965973671526e+06
5.781136292105151340e+06
5.778891971493428573e+06
5.777427651678028516e+06
5.777031284878920764e+06
5.777858324635135941e+06
5.779949003553943709e+06
5.782457969040741213e+06
5.784786097052088007e+06
5.786376598661640659e+06
5.786795696599667892e+06
5.785939439432785846e+06
5.784476192346340977e+06
5.782680770007636398e+06
5.780827826600259170e+06
5.779658465702211484e+06
5.779574132386961952e+06
5.780434554672462866e+06
5.782073143705057912e+06
5.784111001502407715e+06
5.786052604036349803e+06
5.787333223158868961e+06
5.787558226155259646e+06
5.786624965645865537e+06
5.784752471272346564e+06
5.782133228218308650e+06
5.779568909091349691e+06
5.777485084487573244e+06
5.776259499287749641e+06
5.776162034705496393e+06
5.777477265446701087e+06
5.779546969132299535e+06
5.781867103324160911e+06
5.783844791059942916e+06
5.785189622100498527e+06
5.785404571599961258e+06
5.784899735605016351e+06
5.783661664238668047e+06
5.782381643731820397e+06
5.781153321003453806e+06
5.781389138474253938e+06
5.781256533999619074e+06
5.782551778896493837e+06
5.784142351341943257e+06
5.786013007061901502e+06
5.787345134692532010e+06
5.787913948400949128e+06
5.787464605604315177e+06
5.785918260474564508e+06
5.783522695411339402e+06
5.781022139820070006e+06
5.778752748174256645e+06
5.776892273639329709e+06
5.775995581754404120e+06
5.776298356310672127e+06
5.777561206408468075e+06
5.779303285764424130e+06
5.781225864372409880e+06
5.782863967615889385e+06
5.783833848808445968e+06
5.783970790052944794e+06
5.783595589572728612e+06
5.782826060946101323e+06
5.782029050705750473e+06
5.781862052077380009e+06
5.782200098747970536e+06
5.782931456403252669e+06
5.784153390768865123e+06
5.785661011958055198e+06
5.786904683390272781e+06
5.787691605691078119e+06
5.787651479647562839e+06
5.786641525697374716e+06
5.784918169531824067e+06
5.782784707412431017e+06
5.780472032729201019e+06
5.778400040301712230e+06
5.776867942348356359e+06
5.776306680175977759e+06
5.776677847633009776e+06
5.777674938058046624e+06
5.778942507233373821e+06
5.780392123713442124e+06
5.781608392627599649e+06
5.782512873365170322e+06
5.782829410070805810e+06
5.782737364652657881e+06
5.782581106420340948e+06
5.782593884052314796e+06
5.782854849536132999e+06
5.783332589482081123e+06
5.784186005531849340e+06
5.785230240703946911e+06
5.786225939497716725e+06
5.786959941787748598e+06
5.787220138627166860e+06
5.786737507378130220e+06
5.785550522550925612e+06
5.783891189589674585e+06
5.782151550001141615e+06
5.780171455532816239e+06
5.778449762850926258e+06
5.777309520877954550e+06
5.776757674178923480e+06
5.776720328981631435e+06
5.777232170927598141e+06
5.778085211085660383e+06
5.779149966580769047e+06
5.780324603192401119e+06
5.781221919167038985e+06
5.781718841036603786e+06
5.782150886050692759e+06
5.782552168208939023e+06
5.782978749574542046e+06
5.783374840215104632e+06
5.783945603458595462e+06
5.784587197668686509e+06
5.785321688423766755e+06
5.785951441661718301e+06
5.786274985663893633e+06
5.786169301202138886e+06
5.785668490640783682e+06
5.784771923685750924e+06
5.783552010284194723e+06
5.782010133610354736e+06
5.780455951538923196e+06
5.778989980358916335e+06
5.777819195962530561e+06
5.776909359769163653e+06
5.776578673339372501e+06
5.776641936101579107e+06
5.777227214731601067e+06
5.778068840136425570e+06
5.779206670845717192e+06
5.780132870062303729e+06
5.781265698223141022e+06
