3.343331986919393763e+07
3.343391699253069609e+07
3.343484049478050321e+07
3.343539153677252680e+07
3.343577748115653545e+07
3.343615047835619375e+07
3.343671702932202071e+07
3.343698006946624815e+07
3.343678390127009153e+07
3.343656784184248745e+07
3.343654854416408390e+07
3.343594512155060098e+07
3.343499157176199928e+07
3.343408295747096464e+07
3.343291105574442074e+07
3.343189357255206257e+07
3.343060668412515894e+07
3.342911003559654579e+07
3.342811005486552417e+07
3.342740767929582298e+07
3.342728704507108033e+07
3.342770941521491855e+07
3.342865742830024660e+07
3.342986476172456145e+07
3.343132019747019932e+07
3.343259270258815959e+07
3.343389562993050739e+07
3.343509339617672935e+07
3.343563500670401379e+07
3.343530673491060361e+07
3.343486342274514586e+07
3.343432357458489761e+07
3.343400235930354148e+07
3.343389755179438367e+07
3.343387063219194859e+07
3.343379793063667417e+07
3.343364733156509697e+07
3.343340258136525750e+07
3.343290536101682857e+07
3.343194799018254504e+07
3.343056301743885502e+07
3.342897148560788110e+07
3.342747311040421575e+07
3.342639243778583035e+07
3.342587495038219914e+07
3.342599544590625539e+07
3.342685964564199746e+07
3.342834090783543140e+07
3.343027141159911826e+07
3.343237023524409533e+07
3.343431380262833461e+07
3.343575289500847086e+07
3.343631520823306218e+07
3.343611043194653094e+07
3.343562907761643827e+07
3.343525160290244222e+07
3.343473772863989323e+07
3.343434468170795590e+07
3.343439568415866420e+07
3.343480492544735596e+07
3.343529979013023898e+07
3.343541693303484097e+07
3.343529290887711197e+07
3.343485916124964505e+07
3.343359339991328865e+07
3.343150814527778327e+07
3.342917455453427881e+07
3.342723515747810900e+07
3.342596211663847044e+07
3.342564621080283821e+07
3.342589785884437710e+07
3.342707777925100923e+07
3.342907706779594719e+07
3.343119897351640463e+07
3.343321479035994411e+07
3.343448292964059487e+07
3.343510448947300389e+07
3.343504551017590240e+07
3.343447005801964924e+07
3.343391526051864028e+07
3.343353712238203734e+07
3.343328661734066159e+07
3.343343322872899473e+07
3.343384239891916886e+07
3.343463678872789070e+07
3.343545555923746154e+07
3.343583886726533622e+07
3.343567404794814810e+07
3.343499377579348907e+07
3.343356992983172089e+07
3.343133558825288713e+07
3.342881291032350808e+07
3.342669465539829433e+07
3.342504516147301346e+07
3.342457720434616879e+07
3.342546348575072736e+07
3.342733904139300436e+07
3.342973542527158558e+07
3.343204838684366271e+07
3.343399062175963819e+07
3.343536700494514778e+07
3.343567413816092163e+07
3.343493996091904119e+07
3.343381481851456687e+07
3.343249155171214417e+07
3.343173465201321617e+07
3.343184582961383834e+07
3.343234906748535112e+07
3.343311904294832051e+07
3.343435299854578078e+07
3.343559470398494229e+07
3.343623198861055821e+07
3.343603175779561698e+07
3.343466089661122859e+07
3.343231705435356125e+07
3.342969247030852735e+07
3.342736439799756929e+07
3.342564579794197157e+07
3.342478504772065580e+07
3.342519475393010303e+07
3.342646378377342224e+07
3.342862111625016108e+07
3.343113647445359454e+07
3.343359234099998325e+07
3.343538130877414346e+07
3.343596686805491894e+07
3.343564484081928432e+07
3.343477401828326285e+07
3.343314934180329740e+07
3.343142238042589650e+07
3.343054738176198304e+07
3.343092587180291861e+07
3.343211216772506014e+07
3.343384021088220179e+07
3.343565346976008639e+07
3.343707236118815094e+07
3.343779079970988631e+07
3.343734927948515862e+07
3.343584209405456856e+07
3.343348297639948875e+07
3.343067432823751867e+07
3.342802251087636501e+07
3.342610303110732138e+07
3.342543994265066460e+07
3.342610538869680092e+07
3.342806668275262788e+07
3.343062674394263700e+07
3.343312146081273630e+07
3.343515325606127083e+07
3.343614437063700706e+07
3.343597495023015887e+07
3.343494332374447212e+07
3.343338801637208462e+07
3.343171952923418581e+07
3.343065259914930910e+07
3.343030664829554036e+07
3.343089525060128793e+07
3.343252679880959913e+07
3.343486908505919948e+07
3.343709738441611454e+07
3.343852397948772833e+07
3.343881487657668814e+07
3.343797533484950289e+07
3.343613380758134276e+07
3.343357329230256751e+07
3.343122293477603421e+07
3.342925624728044868e+07
3.342785838248144090e+07
3.342747000897220895e+07
3.342850008100812510e+07
3.343054078945843130e+07
3.343289270791928470e+07
3.343510452931414172e+07
3.343652975943541154e+07
3.343664283662122861e+07
3.343596515745466575e+07
3.343451037405727431e+07
3.343282214077419043e+07
3.343096534635851905e+07
3.342985776304503903e+07
3.342987126206952333e+07
3.343118257814544067e+07
3.343318576586514711e+07
3.343536585916836560e+07
3.343710435408544540e+07
3.343840097874272615e+07
3.343874099756369740e+07
3.343796651056267694e+07
3.343639356502996013e+07
3.343458872412398085e+07
3.343227078494889662e+07
3.343078821885716543e+07
3.343088670738996938e+07
3.343068447185246274e+07
3.343194057749700919e+07
3.343395107116064057e+07
3.343621447809676826e+07
3.343772270646352693e+07
3.343828973386783153e+07
3.343776803994905576e+07
3.343627139300508425e+07
3.343401814875539020e+07
3.343192595615214109e+07
3.343017343677048013e+07
3.342908448378299549e+07
3.342933040389305726e+07
3.343084004233203828e+07
3.343274505985900760e+07
3.343481394437769428e+07
3.343671179165435210e+07
3.343782212633519247e+07
3.343766794826580584e+07
3.343666644880385697e+07
3.343536268961745128e+07
3.343373279159495980e+07
3.343236609990603849e+07
3.343176601483983546e+07
3.343196424100396037e+07
3.343307982819508389e+07
3.343458707900840044e+07
3.343620766140946746e+07
3.343784449162344635e+07
3.343865035595805198e+07
3.343844989088292047e+07
3.343734485216952115e+07
3.343554056538766250e+07
3.343321216564390063e+07
3.343094952320565656e+07
3.342927048463184014e+07
3.342880899707657471e+07
3.342936381650092453e+07
3.343069427621084079e+07
3.343231214935530350e+07
3.343434819693623856e+07
3.343594848812548816e+07
3.343672350817535445e+07
3.343672487594627962e+07
3.343603469256227836e+07
3.343512548759093136e+07
3.343405321389752626e+07
3.343408700013508648e+07
3.343316983558962867e+07
3.343439381852495298e+07
3.343586801240915433e+07
3.343741550343386084e+07
3.343859339453428611e+07
3.343952732515913621e+07
3.343971603882126883e+07
3.343888144891924784e+07
3.343706280317514390e+07
3.343514034606103972e+07
3.343321685988526419e+07
3.343132084611794353e+07
3.342995673144953325e+07
3.342987677474182472e+07
3.343063937459303066e+07
3.343177123607531562e+07
3.343305897656146809e+07
3.343461456405783817e+07
3.343585129547720030e+07
3.343632013318297267e+07
3.343612881208462268e+07
3.343551076420711726e+07
3.343503599995135888e+07
3.343477885151541978e+07
3.343509147707011551e+07
3.343571537545883283e+07
3.343652155625421181e+07
3.343762646699657291e+07
3.343892656721508130e+07
3.344007537379556522e+07
3.344047457987283543e+07
3.343987574085637927e+07
3.343843006027819589e+07
3.343648535422315449e+07
3.343437540328642353e+07
3.343232648002143577e+07
3.343085980228018761e+07
3.342999976698977128e+07
3.342990344478330761e+07
3.343040877283554897e+07
3.343151890988149121e+07
3.343315574679172412e+07
3.343487116402599961e+07
3.343639809867500514e+07
3.343728970870161057e+07
3.343750589486431330e+07
3.343734483681937307e+07
3.343716211284470931e+07
3.343701997296065465e+07
3.343689119960248098e+07
3.343734536578090116e+07
3.343818346507730335e+07
3.343902371131017059e+07
3.343969111203169823e+07
3.344006743215597421e+07
3.343978460060649738e+07
3.343893863228580728e+07
3.343768033085385710e+07
3.343620438383094594e+07
3.343481788917842880e+07
3.343339317729887366e+07
3.343244593200022355e+07
3.343200146454085037e+07
3.343172683688205853e+07
3.343177585850832611e+07
3.343197134787825495e+07
3.343252782020642981e+07
3.343337604640326276e+07
3.343427444168112800e+07
3.343494438408675417e+07
3.343558466092383862e+07
3.343619244894003123e+07
3.343705314597198740e+07
3.343777629369643331e+07
3.343805128998996690e+07
3.343837204689509049e+07
3.343888629175638035e+07
3.343938302443251386e+07
3.343961438877555355e+07
3.343940694176683202e+07
3.343902654767026380e+07
3.343824334288421646e+07
3.343735366119730845e+07
3.343656138352058083e+07
3.343580458920681104e+07
3.343463891758269072e+07
3.343325898080414161e+07
3.343202346679523587e+07
3.343127651613448933e+07
3.343097199333691597e+07
3.343148840451889858e+07
3.343193241714990139e+07
3.343261603369596973e+07
3.343324932335786149e+07
3.343456235096896812e+07
