1.747759557643053308e+07
1.747530377215868235e+07
1.747652136692529544e+07
1.747642852203088254e+07
1.747711847989328206e+07
1.747721402108379826e+07
1.747789176742398366e+07
1.747812505736559629e+07
1.747879129968183860e+07
1.747893795451429114e+07
1.747922042591255158e+07
1.747891436039073020e+07
1.747826912573891506e+07
1.747722928033005074e+07
1.747615793394974247e+07
1.747471683573881537e+07
1.747377633411173895e+07
1.747292178911125660e+07
1.747255446314908937e+07
1.747264461703648791e+07
1.747340735772954300e+07
1.747419141616522521e+07
1.747546338087160513e+07
1.747682678639404848e+07
1.747813924718796834e+07
1.747923604873320460e+07
1.748007726374612376e+07
1.748078724799743295e+07
1.748131286632204056e+07
1.748137922161182389e+07
1.748149769910212234e+07
1.748143529100153968e+07
1.748146640704604983e+07
1.748152739237665385e+07
1.748155246187639609e+07
1.748104050390918180e+07
1.748028356034977734e+07
1.747952012427620962e+07
1.747869128753156215e+07
1.747754498160601407e+07
1.747631325072516501e+07
1.747519817347994074e+07
1.747415381796218455e+07
1.747379624858053401e+07
1.747405312878953665e+07
1.747439814453437179e+07
1.747528170701149106e+07
1.747658985315359756e+07
1.747803781413424388e+07
1.747908631477895379e+07
1.747988669208201766e+07
1.748017313903203234e+07
1.748003906191600487e+07
1.747962904706430063e+07
1.747907266721728817e+07
1.747859837214090303e+07
1.747831152248590440e+07
1.747825118911072984e+07
1.747857818828989938e+07
1.747890759295374900e+07
1.747874913236118481e+07
1.747836112281018868e+07
1.747768962102422863e+07
1.747631288153921813e+07
1.747453417067748681e+07
1.747259868197055906e+07
1.747074606134102494e+07
1.746946279986180738e+07
1.746899931005781144e+07
1.746932280945334956e+07
1.747051202798373252e+07
1.747239258829653263e+07
1.747460008422019333e+07
1.747665387574841827e+07
1.747817899406850338e+07
1.747919164927967638e+07
1.747953892117409408e+07
1.747929069501808286e+07
1.747875522177397832e+07
1.747817079753277078e+07
1.747785126137291640e+07
1.747788702114528045e+07
1.747846310737917945e+07
1.747937710983411595e+07
1.748026996460624039e+07
1.748093958824438974e+07
1.748115852473798022e+07
1.748051576005668566e+07
1.747895980720108002e+07
1.747689768421995640e+07
1.747472674538086727e+07
1.747286801826957241e+07
1.747185017074007913e+07
1.747179802006235346e+07
1.747257444622565061e+07
1.747437421242096275e+07
1.747678021109097451e+07
1.747925846181441844e+07
1.748118989800379053e+07
1.748259571870548278e+07
1.748323235150710493e+07
1.748302396870904788e+07
1.748225412430955470e+07
1.748122251872109994e+07
1.748038435057348385e+07
1.748015308124071360e+07
1.748074180657467246e+07
1.748183694668296352e+07
1.748307240215583146e+07
1.748435976411973685e+07
1.748520218792024255e+07
1.748519547175046429e+07
1.748415855140333995e+07
1.748232937842814624e+07
1.747994916094092652e+07
1.747748451712439209e+07
1.747565348644294217e+07
1.747478094757278636e+07
1.747493234038578346e+07
1.747638285654143244e+07
1.747870080596161261e+07
1.748142433225858584e+07
1.748382936283109710e+07
1.748570391014851257e+07
1.748651305595953017e+07
1.748626821619845554e+07
1.748527388161050156e+07
1.748390437309399247e+07
1.748247122462337837e+07
1.748165248137019202e+07
1.748181610250697657e+07
1.748293420191483200e+07
1.748456242139191180e+07
1.748657853634942695e+07
1.748833298483595625e+07
1.748937351548455283e+07
1.748894285040254146e+07
1.748718210073785484e+07
1.748453980972835422e+07
1.748151445660793409e+07
1.747885190798066556e+07
1.747712721554829925e+07
1.747626433574980870e+07
1.747661103117446601e+07
1.747817166777015105e+07
1.748033557913452387e+07
1.748237082725567743e+07
1.748410167125721648e+07
1.748493769724219665e+07
1.748482302759301290e+07
1.748378165790921822e+07
1.748223776446393132e+07
1.748045587309858948e+07
1.747912844438427314e+07
1.747877569051961228e+07
1.747943290180099383e+07
1.748084271075603738e+07
1.748314995748904347e+07
1.748561866746457294e+07
1.748755236542514339e+07
1.748829876474223658e+07
1.748794139820225164e+07
1.748630371048186347e+07
1.748390727355922759e+07
1.748126618058547750e+07
1.747906552889705449e+07
1.747768073375822976e+07
1.747747471059719473e+07
1.747860340334829688e+07
1.748065289202667400e+07
1.748274042780194059e+07
1.748499550764208287e+07
1.748650108166778460e+07
1.748688988928898424e+07
1.748618815761635080e+07
1.748495550282004848e+07
1.748293469381017610e+07
1.748114511542536318e+07
1.747996805164103210e+07
1.747981287209514156e+07
1.748053414193115011e+07
1.748233857050772011e+07
1.748484508625473827e+07
1.748738681450537965e+07
1.748868969309879839e+07
1.748893598506115004e+07
1.748795395329857245e+07
1.748619492150719836e+07
1.748374383657450229e+07
1.748163099625154585e+07
1.747963773643050715e+07
1.747932608742256463e+07
1.748059138745447248e+07
1.748083635210804641e+07
1.748316173485110328e+07
1.748524433758121356e+07
1.748692842384711653e+07
1.748753262551943958e+07
1.748710582673100755e+07
1.748550438673729077e+07
1.748328202608479559e+07
1.748076121638171375e+07
1.747876149598973244e+07
1.747761921237274632e+07
1.747725261398057267e+07
1.747816713905942813e+07
1.748023522801471129e+07
1.748269394756512716e+07
1.748490520277597010e+07
1.748645019486454502e+07
1.748669085425680503e+07
1.748591817881933600e+07
1.748456295774672180e+07
1.748293005363170803e+07
1.748124298999546841e+07
1.748045911174026504e+07
1.748068012957163528e+07
1.748191201196186617e+07
1.748359746889477223e+07
1.748587210993878916e+07
1.748792436007380113e+07
1.748937906122655421e+07
1.748962618135436252e+07
1.748888576207368448e+07
1.748695904442274570e+07
1.748465571965418383e+07
1.748222446881893650e+07
1.748043623665491492e+07
1.747935973393647000e+07
1.747979233419353142e+07
1.748111355626533926e+07
1.748339926138824224e+07
1.748549978290240839e+07
1.748758606924579293e+07
1.748828777531721443e+07
1.748842088505388424e+07
1.748735509595895931e+07
1.748664556730020046e+07
1.748473165977358446e+07
1.748464773834359646e+07
1.747846964419839531e+07
1.748559875308347866e+07
1.748548537679248676e+07
1.748826187714648992e+07
1.748957073520601541e+07
1.749159476882864162e+07
1.749179859586611763e+07
1.749165394814920798e+07
1.748983770169680193e+07
1.748786667919992656e+07
1.748533941227300465e+07
1.748350996658740565e+07
1.748171604270164669e+07
1.748128552394068986e+07
1.748177246830213442e+07
1.748340497648065910e+07
1.748521506595743075e+07
1.748745666133797914e+07
1.748903139185994118e+07
1.749008607753122970e+07
1.749012965063874051e+07
1.748984246237672865e+07
1.748900691210554168e+07
1.748819479923211038e+07
1.748796945113402978e+07
1.748846385127539560e+07
1.748920769374522567e+07
1.749054826071580127e+07
1.749199778876411542e+07
1.749334137698454410e+07
1.749430160247969627e+07
1.749454269341792539e+07
1.749361935707797110e+07
1.749213492671402171e+07
1.749017442802120373e+07
1.748804980894403160e+07
1.748616975235673040e+07
1.748490926347131282e+07
1.748462314858198911e+07
1.748529445140728727e+07
1.748637475018583611e+07
1.748720147711430863e+07
1.748815239378155023e+07
1.748908292524792999e+07
1.748941988221469149e+07
1.748905111274705455e+07
1.748846292324385047e+07
1.748797335398520529e+07
1.748773306408693641e+07
1.748769284229089692e+07
1.748803446738628298e+07
1.748873223395904526e+07
1.748981057078026235e+07
1.749089372079576179e+07
1.749174541572142392e+07
1.749196075009360537e+07
1.749146333418918774e+07
1.749020224743122235e+07
1.748891704029064998e+07
1.748756197422214597e+07
1.748611656312048808e+07
1.748479354570079967e+07
1.748408300381791964e+07
1.748342329199617356e+07
1.748331967537717521e+07
1.748362578660093248e+07
1.748434468225148320e+07
1.748512979111955315e+07
1.748616822727106139e+07
1.748682048042508960e+07
1.748726114124002680e+07
1.748752253518148884e+07
1.748794651977726445e+07
1.748820465960213169e+07
1.748867824969215319e+07
1.748925165990517288e+07
1.749014843014352769e+07
1.749085088805672154e+07
1.749159928781147674e+07
1.749172421491914243e+07
1.749172184345928580e+07
1.749103731063565239e+07
1.749023375803253800e+07
1.748861917252391204e+07
1.748721643902551755e+07
1.748552526793133840e+07
1.748432163514801115e+07
1.748283999766043574e+07
1.748207954735787585e+07
1.748122836276127398e+07
1.748171622667464986e+07
1.748200013632302731e+07
1.748314528555869684e+07
1.747964339628777280e+07
1.747736192283023521e+07
1.747348820422577485e+07
