2.479535080472153425e+07
2.479409276905673742e+07
2.479565799399726093e+07
2.479606866516074911e+07
2.479711222445427999e+07
2.479757516498383880e+07
2.479835765482084081e+07
2.479851437955358252e+07
2.479878873817526177e+07
2.479847908012462407e+07
2.479814227119234577e+07
2.479718332588082552e+07
2.479617353460440785e+07
2.479498234416070953e+07
2.479391507471938804e+07
2.479283711600169539e+07
2.479199458044799417e+07
2.479125218692691997e+07
2.479103460219664872e+07
2.479128875305703282e+07
2.479220158617836982e+07
2.479311061243319511e+07
2.479416524526009709e+07
2.479534427694581449e+07
2.479648474249580130e+07
2.479733027047102153e+07
2.479794589818064496e+07
2.479850344382547215e+07
2.479893177710620686e+07
2.479909794357085600e+07
2.479922369101237133e+07
2.479920172158225626e+07
2.479916373698678240e+07
2.479912163141752034e+07
2.479901717077738047e+07
2.479855087189044058e+07
2.479792634117659926e+07
2.479712731223814934e+07
2.479603358502782509e+07
2.479476938843009621e+07
2.479352703796755895e+07
2.479240087801206484e+07
2.479164236045983434e+07
2.479138985617877170e+07
2.479174622653819993e+07
2.479258896460735425e+07
2.479386534349337220e+07
2.479539195801651850e+07
2.479688298321482912e+07
2.479811896091612056e+07
2.479910463428920135e+07
2.479964436185415462e+07
2.479976328308006749e+07
2.479963210143387690e+07
2.479945680642744154e+07
2.479954543162972108e+07
2.480000047136588767e+07
2.480053993425045162e+07
2.480095163742814958e+07
2.480103643100530282e+07
2.480068328787155077e+07
2.480004906464627758e+07
2.479914325076372176e+07
2.479790316336473450e+07
2.479628251369277760e+07
2.479452354524750262e+07
2.479296582151015848e+07
2.479197803603513166e+07
2.479175762410577014e+07
2.479241866983236745e+07
2.479354179034480825e+07
2.479526588224442303e+07
2.479724838465644047e+07
2.479910276324177533e+07
2.480033015606830269e+07
2.480095821939468384e+07
2.480114298612180725e+07
2.480087728822943568e+07
2.480025604312131554e+07
2.479962890414547920e+07
2.479933593747058883e+07
2.479936438416095078e+07
2.479980377593423054e+07
2.480042419473513216e+07
2.480088999282966927e+07
2.480105890580474585e+07
2.480068860007923841e+07
2.479956133040416986e+07
2.479782481967300177e+07
2.479573770853182301e+07
2.479355833081259206e+07
2.479165580072672665e+07
2.479056282466796786e+07
2.479034533230286837e+07
2.479110370492579415e+07
2.479273187381071225e+07
2.479497147745877504e+07
2.479717002142398059e+07
2.479881997455097362e+07
2.479998632912512869e+07
2.480024693298755959e+07
2.479975033446822315e+07
2.479887808503719047e+07
2.479794801409589499e+07
2.479728861924281716e+07
2.479713452155442536e+07
2.479762214992969483e+07
2.479859912505730242e+07
2.479962741273234785e+07
2.480061306006678939e+07
2.480104006739516184e+07
2.480067086222689226e+07
2.479937913767151535e+07
2.479743522596694157e+07
2.479516468126872927e+07
2.479289563397023454e+07
2.479128551420300081e+07
2.479058206726260856e+07
2.479086379498190060e+07
2.479226689868818223e+07
2.479432436351232976e+07
2.479655663029390946e+07
2.479845080032268167e+07
2.479998685883625597e+07
2.480058284894958884e+07
2.480033453252695873e+07
2.479934501535855234e+07
2.479811626695225015e+07
2.479695298654194921e+07
2.479641394808863848e+07
2.479674100372501463e+07
2.479788256283652782e+07
2.479944044531980157e+07
2.480120875111233443e+07
2.480258504260161147e+07
2.480311895938265696e+07
2.480254249897750840e+07
2.480098520396472514e+07
2.479890209731492400e+07
2.479662419344136491e+07
2.479470806372278929e+07
2.479352461903395131e+07
2.479327673504523560e+07
2.479423202155527845e+07
2.479601000246462971e+07
2.479826269736565650e+07
2.480030585357639939e+07
2.480206533279959485e+07
2.480262228773308173e+07
2.480223203972141072e+07
2.480084764486976713e+07
2.479906422154720873e+07
2.479730488164449111e+07
2.479619894458440691e+07
2.479594164143489301e+07
2.479655707139708474e+07
2.479790764567093179e+07
2.479988820556975529e+07
2.480189093919178843e+07
2.480326012957676873e+07
2.480363282479691878e+07
2.480295067464994267e+07
2.480125029591072723e+07
2.479896301253352314e+07
2.479677138721250370e+07
2.479528773473028839e+07
2.479457025682505593e+07
2.479513932927497104e+07
2.479687237941909581e+07
2.479935274642705545e+07
2.480176600980610773e+07
2.480395461132009700e+07
2.480521776277023926e+07
2.480542104540108889e+07
2.480447795508590341e+07
2.480291235165624693e+07
2.480075724778791517e+07
2.479889219067690149e+07
2.479778335813347250e+07
2.479761355264694244e+07
2.479840116358909756e+07
2.480025736399618164e+07
2.480261989662244171e+07
2.480477378122143820e+07
2.480598744309292734e+07
2.480618787145347521e+07
2.480512754471426457e+07
2.480334252041490003e+07
2.480107547916623950e+07
2.479916432788480818e+07
2.479760056169213355e+07
2.479748719751115888e+07
2.479866138821764663e+07
2.479944308046108857e+07
2.480165602048144117e+07
2.480355560831941664e+07
2.480487949622267857e+07
2.480504374814988673e+07
2.480424511367252842e+07
2.480254564911216870e+07
2.480027097461731732e+07
2.479793146483400464e+07
2.479623369445189089e+07
2.479526790672625601e+07
2.479516594683875889e+07
2.479619038042363897e+07
2.479799367082120851e+07
2.480012657912141457e+07
2.480221738347311690e+07
2.480375603034408018e+07
2.480406490004945546e+07
2.480330271899164841e+07
2.480206639983701706e+07
2.480071888677160814e+07
2.479956110207322240e+07
2.479915716598788649e+07
2.479968188315244764e+07
2.480105538848346099e+07
2.480240549420828000e+07
2.480402452091820911e+07
2.480526732469968125e+07
2.480616502810132131e+07
2.480612004991473630e+07
2.480532302472126856e+07
2.480336511981464550e+07
2.480111903775574267e+07
2.479910823000260815e+07
2.479775103853243589e+07
2.479686247025397047e+07
2.479721543743946403e+07
2.479839723518313468e+07
2.480050087238556892e+07
2.480234730492500961e+07
2.480388952758101746e+07
2.480439354350031912e+07
2.480439435875792056e+07
2.480325213701978326e+07
2.480230552156533673e+07
2.480064984446730465e+07
2.480075184656127915e+07
2.479396561639837176e+07
2.480244544534363598e+07
2.480208369174660370e+07
2.480504933308809623e+07
2.480599825125637278e+07
2.480776446268536523e+07
2.480737297159008309e+07
2.480658651020356640e+07
2.480414310123320669e+07
2.480175044407169893e+07
2.479896710742812231e+07
2.479729606398320198e+07
2.479567676770811900e+07
2.479524929258367792e+07
2.479567178457360715e+07
2.479718628110461682e+07
2.479861966536476091e+07
2.480043565688002110e+07
2.480159547694894671e+07
2.480185945592733473e+07
2.480117862901233509e+07
2.480026206233381107e+07
2.479903060956043005e+07
2.479821433677271381e+07
2.479797744657042250e+07
2.479842714146880060e+07
2.479932072459154576e+07
2.480086605875543877e+07
2.480237636276451498e+07
2.480356232422980666e+07
2.480374764462968707e+07
2.480319916553064808e+07
2.480179058301449195e+07
2.479980016220949963e+07
2.479748073633106425e+07
2.479506608387428150e+07
2.479279960849133879e+07
2.479135973188256845e+07
2.479082154156269506e+07
2.479134320188950747e+07
2.479260654770722240e+07
2.479426145809725672e+07
2.479575337714570016e+07
2.479702731881314144e+07
2.479801754004163295e+07
2.479825148660240322e+07
2.479776897111056000e+07
2.479708824425239488e+07
2.479670232197986171e+07
2.479658697581548616e+07
2.479687023459004611e+07
2.479754159081901982e+07
2.479858492061822489e+07
2.479949476849131659e+07
2.480011049456901103e+07
2.480013166264271736e+07
2.479961559145495296e+07
2.479797671077188849e+07
2.479542325512988120e+07
2.479282584412812814e+07
2.479045288883867860e+07
2.478839855530891195e+07
2.478695114250171557e+07
2.478622812776716799e+07
2.478631291857581958e+07
2.478686035460453108e+07
2.478797493901881576e+07
2.478904612636778876e+07
2.479006119975569099e+07
2.479039169186482206e+07
2.479064359202642366e+07
2.479082085737660527e+07
2.479119743739008158e+07
2.479166262522721663e+07
2.479260675487336144e+07
2.479332537236963958e+07
2.479401486413468048e+07
2.479422874276534840e+07
2.479438055061539263e+07
2.479395948439276218e+07
2.479355136187206581e+07
2.479243713042649627e+07
2.479117017997117713e+07
2.478941530842553452e+07
2.478812322890028730e+07
2.478665995663628727e+07
2.478573945997774974e+07
2.478451874214361981e+07
2.478409214670607448e+07
2.478359014836822823e+07
2.478403107595270500e+07
2.478383592938432097e+07
2.478525309900147468e+07
2.478553636203235015e+07
2.478724918606847525e+07
2.478588521802494675e+07
