2.873626469316982850e+07
2.873742215464676172e+07
2.873775806716543436e+07
2.873843664401518181e+07
2.873890857378639281e+07
2.873936926455513760e+07
2.873971625554296002e+07
2.873979834650505707e+07
2.873963994897582382e+07
2.873930850963284075e+07
2.873874310095816106e+07
2.873789363095996529e+07
2.873684911890174821e+07
2.873585635378188640e+07
2.873481918968605623e+07
2.873390689383677021e+07
2.873318129456201196e+07
2.873281597188713029e+07
2.873270602225815505e+07
2.873312041615580022e+07
2.873397121495465189e+07
2.873488327037552744e+07
2.873593748405328766e+07
2.873717969836678728e+07
2.873834723049796000e+07
2.873920612772352621e+07
2.873977119640288875e+07
2.874016456623462960e+07
2.874045397852079943e+07
2.874049880767280981e+07
2.874057658892148361e+07
2.874059958098993078e+07
2.874061230367244780e+07
2.874061009763761610e+07
2.874054109060797095e+07
2.874009961449544877e+07
2.873928505323508382e+07
2.873824243371939287e+07
2.873692527984836698e+07
2.873535032133829221e+07
2.873378414731333032e+07
2.873253313281170279e+07
2.873159445854480937e+07
2.873114763961963728e+07
2.873145565993718058e+07
2.873220890429466218e+07
2.873345419349818304e+07
2.873497158673842624e+07
2.873645617240754515e+07
2.873767011118545756e+07
2.873852840963330492e+07
2.873893797330832481e+07
2.873902628446961194e+07
2.873884868839353323e+07
2.873854119440310448e+07
2.873820816176645085e+07
2.873809621385740116e+07
2.873822127639806271e+07
2.873851981096367911e+07
2.873866286464947835e+07
2.873832720864709467e+07
2.873769945268100128e+07
2.873669992839349061e+07
2.873507988816544786e+07
2.873311854261887446e+07
2.873118110765846446e+07
2.872944680204232037e+07
2.872831381591023132e+07
2.872805764666356891e+07
2.872864267790072784e+07
2.872985571230640635e+07
2.873168458302799240e+07
2.873374862496902794e+07
2.873553447715067118e+07
2.873679563348162919e+07
2.873752440356763452e+07
2.873771286597234011e+07
2.873740384208256006e+07
2.873687948797040060e+07
2.873638282525002584e+07
2.873616372850368917e+07
2.873635778696971014e+07
2.873698198100480065e+07
2.873779454415172711e+07
2.873831888419555500e+07
2.873845823073292151e+07
2.873808485704559460e+07
2.873693377073919773e+07
2.873507895205250382e+07
2.873301624234932661e+07
2.873103617227123678e+07
2.872939710885166377e+07
2.872864015547397360e+07
2.872880998705338314e+07
2.872976047917536646e+07
2.873161174870236963e+07
2.873374663133033738e+07
2.873590692162327841e+07
2.873755264991292357e+07
2.873858324411530420e+07
2.873896103352551907e+07
2.873869124897171557e+07
2.873783818743314967e+07
2.873674224163994938e+07
2.873599120939416811e+07
2.873583212778750435e+07
2.873644452768658102e+07
2.873753160631636530e+07
2.873879421580116078e+07
2.873984935967172682e+07
2.874036440844459832e+07
2.873985950327230245e+07
2.873866218097354472e+07
2.873666510079139844e+07
2.873411689655692875e+07
2.873162106396906823e+07
2.872995995589367673e+07
2.872917471473276615e+07
2.872952060291508585e+07
2.873096999418627471e+07
2.873307311667350307e+07
2.873547111527096108e+07
2.873748609600717574e+07
2.873885559401577711e+07
2.873920394634129480e+07
2.873866714117605612e+07
2.873749176183164865e+07
2.873614171392171830e+07
2.873498989835174009e+07
2.873435945448432118e+07
2.873476496060786396e+07
2.873592839276289567e+07
2.873745052140491828e+07
2.873913557998239249e+07
2.874040439171008766e+07
2.874077566017004475e+07
2.874003316194528714e+07
2.873830090968853608e+07
2.873577226750988141e+07
2.873311679126646370e+07
2.873113896352716908e+07
2.872988252944302559e+07
2.872964225623565167e+07
2.873038424235348776e+07
2.873215720082224905e+07
2.873436026205752790e+07
2.873642015025016665e+07
2.873820948751609027e+07
2.873896466315488145e+07
2.873878647784103826e+07
2.873770667656188086e+07
2.873609651888848841e+07
2.873441427345766127e+07
2.873315410677868128e+07
2.873275077673916146e+07
2.873307967529540136e+07
2.873422749289432168e+07
2.873609171939843893e+07
2.873810793035176024e+07
2.873944896485780180e+07
2.873967922917718440e+07
2.873880360101800039e+07
2.873696602180253714e+07
2.873448574675136060e+07
2.873207255415297672e+07
2.873031080638144165e+07
2.872938148455614224e+07
2.872954529567992687e+07
2.873098152816395462e+07
2.873311226426976919e+07
2.873538981508998945e+07
2.873751141528616473e+07
2.873890198988294229e+07
2.873917045462837815e+07
2.873821406302024424e+07
2.873661489492070302e+07
2.873452900157386437e+07
2.873284453617430478e+07
2.873206640082568675e+07
2.873199719623372704e+07
2.873301928078948334e+07
2.873493672537739202e+07
2.873726674376232922e+07
2.873954543623763695e+07
2.874087119055204093e+07
2.874108728330149129e+07
2.874015043168129772e+07
2.873825799681640044e+07
2.873615858044536784e+07
2.873404315195975080e+07
2.873253970757394284e+07
2.873218744089492783e+07
2.873317087446611375e+07
2.873452744239473715e+07
2.873689077258584648e+07
2.873883269630276784e+07
2.874022088277427852e+07
2.874050923431844637e+07
2.873981262659560144e+07
2.873824473261000216e+07
2.873618973835572973e+07
2.873393141375661641e+07
2.873236874607506767e+07
2.873154267401633039e+07
2.873170989714818075e+07
2.873289183956388757e+07
2.873489962814316899e+07
2.873715853626640514e+07
2.873907272809208184e+07
2.874013232859617099e+07
2.874031340930615738e+07
2.873901367177440971e+07
2.873760201261222363e+07
2.873597533671974018e+07
2.873454166569745541e+07
2.873392789224620908e+07
2.873421823897988349e+07
2.873517419061375782e+07
2.873677787854751199e+07
2.873868406036104634e+07
2.874022675513154268e+07
2.874109798601409048e+07
2.874084499920169637e+07
2.873959655439568684e+07
2.873735744995579869e+07
2.873475662453588098e+07
2.873251573105677590e+07
2.873094444549456984e+07
2.873022539420612156e+07
2.873041106670612842e+07
2.873187516799059138e+07
2.873409226938874274e+07
2.873645082416206971e+07
2.873801882988036796e+07
2.873886257330831140e+07
2.873862581088060141e+07
2.873782043122427538e+07
2.873639917607308552e+07
2.873513229572263733e+07
2.873411354465831071e+07
2.873441513132087141e+07
2.873526661566672102e+07
2.873667288001296669e+07
2.873853400651003793e+07
2.874014569210256264e+07
2.874111052856304124e+07
2.874141442562981695e+07
2.874063382163162157e+07
2.873876446379840374e+07
2.873618204104400054e+07
2.873378794689294696e+07
2.873183753876431659e+07
2.873048517394920066e+07
2.873007388426949456e+07
2.873076256787323952e+07
2.873233387897523493e+07
2.873414657006227970e+07
2.873604196557657048e+07
2.873733177165541798e+07
2.873795287030775473e+07
2.873778318667031452e+07
2.873702118156424910e+07
2.873609151802744344e+07
2.873532811357030272e+07
2.873534753081968054e+07
2.873584127293870226e+07
2.873681905540106073e+07
2.873823204128391668e+07
2.873986443578280881e+07
2.874113205176756904e+07
2.874187411892981082e+07
2.874143868653308600e+07
2.874008182416182384e+07
2.873798415393131971e+07
2.873556511513862759e+07
2.873329237429813668e+07
2.873158003454296663e+07
2.873055104939940199e+07
2.873060349487029761e+07
2.873126976642080024e+07
2.873239983286145329e+07
2.873388124627977237e+07
2.873529907744288445e+07
2.873626100408712029e+07
2.873703191107651591e+07
2.873721757703546062e+07
2.873709588064640760e+07
2.873704792192712054e+07
2.873732204239122942e+07
2.873778192697840184e+07
2.873837715024793521e+07
2.873925528780243918e+07
2.874022587644755095e+07
2.874108125985695794e+07
2.874149116786860302e+07
2.874132191550719365e+07
2.874042577285983413e+07
2.873904559449563175e+07
2.873735405223510787e+07
2.873564150865572691e+07
2.873381532895727083e+07
2.873226583276486397e+07
2.873132781792774424e+07
2.873092883007874712e+07
2.873102480658937246e+07
2.873154998797901720e+07
2.873247232000380754e+07
2.873345126135037094e+07
2.873448278172129020e+07
2.873541814990068600e+07
2.873581873987989500e+07
2.873611182561358437e+07
2.873650456360759586e+07
2.873697306686844677e+07
2.873743397350122407e+07
2.873812014574832097e+07
2.873898505195069686e+07
2.873942964375606179e+07
2.873981617794525251e+07
2.873996121383956447e+07
2.873973471209080890e+07
2.873876267393682152e+07
2.873745754891816527e+07
2.873583353263603523e+07
2.873408427934962884e+07
2.873259502773993090e+07
2.873122445782825351e+07
2.873005908169692010e+07
2.872933102786960825e+07
2.872916111477512866e+07
2.872950074458849058e+07
2.873014464214952663e+07
2.873110542626262829e+07
2.873204182266847417e+07
2.873288099281552061e+07
2.873367762785929069e+07
