2.471494065334843844e+07
2.471402221160014719e+07
2.471535858282838389e+07
2.471560678389165178e+07
2.471645377529045567e+07
2.471679869489039853e+07
2.471694190525024757e+07
2.471653632282007858e+07
2.471672046521383151e+07
2.471668078148668632e+07
2.471694607850253582e+07
2.471615489741332084e+07
2.471513622469744831e+07
2.471396249659013376e+07
2.471275001060980558e+07
2.471123674260274321e+07
2.470986117772446573e+07
2.470863351174673066e+07
2.470779802413536981e+07
2.470737082820889354e+07
2.470762261116567999e+07
2.470837821550988778e+07
2.470987006843840703e+07
2.471164247938504815e+07
2.471375077894686162e+07
2.471542083544535935e+07
2.471671607224749029e+07
2.471735166128853336e+07
2.471753045480358228e+07
2.471723686126826704e+07
2.471706481102164090e+07
2.471723864297381416e+07
2.471753941690912470e+07
2.471800175486265495e+07
2.471843399632208794e+07
2.471817026834517717e+07
2.471756389752189815e+07
2.471652285309332982e+07
2.471508266851046309e+07
2.471352411699786410e+07
2.471168249677967280e+07
2.470979932226004452e+07
2.470821547448839992e+07
2.470716746439622343e+07
2.470686565528980643e+07
2.470728231165104359e+07
2.470838644945295900e+07
2.471000282960442826e+07
2.471182390163075924e+07
2.471365712017283589e+07
2.471520105063515157e+07
2.471640648318455741e+07
2.471724602768540010e+07
2.471738806935831532e+07
2.471710894441722706e+07
2.471649537928147987e+07
2.471603074823823571e+07
2.471614380614628643e+07
2.471665063759307936e+07
2.471701154270550981e+07
2.471718052897531167e+07
2.471716536993786320e+07
2.471707057782888785e+07
2.471627523116188124e+07
2.471461533478049561e+07
2.471247119577467442e+07
2.471011434543240815e+07
2.470862030007899553e+07
2.470783163008052856e+07
2.470777460667336732e+07
2.470860271831816062e+07
2.471008004248641431e+07
2.471231253767681122e+07
2.471386307178472728e+07
2.471478455107371882e+07
2.471579208112271503e+07
2.471635231086406484e+07
2.471627395052341372e+07
2.471578073574697226e+07
2.471529836406230927e+07
2.471466776383108646e+07
2.471462557032920420e+07
2.471489702327699959e+07
2.471504456921824813e+07
2.471551663738279417e+07
2.471587999652307853e+07
2.471601659109668806e+07
2.471545934613373503e+07
2.471441317288260162e+07
2.471200951009334251e+07
2.470897279558616877e+07
2.470636102991107479e+07
2.470442156343087927e+07
2.470335101251672953e+07
2.470327374121560901e+07
2.470436035888031870e+07
2.470636959276268631e+07
2.470876941099036112e+07
2.471100767383443564e+07
2.471294192584052682e+07
2.471437115854135901e+07
2.471504694665513188e+07
2.471508099240672961e+07
2.471469149650214240e+07
2.471397276585473493e+07
2.471353877941820398e+07
2.471405369183279574e+07
2.471527877933999524e+07
2.471628364549294487e+07
2.471739485469092429e+07
2.471783660236542299e+07
2.471771044126532227e+07
2.471680510858425498e+07
2.471496649816312641e+07
2.471290713217503205e+07
2.471058973351366445e+07
2.470853328763444349e+07
2.470743548193085566e+07
2.470714848309313506e+07
2.470753497187165543e+07
2.470894734015958011e+07
2.471114369672329351e+07
2.471356438496201485e+07
2.471557463553306088e+07
2.471657235847505555e+07
2.471702798031304777e+07
2.471698588278539479e+07
2.471591422260948643e+07
2.471433816862412170e+07
2.471308688337112218e+07
2.471245125541176647e+07
2.471299972840455920e+07
2.471424004141416028e+07
2.471620057910153642e+07
2.471844784600405768e+07
2.472012397531513497e+07
2.472087944004324079e+07
2.472023899927968159e+07
2.471831785530487821e+07
2.471558724680844694e+07
2.471265999601018056e+07
2.471014780501782522e+07
2.470860274909634143e+07
2.470838400979874283e+07
2.470951080570495129e+07
2.471173163565875590e+07
2.471434569157325476e+07
2.471701810381810367e+07
2.471919629858354479e+07
2.472058267063355818e+07
2.472069913650412858e+07
2.471967384715541452e+07
2.471803895670711994e+07
2.471631150622282922e+07
2.471488349635184929e+07
2.471423608644716069e+07
2.471446079005122557e+07
2.471577031650612503e+07
2.471772344067805633e+07
2.471955726494837180e+07
2.472060072216028720e+07
2.472064759942066297e+07
2.471964476977933571e+07
2.471800667527140304e+07
2.471575271462247521e+07
2.471358301744602248e+07
2.471185382817466557e+07
2.471080964752170444e+07
2.471094153937682509e+07
2.471236790747511759e+07
2.471449186067891121e+07
2.471698587125639990e+07
2.471916190202704072e+07
2.472058131674140692e+07
2.472066548363405466e+07
2.471997156487204507e+07
2.471830737460412830e+07
2.471645898685790226e+07
2.471469059756392986e+07
2.471366647958967090e+07
2.471350440285796300e+07
2.471463310352456942e+07
2.471676732713079080e+07
2.471933566801234335e+07
2.472130096859415993e+07
2.472250455011044070e+07
2.472245589873892069e+07
2.472145540278092027e+07
2.471953611198204011e+07
2.471741306998857483e+07
2.471518534571956098e+07
2.471417495883473754e+07
2.471488513987993449e+07
2.471477661165885627e+07
2.471686216816618294e+07
2.471913350692766160e+07
2.472132789013468102e+07
2.472274046376922354e+07
2.472320286487288401e+07
2.472247864280828089e+07
2.472059758588039875e+07
2.471831300470210984e+07
2.471615781571516022e+07
2.471429310412386060e+07
2.471331567333165556e+07
2.471353772155063972e+07
2.471497546084234491e+07
2.471711046545955539e+07
2.471928013046611100e+07
2.472105652978458256e+07
2.472187976705300435e+07
2.472175798475058377e+07
2.472096604393190518e+07
2.471950044114185125e+07
2.471762639285953715e+07
2.471618133224576712e+07
2.471538247821123526e+07
2.471560162639036402e+07
2.471668612634819746e+07
2.471858351916180924e+07
2.472047514147757366e+07
2.472218618700592965e+07
2.472302706603612751e+07
2.472296368916663155e+07
2.472174526009105518e+07
2.471963451850580052e+07
2.471652365462284908e+07
2.471326713725424185e+07
2.471104144799719751e+07
2.471009468880728632e+07
2.471045218165018037e+07
2.471223536570856720e+07
2.471466845979494229e+07
2.471719851282892004e+07
2.471915984755114093e+07
2.472052795771019533e+07
2.472077400760748982e+07
2.472056083987899125e+07
2.471950551609896123e+07
2.471928976681493595e+07
2.471593859913175926e+07
2.471895830330446362e+07
2.471890998695294932e+07
2.472070255139923468e+07
2.472213217895746604e+07
2.472389005375525728e+07
2.472466678836648539e+07
2.472505986293524131e+07
2.472394007729535550e+07
2.472216386516851559e+07
2.471944115265673399e+07
2.471675141055789590e+07
2.471430658786272630e+07
2.471282617002135515e+07
2.471237581167833135e+07
2.471354739299186319e+07
2.471541111946555972e+07
2.471759529296343401e+07
2.471959903647315875e+07
2.472110455294580013e+07
2.472191540525152534e+07
2.472224390475982055e+07
2.472146826489406452e+07
2.472041169845024496e+07
2.471983902361380309e+07
2.471985849186974764e+07
2.472045811949731782e+07
2.472160521744987741e+07
2.472292460239550471e+07
2.472431906354317069e+07
2.472532810143475980e+07
2.472575998856875673e+07
2.472519231709325686e+07
2.472384758699968830e+07
2.472207734688032046e+07
2.471919466161330417e+07
2.471565681774878129e+07
2.471287067250727490e+07
2.471160332533480600e+07
2.471165621971555427e+07
2.471265024960946292e+07
2.471403622708281130e+07
2.471589795630869269e+07
2.471757013491602615e+07
2.471907760910386220e+07
2.472004194334793463e+07
2.472083026150534302e+07
2.472001129893296957e+07
2.471870637118715420e+07
2.471832724004569277e+07
2.471844474816348776e+07
2.471937526926862076e+07
2.472062182909095287e+07
2.472192324225273356e+07
2.472313713184246048e+07
2.472403298698962107e+07
2.472415708012420312e+07
2.472350740272612497e+07
2.472235936482096836e+07
2.472051492112386599e+07
2.471780041924184933e+07
2.471557687470451742e+07
2.471397247846743092e+07
2.471277517132199183e+07
2.471213484941937774e+07
2.471207010496731848e+07
2.471260031374717504e+07
2.471366373054364324e+07
2.471523801387531683e+07
2.471669540276702866e+07
2.471788583400081471e+07
2.471880331739579514e+07
2.471969681577974558e+07
2.472039147424386069e+07
2.472100507519269735e+07
2.472170502441163734e+07
2.472246096306832880e+07
2.472242523213614896e+07
2.472177123141177371e+07
2.472105262246980518e+07
2.472020966925947741e+07
2.471921045724048465e+07
2.471814920612593368e+07
2.471704391171147674e+07
2.471582608891143650e+07
2.471430866205480695e+07
2.471302871655556932e+07
2.471195469135778397e+07
2.471174589872008935e+07
2.471132585750417039e+07
2.471073159477036819e+07
2.471018444282983616e+07
2.471047475169530138e+07
2.471073491193382069e+07
2.471196838338767737e+07
2.471221328325008973e+07
