2.125896102713293210e+07
2.125959262086950243e+07
2.126013736844972149e+07
2.126059064895280078e+07
2.126098546901422739e+07
2.126137581994514167e+07
2.126170571969515830e+07
2.126177739157288894e+07
2.126167671708796546e+07
2.126137174568831921e+07
2.126084067217763886e+07
2.125991140504079685e+07
2.125862778419163823e+07
2.125737572793091461e+07
2.125614253099473566e+07
2.125492985103400797e+07
2.125396945217432827e+07
2.125337506888964027e+07
2.125311693854688853e+07
2.125332418238984048e+07
2.125407220577484742e+07
2.125499385887162387e+07
2.125608590263098851e+07
2.125742082842319459e+07
2.125870270161490142e+07
2.125973038590371236e+07
2.126043288866465166e+07
2.126088390247051418e+07
2.126110250262960047e+07
2.126116225381220877e+07
2.126124946024036780e+07
2.126129968021071702e+07
2.126132574692764133e+07
2.126142277640994266e+07
2.126146678129963204e+07
2.126106850297494233e+07
2.126027458772958443e+07
2.125928482372250780e+07
2.125798334222447872e+07
2.125631887786352634e+07
2.125468769568453729e+07
2.125347719980610535e+07
2.125253183295056224e+07
2.125213719715948775e+07
2.125247810295682400e+07
2.125329658646176383e+07
2.125461893141878024e+07
2.125629684998181090e+07
2.125797651639094576e+07
2.125941971581123769e+07
2.126049090285650268e+07
2.126097438787618279e+07
2.126108401519272849e+07
2.126093076350114867e+07
2.126058139082424343e+07
2.126028593378863856e+07
2.126024607788087428e+07
2.126053538321695849e+07
2.126105649840325117e+07
2.126142211506523937e+07
2.126126373155486956e+07
2.126081175459982082e+07
2.125997949238045514e+07
2.125859497435472906e+07
2.125681553799806908e+07
2.125497050738452002e+07
2.125329941148592159e+07
2.125219487361364067e+07
2.125192452818758413e+07
2.125251455309160799e+07
2.125384290358074382e+07
2.125580849670599774e+07
2.125790644442512468e+07
2.125970898215549067e+07
2.126094639205570146e+07
2.126159526287358254e+07
2.126172327351336926e+07
2.126143459329000115e+07
2.126096895118448138e+07
2.126048575102440640e+07
2.126023186285616085e+07
2.126046133924575895e+07
2.126111294611565024e+07
2.126191428940669447e+07
2.126249669666459784e+07
2.126266248677878454e+07
2.126233618686550856e+07
2.126133001371544972e+07
2.125955693091375753e+07
2.125743426246348768e+07
2.125529564964891970e+07
2.125344093977651745e+07
2.125243794702788070e+07
2.125232398281358927e+07
2.125318946815095842e+07
2.125492140623610467e+07
2.125716757173693553e+07
2.125934936658656970e+07
2.126100097951337323e+07
2.126212134121505171e+07
2.126248534654049575e+07
2.126210750999861211e+07
2.126127142049571499e+07
2.126024788482443243e+07
2.125958494050914422e+07
2.125951775514328852e+07
2.126019993894036859e+07
2.126130697074112669e+07
2.126246254943220690e+07
2.126352002751446515e+07
2.126397062629441544e+07
2.126347072290801629e+07
2.126203300598150864e+07
2.125994880003788695e+07
2.125749198189426959e+07
2.125504913537946343e+07
2.125339206339141354e+07
2.125266902942596376e+07
2.125285519734744728e+07
2.125419807272761688e+07
2.125625220982042328e+07
2.125852405137382820e+07
2.126051097339496017e+07
2.126200949080540985e+07
2.126246772006866336e+07
2.126207742583672330e+07
2.126101440357557312e+07
2.125974242020614073e+07
2.125851701175604016e+07
2.125794230064014718e+07
2.125842242702253535e+07
2.125959383500309661e+07
2.126119693505809456e+07
2.126304117879991978e+07
2.126449126047290489e+07
2.126500586500086263e+07
2.126431757533560321e+07
2.126259283183853328e+07
2.126011664226308092e+07
2.125727740031533688e+07
2.125497772923658788e+07
2.125366706238547713e+07
2.125339628081800044e+07
2.125416706444988027e+07
2.125626552737035230e+07
2.125903029975882173e+07
2.126139041455243900e+07
2.126333764662723988e+07
2.126419613296619430e+07
2.126396665157612786e+07
2.126286291984342039e+07
2.126134736386166885e+07
2.125953249737380072e+07
2.125821177245523036e+07
2.125816512589212880e+07
2.125879393091516942e+07
2.126034662802949548e+07
2.126268813733037561e+07
2.126484162189103290e+07
2.126610120588540658e+07
2.126620058054993674e+07
2.126516077058066055e+07
2.126311881527100876e+07
2.126032483723463863e+07
2.125764073301082104e+07
2.125596357034802809e+07
2.125506699399907514e+07
2.125548363860078901e+07
2.125689776333292946e+07
2.125882565549262241e+07
2.126093359492839873e+07
2.126316255910022929e+07
2.126465257431220636e+07
2.126482365688997135e+07
2.126382075345128775e+07
2.126214608650922403e+07
2.126001009849137440e+07
2.125812307458491996e+07
2.125684658461188897e+07
2.125641165767791495e+07
2.125695848153819889e+07
2.125878555486312136e+07
2.126155069995178282e+07
2.126412600585310906e+07
2.126564910666385666e+07
2.126569698564247414e+07
2.126457462443496659e+07
2.126262163157316670e+07
2.126056621326228976e+07
2.125873252522661537e+07
2.125745512287544087e+07
2.125720223474250361e+07
2.125784653314721212e+07
2.125883065856236964e+07
2.126054189593724906e+07
2.126222975546612963e+07
2.126349408251287416e+07
2.126381304841594025e+07
2.126307674828150868e+07
2.126148513589920849e+07
2.125937357662108541e+07
2.125702344009215385e+07
2.125524901562538370e+07
2.125442002381845191e+07
2.125450158116090298e+07
2.125579007693368942e+07
2.125842060764548182e+07
2.126108416752530262e+07
2.126297164985337481e+07
2.126394581895756721e+07
2.126375044935242087e+07
2.126254926313902810e+07
2.126102753311266378e+07
2.125939091973165050e+07
2.125803373263856396e+07
2.125726354974509776e+07
2.125736535548527539e+07
2.125827554534253478e+07
2.125960776893072948e+07
2.126169761346359178e+07
2.126332471726770326e+07
2.126408061527246237e+07
2.126391466040336713e+07
2.126270303752740473e+07
2.126057339725748822e+07
2.125805387170916051e+07
2.125578644527845457e+07
2.125413181945286319e+07
2.125331760549317300e+07
2.125354692707637325e+07
2.125485733626837656e+07
2.125695165624298155e+07
2.125917608053916693e+07
2.126090042103424668e+07
2.126189044959532842e+07
2.126181576246273145e+07
2.126108041755291447e+07
2.125993468422450498e+07
2.125885210095031187e+07
2.125841557881269604e+07
2.126027276749035344e+07
2.125919793453894928e+07
2.126110567490230873e+07
2.126263102681007609e+07
2.126427173311858252e+07
2.126499502844432369e+07
2.126510354048881680e+07
2.126408718002534658e+07
2.126235717974631861e+07
2.125985729954434186e+07
2.125747254029443115e+07
2.125533879896608740e+07
2.125399630444205180e+07
2.125353819251374528e+07
2.125425018754023314e+07
2.125566522492440417e+07
2.125777716467401013e+07
2.125964707728480548e+07
2.126097224900149181e+07
2.126155248247808591e+07
2.126156060065405443e+07
2.126107053283664212e+07
2.126041239470376819e+07
2.125979215639284998e+07
2.125986672970547527e+07
2.126036817261188477e+07
2.126123783385353908e+07
2.126252452205890790e+07
2.126421313570775837e+07
2.126515083409154415e+07
2.126553732486026362e+07
2.126504214342429861e+07
2.126378861614006385e+07
2.126199903662256151e+07
2.125998496760245040e+07
2.125782829474589229e+07
2.125604635717105865e+07
2.125499868930115923e+07
2.125496362539136782e+07
2.125556366768809780e+07
2.125657071603182703e+07
2.125785384303717688e+07
2.125940118997820094e+07
2.126049213280355930e+07
2.126131706895843521e+07
2.126158942759782076e+07
2.126138460985619202e+07
2.126113839910224825e+07
2.126112028408583626e+07
2.126136258692751452e+07
2.126216504675272852e+07
2.126323437150594592e+07
2.126426850711192563e+07
2.126514750026907399e+07
2.126565466241497174e+07
2.126553670724390820e+07
2.126471711038846150e+07
2.126314126643040776e+07
2.126128240035662055e+07
2.125929594872631505e+07
2.125722436770359427e+07
2.125561170182713121e+07
2.125468460371397808e+07
2.125438936953377724e+07
2.125485072504007816e+07
2.125579370844985172e+07
2.125674067149967700e+07
2.125774316878575459e+07
2.125885514173793420e+07
2.125977921430663392e+07
2.126022884893907234e+07
2.126069781204273179e+07
2.126108777460791916e+07
2.126163353735957667e+07
2.126210958837457374e+07
2.126296625967007130e+07
2.126396880985271931e+07
2.126491023149920255e+07
2.126549391730388999e+07
2.126574020763054490e+07
2.126544756178843230e+07
2.126470202149514481e+07
2.126338714885413274e+07
2.126197669117970020e+07
2.126030828699556366e+07
2.125880210286744684e+07
2.125735766665114090e+07
2.125631020809681341e+07
2.125546098714205250e+07
2.125542457407528162e+07
2.125570074019401893e+07
2.125661220821814612e+07
2.125740525816689059e+07
2.125857612714292854e+07
2.125951036857919767e+07
2.126126868174247816e+07
