4.559899281383797526e+07
4.560065390879011899e+07
4.560073447589826584e+07
4.560087690719249099e+07
4.560058779409079999e+07
4.560047184964846075e+07
4.560022606126060337e+07
4.560025748728380352e+07
4.560042382877529413e+07
4.560080927569851279e+07
4.560072137676769495e+07
4.560012038136590272e+07
4.559919872766765952e+07
4.559829020513049513e+07
4.559708907487532496e+07
4.559603770233774930e+07
4.559484104596130550e+07
4.559371273654073477e+07
4.559279132982968539e+07
4.559241023685149103e+07
4.559241512690307200e+07
4.559299595835767686e+07
4.559381009757439792e+07
4.559497836395160109e+07
4.559619491360548139e+07
4.559729071656615287e+07
4.559805204903896153e+07
4.559862696446965635e+07
4.559901151998518407e+07
4.559917522778040171e+07
4.559929012438358366e+07
4.559946748497505486e+07
4.559953161362196505e+07
4.559959733973081410e+07
4.559967598939859867e+07
4.559963059520725161e+07
4.559938555940490216e+07
4.559898828642228246e+07
4.559830794624292850e+07
4.559732912891912460e+07
4.559617213176975399e+07
4.559505901531311870e+07
4.559425296639409661e+07
4.559410271725367755e+07
4.559467867254449427e+07
4.559592170662482083e+07
4.559762298720609397e+07
4.559984083981238306e+07
4.560247497911342233e+07
4.560546005587019026e+07
4.560794590524833649e+07
4.560980644818232954e+07
4.561023572080253810e+07
4.560917316195836663e+07
4.560734239047180116e+07
4.560546789539933950e+07
4.560392059073617309e+07
4.560294187089641392e+07
4.560262588773653656e+07
4.560267543292447925e+07
4.560291790444321930e+07
4.560298581090171635e+07
4.560277339385228604e+07
4.560223030617795140e+07
4.560147738875444233e+07
4.560061092862665653e+07
4.559907585335223377e+07
4.559742078469601274e+07
4.559591366484296322e+07
4.559483275595952570e+07
4.559459834531847388e+07
4.559518085731459409e+07
4.559655852412056923e+07
4.559831973002973944e+07
4.560019439933673292e+07
4.560159111158633232e+07
4.560241868388354033e+07
4.560249865940939635e+07
4.560199973656618595e+07
4.560133115824356675e+07
4.560078503599948436e+07
4.560048658997008204e+07
4.560064519146204740e+07
4.560142933981139958e+07
4.560245654456369579e+07
4.560374381872320920e+07
4.560499372590018064e+07
4.560513767100971937e+07
4.560470818157564104e+07
4.560338404570215195e+07
4.560107089747736603e+07
4.559838515962971002e+07
4.559595520716196299e+07
4.559444492008961737e+07
4.559407352169486880e+07
4.559471096095336229e+07
4.559633607017535716e+07
4.559859916312824935e+07
4.560054836809897423e+07
4.560212533651912957e+07
4.560326322786364704e+07
4.560375749250711501e+07
4.560372672576886415e+07
4.560358588982684910e+07
4.560289512194769830e+07
4.560204399824980646e+07
4.560167592340767384e+07
4.560223858014246076e+07
4.560342934960459173e+07
4.560490505091551691e+07
4.560627838276021928e+07
4.560710403807696700e+07
4.560681668220879138e+07
4.560542057327425480e+07
4.560317693399815261e+07
4.560006205038960278e+07
4.559695867651313543e+07
4.559448821139120311e+07
4.559314265527013689e+07
4.559319129001315683e+07
4.559454485528977960e+07
4.559689389976585656e+07
4.559986311265284568e+07
4.560279288196899742e+07
4.560507208535606414e+07
4.560649531494747102e+07
4.560711094172006100e+07
4.560655551831127703e+07
4.560461928676124662e+07
4.560230305615548044e+07
4.560046513692422956e+07
4.559960893763692677e+07
4.559974253167876601e+07
4.560074630803746730e+07
4.560240332611255348e+07
4.560371829213895649e+07
4.560426861329281330e+07
4.560400398943731934e+07
4.560313340318409353e+07
4.560177246684810519e+07
4.559991771446242183e+07
4.559777818981985003e+07
4.559619475361350179e+07
4.559540138239191473e+07
4.559560773161467910e+07
4.559687119395979494e+07
4.559903736040302366e+07
4.560177339994921535e+07
4.560443743345225602e+07
4.560628405227880925e+07
4.560717117638324946e+07
4.560723239921250194e+07
4.560624738003841043e+07
4.560423309965318441e+07
4.560231417218367010e+07
4.560104506288988888e+07
4.560046453029749542e+07
4.560090313781666756e+07
4.560252634379808605e+07
4.560483330649182945e+07
4.560689631928043813e+07
4.560762414522593468e+07
4.560708029796724021e+07
4.560573428393331170e+07
4.560372795755256712e+07
4.560133382116843760e+07
4.559905349591697752e+07
4.559752772745820135e+07
4.559720731084103137e+07
4.559802891167453676e+07
4.559984750176201761e+07
4.560236626807189733e+07
4.560528070223291963e+07
4.560794765571752936e+07
4.560894036558959633e+07
4.560851904393349588e+07
4.560723324969153851e+07
4.560516202600689232e+07
4.560312000765116513e+07
4.560145769193504006e+07
4.560051780673272908e+07
4.560073393454352021e+07
4.560231284894480556e+07
4.560452961739276350e+07
4.560687252359547466e+07
4.560856731932127476e+07
4.560975560638385266e+07
4.560949749043165892e+07
4.560753646774286032e+07
4.560472422998442501e+07
4.560215833839690685e+07
4.560026676813888550e+07
4.559904710929245502e+07
4.559993643457705528e+07
4.560098841421660781e+07
4.560303617578147352e+07
4.560590441671159118e+07
4.560838174926584959e+07
4.560910789707887173e+07
4.560862584185176343e+07
4.560677512227480859e+07
4.560437543814546615e+07
4.560220394711603969e+07
4.559985141918007284e+07
4.559801856193993241e+07
4.559740980920147151e+07
4.559795966759753972e+07
4.559930370290979743e+07
4.560114774878017604e+07
4.560278078007050604e+07
4.560373003128273785e+07
4.560345500728973746e+07
4.560211750281513482e+07
4.560025429585771263e+07
4.559813434276480228e+07
4.559610319425442070e+07
4.559480502084871382e+07
4.559458093626281619e+07
4.559543103829266131e+07
4.559686221442129463e+07
4.559851748736050725e+07
4.559996368060167134e+07
4.560079756158471853e+07
4.560060108952895552e+07
4.559960603643401712e+07
4.559782432498925924e+07
4.559572874998511374e+07
4.559368003252104670e+07
4.559207298900243640e+07
4.559125413761311769e+07
4.559187790112632513e+07
4.559343578445056826e+07
4.559550734450569749e+07
4.559737394492613524e+07
4.559903718998760730e+07
4.559981049466375262e+07
4.559996595205892622e+07
4.559938969069772959e+07
4.559885175288973004e+07
4.559758966109997779e+07
4.560069159262771904e+07
4.559669739375243336e+07
4.559844624729109555e+07
4.559935116370858252e+07
4.560180270663266629e+07
4.560352748173310608e+07
4.560540696749847382e+07
4.560611276831812412e+07
4.560633179057484120e+07
4.560521623246232420e+07
4.560355611256176233e+07
4.560093988622977585e+07
4.559832165871374309e+07
4.559613843060763925e+07
4.559527667022617906e+07
4.559506224413115531e+07
4.559578613455753028e+07
4.559715813064275682e+07
4.559920263393212110e+07
4.560074537896599621e+07
4.560209082394882292e+07
4.560317997910418361e+07
4.560392067279922217e+07
4.560381959961853176e+07
4.560328743069066852e+07
4.560246879860959947e+07
4.560213007211734354e+07
4.560262886924084276e+07
4.560397442059226334e+07
4.560580291694841534e+07
4.560788606455987692e+07
4.560911567248126119e+07
4.560918383604069054e+07
4.560807570716732740e+07
4.560604588115484267e+07
4.560340179099307209e+07
4.560065891558197886e+07
4.559839981479469687e+07
4.559728272997098416e+07
4.559732832933686674e+07
4.559839147805218399e+07
4.560036111412139237e+07
4.560293875218998641e+07
4.560533605314519256e+07
4.560706566308794171e+07
4.560789833924102783e+07
4.560839285503830761e+07
4.560823529887056351e+07
4.560757295018164814e+07
4.560692796944332868e+07
4.560663889777556807e+07
4.560729201886355132e+07
4.560888983448743075e+07
4.561036294647540152e+07
4.561080923926164210e+07
4.561075115702749789e+07
4.561025010164666176e+07
4.560925774064610153e+07
4.560761368736003339e+07
4.560602344144127518e+07
4.560453077636255324e+07
4.560341628091637045e+07
4.560282989743804932e+07
4.560245632344210893e+07
4.560176824049433321e+07
4.560124636532447487e+07
4.560094863882312924e+07
4.560123151423770934e+07
4.560152021725136787e+07
4.560164881852327287e+07
4.560161217906721681e+07
4.560160986473864317e+07
4.560169908881612122e+07
4.560224805910490453e+07
4.560290148180772364e+07
4.560428009073697776e+07
4.560570518967983872e+07
4.560682785627484322e+07
4.560783250507926941e+07
4.560915747260741144e+07
4.561012472116643935e+07
4.561029252361688763e+07
4.560904317639742792e+07
4.560719680602722615e+07
4.560477184558249265e+07
4.560252011307957023e+07
4.560029614242386073e+07
4.559878718138065189e+07
4.559748915902929008e+07
4.559691883752746880e+07
4.559640711494075507e+07
4.559738516577974707e+07
4.559846086231583357e+07
4.560027455838657916e+07
4.560122767172745615e+07
4.560388145547382534e+07
