1.448942996337151155e+07
1.449039382672923617e+07
1.449072247172201611e+07
1.449112294271025248e+07
1.449123672627472691e+07
1.449174253641495481e+07
1.449205062615606003e+07
1.449222139685800485e+07
1.449222027620327659e+07
1.449204736301276647e+07
1.449155818423581682e+07
1.449080314854469523e+07
1.448951122707848810e+07
1.448835536901390739e+07
1.448718501269455999e+07
1.448587643242562003e+07
1.448490561907957122e+07
1.448419159919079579e+07
1.448377464641334489e+07
1.448398022670760006e+07
1.448481747883276828e+07
1.448582743168229982e+07
1.448707124583972432e+07
1.448843370545248315e+07
1.448976960442944430e+07
1.449074267556228489e+07
1.449129592045884766e+07
1.449169752771513537e+07
1.449183164334912412e+07
1.449172788459498249e+07
1.449172063582803123e+07
1.449180491223616712e+07
1.449185284584910050e+07
1.449202174621715210e+07
1.449217877885830775e+07
1.449192307358925976e+07
1.449119689481530711e+07
1.449035718260186724e+07
1.448921693082026392e+07
1.448765391257311963e+07
1.448598096438555606e+07
1.448456236011974327e+07
1.448352135877844319e+07
1.448298391024154052e+07
1.448336666046909615e+07
1.448424379715300910e+07
1.448555021914879605e+07
1.448743145955230109e+07
1.448918835803337581e+07
1.449051554608353414e+07
1.449165418001271412e+07
1.449207107110005245e+07
1.449195635703838803e+07
1.449176812856597453e+07
1.449128947386056371e+07
1.449093200595371984e+07
1.449098372055133246e+07
1.449114648732807674e+07
1.449167906303446740e+07
1.449226756143204309e+07
1.449215621624315530e+07
1.449173211057922430e+07
1.449105543709775805e+07
1.448953763604083285e+07
1.448767688348991983e+07
1.448559149144904315e+07
1.448361748234652728e+07
1.448233831909464672e+07
1.448197841850619949e+07
1.448230588340996206e+07
1.448359490827973559e+07
1.448554083290382475e+07
1.448780491389360279e+07
1.448981144094542041e+07
1.449113675088986754e+07
1.449201355487217940e+07
1.449210796468366683e+07
1.449162188489856385e+07
1.449088339965137467e+07
1.449010833058482222e+07
1.448976152396514080e+07
1.448981795989686809e+07
1.449047959839554317e+07
1.449140532542535290e+07
1.449222408823043481e+07
1.449257225512583181e+07
1.449239881207568385e+07
1.449138256699211150e+07
1.448952251786765642e+07
1.448712588297770731e+07
1.448465788598739170e+07
1.448246300925687887e+07
1.448125592539381608e+07
1.448112196789143980e+07
1.448184018788781203e+07
1.448364117174132355e+07
1.448612073233620450e+07
1.448853003668835200e+07
1.449037681371996365e+07
1.449159432406108081e+07
1.449208787463425845e+07
1.449160406198063120e+07
1.449057089305104688e+07
1.448934089345288090e+07
1.448842953667905927e+07
1.448819023608579487e+07
1.448883478976473026e+07
1.449000227430045977e+07
1.449136635006487928e+07
1.449267136217152886e+07
1.449346620996147953e+07
1.449320122153051570e+07
1.449183695045723021e+07
1.448965575396890007e+07
1.448687740243526734e+07
1.448405135204741918e+07
1.448210336630941927e+07
1.448114913069209084e+07
1.448127702846063673e+07
1.448261068829214387e+07
1.448497442291332781e+07
1.448759870604972728e+07
1.448996453288337216e+07
1.449166641864177585e+07
1.449246615007915534e+07
1.449204388077576086e+07
1.449092821717162430e+07
1.448931701050745510e+07
1.448780752705024369e+07
1.448692817710992321e+07
1.448711051785853878e+07
1.448813875780424476e+07
1.448974462319217809e+07
1.449163078983034007e+07
1.449334872964435443e+07
1.449417344713532738e+07
1.449362760155089945e+07
1.449200696041293256e+07
1.448947175011342764e+07
1.448639311446203478e+07
1.448374202591829188e+07
1.448209975085602328e+07
1.448144100257139280e+07
1.448208491889794730e+07
1.448409392674001493e+07
1.448673508477706835e+07
1.448934871938117594e+07
1.449142236883503199e+07
1.449257072382845171e+07
1.449245931367008016e+07
1.449143079852125421e+07
1.448965008761928603e+07
1.448755256958390772e+07
1.448589499587510712e+07
1.448543766472053528e+07
1.448595416467346624e+07
1.448719179495043308e+07
1.448937650301974267e+07
1.449190337493206374e+07
1.449369045682788081e+07
1.449417269171755947e+07
1.449352131890748255e+07
1.449164630815239623e+07
1.448898998814417981e+07
1.448617233016921580e+07
1.448385009296192415e+07
1.448268055933008343e+07
1.448256701071751490e+07
1.448393457441569492e+07
1.448618376722852886e+07
1.448860556366338208e+07
1.449108559882378392e+07
1.449280447851480357e+07
1.449302099936072715e+07
1.449226282659598812e+07
1.449055451157808676e+07
1.448806512946221977e+07
1.448584099416105449e+07
1.448446603703937121e+07
1.448414616831760854e+07
1.448491187344394810e+07
1.448666421386299841e+07
1.448930784536154754e+07
1.449188003513648733e+07
1.449351272199620865e+07
1.449390460544635542e+07
1.449311719788034074e+07
1.449125849637082778e+07
1.448881924105683155e+07
1.448646135012978688e+07
1.448458938131772727e+07
1.448405319907977432e+07
1.448525329854063876e+07
1.448633445477736369e+07
1.448874128527714312e+07
1.449117433506541140e+07
1.449308250888265669e+07
1.449373717774516344e+07
1.449327900959807262e+07
1.449165886072089523e+07
1.448946186508824490e+07
1.448665082129190490e+07
1.448441111648828350e+07
1.448334416294375621e+07
1.448323077960134111e+07
1.448426285136310384e+07
1.448665628814649582e+07
1.448927163858207129e+07
1.449166872499648482e+07
1.449316316945685446e+07
1.449316522398865595e+07
1.449210782399221137e+07
1.449055432036745921e+07
1.448864874191557616e+07
1.448675420173677802e+07
1.448569660518760420e+07
1.448591093959583528e+07
1.448707476299706660e+07
1.448884396617328376e+07
1.449091784626500309e+07
1.449305834707801044e+07
1.449413441080950759e+07
1.449411590433024801e+07
1.449290202592171542e+07
1.449076700773700327e+07
1.448804669023406319e+07
1.448549586594431661e+07
1.448340474749129824e+07
1.448245440739556029e+07
1.448273564254489541e+07
1.448420758955485933e+07
1.448650576329606026e+07
1.448892787536728010e+07
1.449094802194900252e+07
1.449214598166717589e+07
1.449204197137998790e+07
1.449132587620629929e+07
1.449010753708952479e+07
1.448869286130451597e+07
1.448733343877790682e+07
1.448851268356009386e+07
1.448784803608023562e+07
1.448949793828181736e+07
1.449105817707080022e+07
1.449304079169121198e+07
1.449437998632906564e+07
1.449492990704326332e+07
1.449400092877122760e+07
1.449232765913517773e+07
1.448972063237640448e+07
1.448718565548388101e+07
1.448483910130200908e+07
1.448308396541934647e+07
1.448242124463820085e+07
1.448308892078185640e+07
1.448437783726787381e+07
1.448632221761232987e+07
1.448843568037553132e+07
1.449006806240698136e+07
1.449087062272461131e+07
1.449077816271993704e+07
1.449030338255264424e+07
1.448947577878386900e+07
1.448846982133749686e+07
1.448832294195014238e+07
1.448893759456822276e+07
1.448974577742140926e+07
1.449112407615085877e+07
1.449265036609348841e+07
1.449389783870210312e+07
1.449484881053389423e+07
1.449457589860981889e+07
1.449317163585510291e+07
1.449131647672919929e+07
1.448906425037479587e+07
1.448665205780466832e+07
1.448454138166250475e+07
1.448306091073880717e+07
1.448277180062414892e+07
1.448344445455217734e+07
1.448449839571665227e+07
1.448598555583605170e+07
1.448761362239400670e+07
1.448883098644103296e+07
1.448957517481091246e+07
1.448978046641448513e+07
1.448948325097814202e+07
1.448930028095919453e+07
1.448923347018834949e+07
1.448948324368001521e+07
1.449015710691775009e+07
1.449107198927925713e+07
1.449222986513853446e+07
1.449333754764300026e+07
1.449413474506551400e+07
1.449431405388994887e+07
1.449372071526711248e+07
1.449220318326013163e+07
1.449052040595132299e+07
1.448867031614077091e+07
1.448659760652647726e+07
1.448482239353268407e+07
1.448388263949704543e+07
1.448353211680418067e+07
1.448366703493931517e+07
1.448441277145251259e+07
1.448539687340379320e+07
1.448659593054322898e+07
1.448778094269101135e+07
1.448864446085017733e+07
1.448894569875763729e+07
1.448931002787893824e+07
1.448972017649006285e+07
1.449010076647553407e+07
1.449051762512500025e+07
1.449115438185586222e+07
1.449183430436933041e+07
1.449261068090254255e+07
1.449335311597576365e+07
1.449357817219418287e+07
1.449343418455388211e+07
1.449285585992263630e+07
1.449181810734966211e+07
1.449053746851588786e+07
1.448893660776552558e+07
1.448734573401406221e+07
1.448586983792427368e+07
1.448483681776068918e+07
1.448403363598055951e+07
1.448393256016431190e+07
1.448410822997504100e+07
1.448486273944211379e+07
1.448584514337454364e+07
1.448709399122971855e+07
1.448784108260331489e+07
1.448905340214484558e+07
