1.187487162292216346e+07
1.187576647437893972e+07
1.187612729006671160e+07
1.187649369462439977e+07
1.187672230742934346e+07
1.187713058988270350e+07
1.187750862488407828e+07
1.187768782387375645e+07
1.187769844731667265e+07
1.187750061037669890e+07
1.187711802369485982e+07
1.187633426513115689e+07
1.187521415165022388e+07
1.187410971217419580e+07
1.187283717993012071e+07
1.187163080057257600e+07
1.187051830541072786e+07
1.186969151375934854e+07
1.186917825334969535e+07
1.186925570619115606e+07
1.186999011670174822e+07
1.187100189628397673e+07
1.187223000164283998e+07
1.187366055399797484e+07
1.187498550453854725e+07
1.187606605448434688e+07
1.187669607227423973e+07
1.187714090212405846e+07
1.187731536380215175e+07
1.187724735349986888e+07
1.187725358998369612e+07
1.187728355337003805e+07
1.187737412447983213e+07
1.187746288509227149e+07
1.187762219658247568e+07
1.187738922426059470e+07
1.187681590166160464e+07
1.187606625985865667e+07
1.187491296926193684e+07
1.187339187413626350e+07
1.187174707955592312e+07
1.187026479527468793e+07
1.186909199950451031e+07
1.186847304571975209e+07
1.186864929386989400e+07
1.186940221039640717e+07
1.187071258986230381e+07
1.187248916636933573e+07
1.187428809909027256e+07
1.187586060583235882e+07
1.187697815525418893e+07
1.187751400749012642e+07
1.187764331495000049e+07
1.187739369955599122e+07
1.187696237579340860e+07
1.187655723030142859e+07
1.187643900255503692e+07
1.187663133615332469e+07
1.187713543200938404e+07
1.187759421325561590e+07
1.187766162319173291e+07
1.187741102675344609e+07
1.187671575611284375e+07
1.187535834657013044e+07
1.187348644414085709e+07
1.187138863317162357e+07
1.186934000628276728e+07
1.186787908301781490e+07
1.186729055559375510e+07
1.186755484046400711e+07
1.186872465053691529e+07
1.187058324594213814e+07
1.187281252681584656e+07
1.187491233884746395e+07
1.187647469426128641e+07
1.187737606629442051e+07
1.187764688476175629e+07
1.187727077995810844e+07
1.187658682345229201e+07
1.187585244049591012e+07
1.187535571701879986e+07
1.187535390344281867e+07
1.187594203214289993e+07
1.187689262672965601e+07
1.187772009839877486e+07
1.187823120645334013e+07
1.187822448527278379e+07
1.187734814718355611e+07
1.187559891760190204e+07
1.187321085804664344e+07
1.187068438927232474e+07
1.186840693575959466e+07
1.186696148378261179e+07
1.186655716657013446e+07
1.186722688793483935e+07
1.186883987888481840e+07
1.187119600615742803e+07
1.187365531048663892e+07
1.187562247330144048e+07
1.187702263243269175e+07
1.187762428294799663e+07
1.187730346590910479e+07
1.187634528448781930e+07
1.187515630726964772e+07
1.187414815055260807e+07
1.187374777507106028e+07
1.187425138572420739e+07
1.187536254504724033e+07
1.187667472997521050e+07
1.187803928550744802e+07
1.187890952975732461e+07
1.187883694614609517e+07
1.187766377119530365e+07
1.187555879763909988e+07
1.187288155306122079e+07
1.187004929434886202e+07
1.186783075653463602e+07
1.186664368620162830e+07
1.186652126829196326e+07
1.186772212496804819e+07
1.186991937719699554e+07
1.187254146367243491e+07
1.187494320840913616e+07
1.187688440352947637e+07
1.187784147224227153e+07
1.187768611573149636e+07
1.187664892021317966e+07
1.187516280445231125e+07
1.187359891185123287e+07
1.187253576525764912e+07
1.187244989039189555e+07
1.187335455508387648e+07
1.187489770411976613e+07
1.187677587133919448e+07
1.187854872079928406e+07
1.187950563668785430e+07
1.187926006138555147e+07
1.187775967085592821e+07
1.187537917897971161e+07
1.187236347527023219e+07
1.186968841305334307e+07
1.186772982618639804e+07
1.186686091425613128e+07
1.186733841277920641e+07
1.186915080732691288e+07
1.187168567072754353e+07
1.187427859392297454e+07
1.187656990203986876e+07
1.187798438481672853e+07
1.187815847049219161e+07
1.187723875171522796e+07
1.187558453933118656e+07
1.187360732219489291e+07
1.187186811829044670e+07
1.187108804534756392e+07
1.187137392811357975e+07
1.187256584561928362e+07
1.187468108185554110e+07
1.187711916699784063e+07
1.187900876868774369e+07
1.187981897605416737e+07
1.187940204008849524e+07
1.187777784051781148e+07
1.187520440510326438e+07
1.187239893225916475e+07
1.187005301973599195e+07
1.186855049077107571e+07
1.186823099184362404e+07
1.186933027379544824e+07
1.187140235053291172e+07
1.187378385775342770e+07
1.187630588908795081e+07
1.187820171694543585e+07
1.187887519124883227e+07
1.187824691020830348e+07
1.187670509318289533e+07
1.187446221627151966e+07
1.187219261764785461e+07
1.187062785937621631e+07
1.187001604476806335e+07
1.187053095757108368e+07
1.187223177662009001e+07
1.187472919934503548e+07
1.187721185211809911e+07
1.187901435702680051e+07
1.187968843807097524e+07
1.187913395432458818e+07
1.187745004112346657e+07
1.187512181228103489e+07
1.187276421639662609e+07
1.187088402695444040e+07
1.187006727864794433e+07
1.187100569329859689e+07
1.187187390556956455e+07
1.187413241555928811e+07
1.187647185674599558e+07
1.187850239388622716e+07
1.187944153317177482e+07
1.187922698641226441e+07
1.187784736450933293e+07
1.187569073087241128e+07
1.187307789471928403e+07
1.187085044021932781e+07
1.186938347945781611e+07
1.186900545139195025e+07
1.186987721424660087e+07
1.187204965364251286e+07
1.187456104003555141e+07
1.187691065015662089e+07
1.187852420997387916e+07
1.187894180736891925e+07
1.187807592698751576e+07
1.187664150729060732e+07
1.187477698302801512e+07
1.187295118684056401e+07
1.187176759801447205e+07
1.187170638088659570e+07
1.187259590411572717e+07
1.187426283700460382e+07
1.187630104775561951e+07
1.187828880191512778e+07
1.187953519987458363e+07
1.187977139965235442e+07
1.187884463032067940e+07
1.187697634945470281e+07
1.187435960767697543e+07
1.187173451986204088e+07
1.186964183587654680e+07
1.186840523022060841e+07
1.186831600813539512e+07
1.186963645723517984e+07
1.187175287140578032e+07
1.187407467840519175e+07
1.187607494249105267e+07
1.187746105454431660e+07
1.187772895878264867e+07
1.187725756143187173e+07
1.187602967327137478e+07
1.187474325148148648e+07
1.187351964536694437e+07
1.187426026640716754e+07
1.187357235717114434e+07
1.187502847413297184e+07
1.187657799481968768e+07
1.187854848826004751e+07
1.187988165111381374e+07
1.188051438063274324e+07
1.188002845666837879e+07
1.187850898670143075e+07
1.187605494683076255e+07
1.187352925350850821e+07
1.187122392814204656e+07
1.186939703965601139e+07
1.186849883883274719e+07
1.186888188068990968e+07
1.187012634004521184e+07
1.187194556047718227e+07
1.187393617943010852e+07
1.187563826228442229e+07
1.187662526123826206e+07
1.187682803588559665e+07
1.187644250855189748e+07
1.187568562423652224e+07
1.187485424481195584e+07
1.187468897531011142e+07
1.187502480837315880e+07
1.187580796055449173e+07
1.187703263713780977e+07
1.187859229570165835e+07
1.187991424645441398e+07
1.188074926268693432e+07
1.188069652991597168e+07
1.187968370289489627e+07
1.187791047629988566e+07
1.187572049771240354e+07
1.187335738154050522e+07
1.187125502567438222e+07
1.186971544353777170e+07
1.186920649534506723e+07
1.186960123891339265e+07
1.187064531362532638e+07
1.187198829228614829e+07
1.187349476081976667e+07
1.187477436284881458e+07
1.187566336099875346e+07
1.187597635641828738e+07
1.187587001513329335e+07
1.187566164777414314e+07
1.187570261614111625e+07
1.187600633595230803e+07
1.187649965587973967e+07
1.187736924828569591e+07
1.187848456366573647e+07
1.187956367994389310e+07
1.188033055188344978e+07
1.188055779085219093e+07
1.188006303377832286e+07
1.187881478211988695e+07
1.187710141191801615e+07
1.187529574569919892e+07
1.187326498997011408e+07
1.187153051210480370e+07
1.187039942025201581e+07
1.186986579479546286e+07
1.186986581656880490e+07
1.187044889724492840e+07
1.187138315992897935e+07
1.187247336871682480e+07
1.187363240585585311e+07
1.187450656694380939e+07
1.187498505656126328e+07
1.187539933103578910e+07
1.187581849626625888e+07
1.187626816881215572e+07
1.187668316315907612e+07
1.187727365501117893e+07
1.187791052956653014e+07
1.187867312637109123e+07
1.187931805378028937e+07
1.187961341228878871e+07
1.187945871167899854e+07
1.187891335302805714e+07
1.187793038644305430e+07
1.187668279159611091e+07
1.187513894295358285e+07
1.187359454258807003e+07
1.187211176478718780e+07
1.187097357849413343e+07
1.187009717724238709e+07
1.186984778728362545e+07
1.186991491231545433e+07
1.187057665268201940e+07
1.187138967306404188e+07
1.187259462837023474e+07
1.187343130806257762e+07
1.187470755362711474e+07
