2.757195153751651291e+06
2.757727170250611380e+06
2.758208957972949371e+06
2.758418246193849482e+06
2.758642112612562254e+06
2.758804705109621398e+06
2.759061976847276092e+06
2.759130588372252882e+06
2.759152680851279292e+06
2.759032110004650895e+06
2.758824703265066259e+06
2.758197121269109659e+06
2.757314371936013456e+06
2.756336990067248233e+06
2.755130802584658377e+06
2.753965380419234745e+06
2.752738831872164737e+06
2.751720045612092130e+06
2.750975812919977121e+06
2.750756065849977080e+06
2.751054756384867243e+06
2.751818422096972819e+06
2.752929626371012535e+06
2.754274645829500165e+06
2.755638734326610807e+06
2.756822097054615151e+06
2.757564988504450768e+06
2.758005826196391135e+06
2.758210645279860124e+06
2.758065764393118210e+06
2.757915563420642167e+06
2.757827316812431440e+06
2.757807347420746461e+06
2.757851713891447522e+06
2.758069021899280138e+06
2.758059981286369730e+06
2.757769899115142878e+06
2.757271370380260050e+06
2.756430027348986361e+06
2.755166679425777402e+06
2.753650163214657456e+06
2.752095311799350195e+06
2.750793964490319137e+06
2.749950396046245005e+06
2.749758666270703543e+06
2.750237021627231967e+06
2.751415352337241638e+06
2.753068303938628640e+06
2.754845508752198890e+06
2.756627202461044770e+06
2.757892829600271769e+06
2.758656138282856438e+06
2.758946386082311161e+06
2.758731193735780660e+06
2.758318075986834243e+06
2.757879893088066019e+06
2.757618632294713520e+06
2.757747951405768748e+06
2.758265036814138759e+06
2.758811942577102222e+06
2.759286437920603901e+06
2.759428821075995918e+06
2.759198280986481346e+06
2.758320328317388892e+06
2.756851133393920492e+06
2.754964373001094908e+06
2.752981006630473305e+06
2.751404745486435946e+06
2.750505439797741827e+06
2.750415979179876391e+06
2.751295709395324811e+06
2.752934283041978255e+06
2.755159258881622925e+06
2.757396746013503056e+06
2.759301342150314711e+06
2.760477184414436109e+06
2.761047117074927781e+06
2.760904982765557710e+06
2.760325282129904721e+06
2.759546746201880742e+06
2.758885595411546994e+06
2.758676100923414342e+06
2.759052401168928947e+06
2.759945241620859131e+06
2.760930733035364654e+06
2.761754938420284074e+06
2.762214166497312952e+06
2.761801226538651157e+06
2.760602242954222951e+06
2.758560349845950492e+06
2.756181275993743911e+06
2.753840931752572302e+06
2.752022109922770411e+06
2.751145117341830395e+06
2.751396636105476879e+06
2.752567618262288161e+06
2.754658219997182488e+06
2.757126339173723944e+06
2.759311970291813370e+06
2.761019934816468041e+06
2.761930242142044008e+06
2.761911814880657010e+06
2.761052264809577726e+06
2.759909271065711044e+06
2.758673025245792698e+06
2.757901834354289807e+06
2.757978896978610195e+06
2.758745440865902230e+06
2.759905706701308489e+06
2.761364780141728930e+06
2.762520954968032893e+06
2.762929854595240206e+06
2.762316748369740788e+06
2.760663370181237347e+06
2.758274481661519036e+06
2.755494912161220796e+06
2.753066816108223516e+06
2.751420334256717004e+06
2.750794160877470858e+06
2.751449978709408082e+06
2.753141590205229353e+06
2.755596800533676986e+06
2.758066085893349722e+06
2.760248360260208137e+06
2.761590698007613420e+06
2.761803128410986625e+06
2.761035513548209798e+06
2.759635033712392673e+06
2.757966850338703953e+06
2.756579589427082334e+06
2.756013607629669830e+06
2.756460701362061314e+06
2.757656401177074760e+06
2.759361442486513406e+06
2.761300530307104345e+06
2.762616339441251475e+06
2.762953398690255824e+06
2.761979181219781749e+06
2.760041751868886873e+06
2.757299359242642764e+06
2.754466202045770362e+06
2.752102614197108895e+06
2.750740576284751296e+06
2.750580426048221532e+06
2.751725195237768348e+06
2.753845885773248505e+06
2.756334188401703257e+06
2.758715255444400944e+06
2.760441802340420894e+06
2.761118672656510491e+06
2.760605328500653617e+06
2.759135825038564391e+06
2.757170821831620764e+06
2.755206558469215408e+06
2.753917223435172345e+06
2.753616186645464506e+06
2.754291128292241134e+06
2.755967235163485631e+06
2.758230513959262986e+06
2.760274323126853444e+06
2.761545115541536361e+06
2.761591371307326946e+06
2.760471036692902911e+06
2.758279216701379512e+06
2.755615242471707053e+06
2.753023744126140606e+06
2.751045727288734168e+06
2.750177911918906495e+06
2.750617519342426211e+06
2.752196425543679856e+06
2.754356999436963815e+06
2.756837188805488870e+06
2.758926327048526611e+06
2.760146783364434261e+06
2.759995887707264163e+06
2.758873231763919815e+06
2.756894134349151514e+06
2.754554215943129733e+06
2.752627113502786960e+06
2.751622025207710452e+06
2.751590555060207378e+06
2.752836160898261704e+06
2.754990905419892631e+06
2.757463303636449389e+06
2.759535924299348611e+06
2.760744843467096798e+06
2.760747864091272000e+06
2.759609376435402781e+06
2.757577994786630850e+06
2.755336220154834911e+06
2.753247043707308825e+06
2.752065493633019272e+06
2.752749811266838107e+06
2.752802744294811040e+06
2.754724368635000661e+06
2.756978577711524442e+06
2.759213050297194161e+06
2.760659806166649796e+06
2.761028930634428747e+06
2.760309433099042159e+06
2.758556616041427013e+06
2.756192347423713654e+06
2.753939087733772583e+06
2.752129572934711818e+06
2.751350707606924698e+06
2.751784529885475058e+06
2.753443923573034350e+06
2.755754606217191555e+06
2.758129487795969471e+06
2.760002199063439388e+06
2.760922382101573050e+06
2.760645166929177009e+06
2.759534188195776194e+06
2.757940568231219426e+06
2.756107581976130139e+06
2.754741331171426456e+06
2.754221966522882227e+06
2.754644962263777386e+06
2.756023603036615998e+06
2.757859785351329017e+06
2.759758991237284616e+06
2.761374392443425022e+06
2.762110619199582376e+06
2.761713992497902364e+06
2.760397657552254852e+06
2.758176760183610488e+06
2.755685092910590116e+06
2.753477675526210107e+06
2.751909041685219854e+06
2.751352471960213035e+06
2.752154134945072699e+06
2.753919806309666019e+06
2.756024909935498144e+06
2.758130999199468177e+06
2.759699902289343067e+06
2.760390139896626584e+06
2.760198246753370389e+06
2.759308157165380195e+06
2.758169485278895590e+06
2.757055882792950142e+06
2.755563231411028188e+06
2.756674508238623384e+06
2.757244807149061002e+06
2.758787881883855443e+06
2.760406010845786426e+06
2.761997462205429096e+06
2.762826182752886321e+06
2.762942754598421045e+06
2.761831746427580714e+06
2.759902577977460343e+06
2.757535321815292817e+06
2.755345174675181508e+06
2.753215120878464077e+06
2.751943157922796905e+06
2.751756778291654773e+06
2.752629313651603181e+06
2.754050271544989198e+06
2.755795541097306181e+06
2.757481684227800462e+06
2.758653450863702688e+06
2.759043947581264190e+06
2.758908131797939539e+06
2.758172154938995373e+06
2.757455186188939959e+06
2.757021236237429548e+06
2.757068173933644313e+06
2.757466362162872683e+06
2.758402487087732647e+06
2.759619975066968706e+06
2.760897394148282707e+06
2.761745804496632423e+06
2.762018159804447088e+06
2.761427151507415809e+06
2.759979678421958815e+06
2.758036053795083426e+06
2.755831795602667145e+06
2.753665940122026484e+06
2.751996673485674895e+06
2.751074034402690828e+06
2.751059023797507398e+06
2.751733339773283806e+06
2.752723339029840194e+06
2.753960170530872885e+06
2.755141391983388923e+06
2.756051926351540256e+06
2.756465653677645139e+06
2.756520849280307535e+06
2.756382194017271046e+06
2.756311981104298029e+06
2.756440187448405195e+06
2.756673328941729385e+06
2.757323648903117049e+06
2.758209845786176622e+06
2.759101352002524771e+06
2.759939552783905994e+06
2.760296950992400758e+06
2.760036083024680149e+06
2.759149137955796439e+06
2.757716309446972329e+06
2.756144650401838589e+06
2.754291555077522062e+06
2.752601497309949715e+06
2.751272164449144620e+06
2.750426024861011654e+06
2.750208342613980174e+06
2.750413722825811710e+06
2.750976388610359747e+06
2.751853392423877958e+06
2.752909480360541493e+06
2.753823854795100633e+06
2.754432391263497528e+06
2.754857390109085012e+06
2.755349116362311412e+06
2.755756829201796558e+06
2.756156822115232702e+06
2.756540632271246519e+06
2.757082297519636340e+06
2.757691331155594438e+06
2.758229383959666360e+06
2.758494174408373889e+06
2.758543525534722954e+06
2.758140902916371822e+06
2.757483403718821239e+06
2.756526895047168247e+06
2.755325375121280085e+06
2.753970941278942861e+06
2.752677246311645955e+06
2.751407136091303080e+06
2.750506823760104831e+06
2.749960757033863105e+06
2.749894403810584452e+06
2.750144943449058104e+06
2.750861475402702577e+06
2.751723404287067708e+06
2.752921594864406623e+06
2.753792688681337051e+06
