2.503444651201283559e+07
2.503300510969476774e+07
2.503386624227839708e+07
2.503336560801726580e+07
2.503357526512530074e+07
2.503378263864782453e+07
2.503484357481598482e+07
2.503596028316674754e+07
2.503759460640837625e+07
2.503922444609232619e+07
2.504055383140653372e+07
2.504064932938909158e+07
2.504063613865656406e+07
2.504140555709027499e+07
2.504171267176491022e+07
2.504141552861699834e+07
2.504097707909912616e+07
2.504072705918500945e+07
2.504145156419590861e+07
2.504314128633252531e+07
2.504572401176226512e+07
2.504852935745572671e+07
2.505103225463024154e+07
2.505193062489707023e+07
2.505315281778595969e+07
2.505489350408145785e+07
2.505547326584971696e+07
2.505615881094808131e+07
2.505681007234891877e+07
2.505727100773784146e+07
2.505788607480929419e+07
2.505905114060907438e+07
2.506031204140076786e+07
2.506162403448010981e+07
2.506169465818359703e+07
2.506048777176932618e+07
2.505886882559563965e+07
2.505737237488067895e+07
2.505589886427864805e+07
2.505473012220856547e+07
2.505371504229848832e+07
2.505275894172752649e+07
2.505143870348098502e+07
2.505053022843094170e+07
2.504984361427190900e+07
2.504972583147342503e+07
2.505022432704252005e+07
2.505194022153532878e+07
2.505409311546476185e+07
2.505616019074441493e+07
2.505746597671105340e+07
2.505744954823635519e+07
2.505559290008649603e+07
2.505322416179221496e+07
2.505115295875763893e+07
2.504899794988927990e+07
2.504634759144079685e+07
2.504393703589708358e+07
2.504148989765799418e+07
2.503944641783984005e+07
2.503795695159961656e+07
2.503759507056230307e+07
2.503701784192844853e+07
2.503559499476649612e+07
2.503412513027534261e+07
2.503243097928374261e+07
2.502976571553796902e+07
2.502744046321099252e+07
2.502556415664412081e+07
2.502431827549320087e+07
2.502392566475113481e+07
2.502493093253175914e+07
2.502661664974408224e+07
2.502866247139360383e+07
2.503039328205477446e+07
2.503193716164730117e+07
2.503311821456322446e+07
2.503453288518636674e+07
2.503633027190196142e+07
2.503795164673769474e+07
2.503890751188874245e+07
2.504034299874204025e+07
2.504238802164578438e+07
2.504487536922948435e+07
2.504701616404715553e+07
2.504895981401364878e+07
2.505049767031648383e+07
2.505157940952587128e+07
2.505179307629932091e+07
2.505142964798874781e+07
2.505014899009076133e+07
2.504933616561326385e+07
2.504933291717993096e+07
2.505035171295583248e+07
2.505223487559112161e+07
2.505474506142408028e+07
2.505697567317685112e+07
2.505880730562583730e+07
2.505988750051676854e+07
2.506000397809372842e+07
2.505930139034498855e+07
2.505809380402394012e+07
2.505646686862240732e+07
2.505480555250201374e+07
2.505354295914556831e+07
2.505312040028036013e+07
2.505306896488354728e+07
2.505357764427426457e+07
2.505408460610212758e+07
2.505472001980690286e+07
2.505498390890706703e+07
2.505438041323994845e+07
2.505226938532412797e+07
2.504974320723012090e+07
2.504765196859120578e+07
2.504594245431508869e+07
2.504446902663763985e+07
2.504425137382668629e+07
2.504498627160193771e+07
2.504698025951299444e+07
2.504927464832064882e+07
2.505189522301469371e+07
2.505425383662963286e+07
2.505655472506433353e+07
2.505796287942117080e+07
2.505849722546275705e+07
2.505820887762466818e+07
2.505858908722693101e+07
2.505902992301351205e+07
2.505949438995086402e+07
2.506000570193816349e+07
2.506121011186449602e+07
2.506254865941711515e+07
2.506452668135708570e+07
2.506646270266260952e+07
2.506780432353923842e+07
2.506770871746827289e+07
2.506589665842206031e+07
2.506217292275402322e+07
2.505817103844212368e+07
2.505491138507701457e+07
2.505360396413172781e+07
2.505278360442590714e+07
2.505309782352308929e+07
2.505497105860336125e+07
2.505793570100631192e+07
2.506098785823216662e+07
2.506405832066302001e+07
2.506641633845308051e+07
2.506734475007838011e+07
2.506657502022797614e+07
2.506517803942545503e+07
2.506365441423453763e+07
2.506320021041731164e+07
2.506307519164649025e+07
2.506325636443966255e+07
2.506349898702590913e+07
2.506436517463370785e+07
2.506469122291679680e+07
2.506319146698303148e+07
2.506100126512408629e+07
2.505783655239434540e+07
2.505494965925006941e+07
2.505299587062320486e+07
2.505086225498339534e+07
2.504925199157596752e+07
2.504872585806455836e+07
2.504908136170300841e+07
2.505058635437111929e+07
2.505339852071240917e+07
2.505570651761894301e+07
2.505734224719176069e+07
2.505786457123042271e+07
2.505771618007506803e+07
2.505732405299205706e+07
2.505703167354231700e+07
2.505603771728328615e+07
2.505463565408073738e+07
2.505349385296236351e+07
2.505325589308308810e+07
2.505277431443815678e+07
2.505206388622225076e+07
2.505187487826014310e+07
2.505238462652822584e+07
2.505301956219572946e+07
2.505364095235848427e+07
2.505486441726124659e+07
2.505574126335773617e+07
2.505649766358557716e+07
2.505720838637169451e+07
2.505814396868116036e+07
2.505928885535519198e+07
2.505705619560220838e+07
2.506050266908436641e+07
2.505959802249735966e+07
2.505867352127178758e+07
2.505693461345657706e+07
2.505497696852260083e+07
2.505230815585845336e+07
2.505093272625629604e+07
2.504932393696802855e+07
2.504737289367360622e+07
2.504558278547284007e+07
2.504489419603528827e+07
2.504547479266868159e+07
2.504747033424495533e+07
2.504999689917915687e+07
2.505241170437697694e+07
2.505395897116864473e+07
2.505472612533804029e+07
2.505385629933578148e+07
2.505220205599740520e+07
2.504977053604716063e+07
2.504718122726371512e+07
2.504441542544904351e+07
2.504245882239200175e+07
2.504156464687443525e+07
2.504244645419517532e+07
2.504426021572629735e+07
2.504761898035648093e+07
2.505136943142522499e+07
2.505386036231248081e+07
2.505525784531268850e+07
2.505617424375614524e+07
2.505596102608826756e+07
2.505570896782238409e+07
2.505448537793457136e+07
2.505299694878803194e+07
2.505095581539677083e+07
2.504937355909768865e+07
2.504768481596164405e+07
2.504696040818386525e+07
2.504627140497577563e+07
2.504615486295288056e+07
2.504588590060934424e+07
2.504618864903400093e+07
2.504598604891846702e+07
2.504620392379333079e+07
2.504498161413056776e+07
2.504472755105433613e+07
2.503251769612011686e+07
2.504694149976748973e+07
2.504555998971109837e+07
2.504931888472068682e+07
2.504931673569080606e+07
2.505175602621057630e+07
2.505288287545816228e+07
2.505495012755437940e+07
2.505344447664484382e+07
2.505185810936141387e+07
2.504924217457386106e+07
2.504817300149497762e+07
2.504710825894740596e+07
2.504782824231028184e+07
2.504837994688227400e+07
2.505018881226119772e+07
2.505212514159837738e+07
2.505481850436121598e+07
2.505603178016609699e+07
2.505718064671978727e+07
2.505849421886330843e+07
2.505979491111961752e+07
2.505967622633827478e+07
2.505945583934438974e+07
2.505923724581250921e+07
2.506034403171236068e+07
2.506174771995477751e+07
2.506311413755961135e+07
2.506383762326716259e+07
2.506464461542774364e+07
2.506481373454918712e+07
2.506517066710523516e+07
2.506470900513040274e+07
2.506396123709068075e+07
2.506311569469480589e+07
2.506196105442963168e+07
2.506105991343701631e+07
2.506073460515329987e+07
2.505920523782786727e+07
2.505752660391775891e+07
2.505625241441598162e+07
2.505436094638726115e+07
2.505213757341893390e+07
2.504991143233747408e+07
2.504788783703907207e+07
2.504592053645888716e+07
2.504441866806846112e+07
2.504339791195278242e+07
2.504244610650748387e+07
2.504173940048846230e+07
2.504171917771869153e+07
2.504251254693977162e+07
2.504374755097521469e+07
2.504490857628866285e+07
2.504588722618398815e+07
2.504650410868445784e+07
2.504701252552143484e+07
2.504672300419544801e+07
2.504618454729089513e+07
2.504491656452766806e+07
2.504279584892791137e+07
2.504075719473481551e+07
2.503912151749813929e+07
2.503767895529088005e+07
2.503689968981056288e+07
2.503652623464944214e+07
2.503664410789080337e+07
2.503663842122166604e+07
2.503782370485391468e+07
2.503943244255139306e+07
2.504173033579050750e+07
2.504424586463016644e+07
2.504618817218345404e+07
2.504618782676017284e+07
2.504573355239379406e+07
2.504544146801612899e+07
2.504471351242033020e+07
2.504334763625245914e+07
2.504301216060268506e+07
2.504265894512131065e+07
2.504282198210326210e+07
2.504186711262667924e+07
2.504204254812350869e+07
2.504172970970931277e+07
2.504129010019119456e+07
2.503874910075061396e+07
2.503672869264371321e+07
2.503338483838427812e+07
2.502949210353033990e+07
2.502470867351766303e+07
2.502267874706937745e+07
2.501968250401488692e+07
2.501942959705846757e+07
2.501749945623753592e+07
2.501982887239016965e+07
2.501778530131902918e+07
