8.795164186224572361e+06
8.796096233263816684e+06
8.796455990545410663e+06
8.796791708434805274e+06
8.796857433449456468e+06
8.797289412475895137e+06
8.797532786842608824e+06
8.797688361452445388e+06
8.797635405021904036e+06
8.797465068055775017e+06
8.797013238747213036e+06
8.796311963311392814e+06
8.795136653757434338e+06
8.794047530358275399e+06
8.792950057638080791e+06
8.791677088897421956e+06
8.790703768218174577e+06
8.789955993476245552e+06
8.789506324839573354e+06
8.789648859609922394e+06
8.790418298005020246e+06
8.791386987958610058e+06
8.792605455793244764e+06
8.793958271334907040e+06
8.795268001614456996e+06
8.796264352029984817e+06
8.796832355136683211e+06
8.797220002775209025e+06
8.797322704493109137e+06
8.797156682411128655e+06
8.797135166124962270e+06
8.797182614475445822e+06
8.797222249455997720e+06
8.797375067637685686e+06
8.797522395486565307e+06
8.797305193761214614e+06
8.796606662351595238e+06
8.795821779977707192e+06
8.794744042280197144e+06
8.793262728748312220e+06
8.791653910069294274e+06
8.790224016635073349e+06
8.789207183873297647e+06
8.788631468472788110e+06
8.788978311195680872e+06
8.789798946906898171e+06
8.791048409788835794e+06
8.792862047417119145e+06
8.794648978677187115e+06
8.795958524936821312e+06
8.797097245747037232e+06
8.797500802185960114e+06
8.797390894342403859e+06
8.797234312788480893e+06
8.796715803104238585e+06
8.796302747529992834e+06
8.796312782323068008e+06
8.796439266533913091e+06
8.796976569475878030e+06
8.797534735027000308e+06
8.797454350639797747e+06
8.797094741580665112e+06
8.796480271983342245e+06
8.795041644561773166e+06
8.793247256888085976e+06
8.791231766271449625e+06
8.789258674816621467e+06
8.788001467711208388e+06
8.787658700989987701e+06
8.787939136230889708e+06
8.789182525146955624e+06
8.791073517232866958e+06
8.793278348322717473e+06
8.795249492861427367e+06
8.796521857898432761e+06
8.797399318423135206e+06
8.797526868288747966e+06
8.797048462297154590e+06
8.796321833593891934e+06
8.795570636325472966e+06
8.795227902758652344e+06
8.795279940034557134e+06
8.795912144144563004e+06
8.796815320865932852e+06
8.797598861745605245e+06
8.797899198838843033e+06
8.797777782674930990e+06
8.796852150560019538e+06
8.795080867854930460e+06
8.792765500275058672e+06
8.790377434933360666e+06
8.788211777881709859e+06
8.787038435607008636e+06
8.786910747331624851e+06
8.787586676928645000e+06
8.789333572374971583e+06
8.791730286739248782e+06
8.794067221238477156e+06
8.795865991655757651e+06
8.797039940063640475e+06
8.797528800808141008e+06
8.797077356907539070e+06
8.796084481692859903e+06
8.794871186553247273e+06
8.793989420901199803e+06
8.793738013129662722e+06
8.794339028615688905e+06
8.795481093736605719e+06
8.796839662933001295e+06
8.798123115005472675e+06
8.798917744151627645e+06
8.798679235383400694e+06
8.797370603619109839e+06
8.795256182644370943e+06
8.792551469345571473e+06
8.789791214591668919e+06
8.787886005196984857e+06
8.786956194101139903e+06
8.787053500086253509e+06
8.788280691509693861e+06
8.790585019334457815e+06
8.793140105182224885e+06
8.795460952430833131e+06
8.797122895245518535e+06
8.797921703301865608e+06
8.797519419140882790e+06
8.796480290168901905e+06
8.794899018633885309e+06
8.793399539102062583e+06
8.792513886175874621e+06
8.792666750634789467e+06
8.793653339573042467e+06
8.795242276962652802e+06
8.797121196565218270e+06
8.798839799785483629e+06
8.799699858806395903e+06
8.799161244278809056e+06
8.797599239193093032e+06
8.795136698357986286e+06
8.792139975338120013e+06
8.789530374102236703e+06
8.787951826020445675e+06
8.787314329987622797e+06
8.787896420456347987e+06
8.789829779988901690e+06
8.792372093130875379e+06
8.794927409500109032e+06
8.796970098004400730e+06
8.798156341917378828e+06
8.798086233507683501e+06
8.797148970216490328e+06
8.795410489967016503e+06
8.793352194582866505e+06
8.791709315688155591e+06
8.791236365584770218e+06
8.791684150261245668e+06
8.792875682036614046e+06
8.794972483776742592e+06
8.797474123189304024e+06
8.799248013666246086e+06
8.799774478091450408e+06
8.799188181231474504e+06
8.797393167005186900e+06
8.794834245865741745e+06
8.792128370008291677e+06
8.789857134531555697e+06
8.788714364680109546e+06
8.788579978335740045e+06
8.789863190780501813e+06
8.792050036330170929e+06
8.794381956713363528e+06
8.796824591423697770e+06
8.798526086894400418e+06
8.798748428577132523e+06
8.798045082575555891e+06
8.796438197232982144e+06
8.794039992493925616e+06
8.791840534342186525e+06
8.790446124181931838e+06
8.790104160293692723e+06
8.790854106352064759e+06
8.792538938968680799e+06
8.795109957234514877e+06
8.797622542828636244e+06
8.799198989088725299e+06
8.799581321657763794e+06
8.798827091771159321e+06
8.797058499564709142e+06
8.794737071154274046e+06
8.792466435576271266e+06
8.790621818923640996e+06
8.790108528045024723e+06
8.791237985654957592e+06
8.792261711370889097e+06
8.794553138239368796e+06
8.796884002170888707e+06
8.798753298523606732e+06
8.799413592496803030e+06
8.798980316615629941e+06
8.797421139259859920e+06
8.795335892565123737e+06
8.792603870133083314e+06
8.790379586872264743e+06
8.789334560221139342e+06
8.789189335737112910e+06
8.790135428132062778e+06
8.792436035840528086e+06
8.794951344302706420e+06
8.797262738644296303e+06
8.798743788362825289e+06
8.798746557089718059e+06
8.797705063199535012e+06
8.796233388617983088e+06
8.794415260710002854e+06
8.792533942307673395e+06
8.791516702057655901e+06
8.791748308431861922e+06
8.792834044186523184e+06
8.794509208299336955e+06
8.796472497324073687e+06
8.798541828302243724e+06
8.799578919051881880e+06
8.799567376620208845e+06
8.798454911427533254e+06
8.796444889761766419e+06
8.793838003810811788e+06
8.791395680348219350e+06
8.789358688276093453e+06
8.788432416493104771e+06
8.788670550585389137e+06
8.790025408731510863e+06
8.792225496908536181e+06
8.794568853395581245e+06
8.796547802841672674e+06
8.797722712689282373e+06
8.797677680356025696e+06
8.797005477353945374e+06
8.795881900691468269e+06
8.794504544532073662e+06
8.793175948992865160e+06
8.794252721842044964e+06
8.793688440612651408e+06
8.795248093178223819e+06
8.796750544398313388e+06
8.798603781813211739e+06
8.799911489434674382e+06
8.800478392348203808e+06
8.799608584224674851e+06
8.798053336269471794e+06
8.795544720494108275e+06
8.793101005265925080e+06
8.790857037396784872e+06
8.789165707113152370e+06
8.788513023123232648e+06
8.789173498203400522e+06
8.790438020888617262e+06
8.792303547831168398e+06
8.794365427706705406e+06
8.795935370648996904e+06
8.796746251201571897e+06
8.796683725002899766e+06
8.796265722689386457e+06
8.795529425392583013e+06
8.794565015156425536e+06
8.794395282378625125e+06
8.794988122015537694e+06
8.795728651303119957e+06
8.797032147000800818e+06
8.798477957940675318e+06
8.799659276221165434e+06
8.800609195979233831e+06
8.800381644240677357e+06
8.799024427548065782e+06
8.797290960720874369e+06
8.795161476487334818e+06
8.792837617613000795e+06
8.790836213198857382e+06
8.789409892174886540e+06
8.789117663585897535e+06
8.789737921411279589e+06
8.790692940085146576e+06
8.792098812453616410e+06
8.793674577542858198e+06
8.794863766662903130e+06
8.795586574140232056e+06
8.795820753058727831e+06
8.795542939155157655e+06
8.795405532782621682e+06
8.795318934501517564e+06
8.795523151659587398e+06
8.796188180495802313e+06
8.797003863116851076e+06
8.798048556902505457e+06
8.799008286991007626e+06
8.799723140365820378e+06
8.799888863942619413e+06
8.799308133363204077e+06
8.797885382124507800e+06
8.796290528717556968e+06
8.794556667778221890e+06
8.792598552086563781e+06
8.790852728771250695e+06
8.789883911434965208e+06
8.789503022354001179e+06
8.789595183762030676e+06
8.790286023073384538e+06
8.791210920248795301e+06
8.792362399297172204e+06
8.793531416991731152e+06
8.794379540368961170e+06
8.794675766955230385e+06
8.795048520977530628e+06
8.795452668541785330e+06
8.795788388453250751e+06
8.796172444445325062e+06
8.796756533145595342e+06
8.797373537978431210e+06
8.798083003837291151e+06
8.798736883072154596e+06
8.798969189577354118e+06
8.798892460455412045e+06
8.798319645847616717e+06
8.797328731307623908e+06
8.796092178476041183e+06
8.794555930653540418e+06
8.793045193560952321e+06
8.791643691987574100e+06
8.790655895802445710e+06
8.789881759642170742e+06
8.789784605559883639e+06
8.789948004754567519e+06
8.790626092336717993e+06
8.791579510725356638e+06
8.792780118657561019e+06
8.793504670129805803e+06
8.794659641560763121e+06
