1.359258684888656810e+07
1.359363718341149949e+07
1.359386088755373843e+07
1.359427854847782478e+07
1.359444183258780465e+07
1.359484630335715413e+07
1.359517460173757561e+07
1.359538644246578403e+07
1.359536034009275958e+07
1.359520285772357509e+07
1.359475190237060748e+07
1.359396356653916091e+07
1.359282753807817958e+07
1.359174156357939914e+07
1.359058216901460476e+07
1.358942097221292742e+07
1.358842058091370389e+07
1.358771673745425604e+07
1.358732195805465989e+07
1.358745936551077850e+07
1.358820021672566049e+07
1.358918031708817557e+07
1.359031024572091177e+07
1.359162485503403284e+07
1.359282224465657212e+07
1.359376720908387937e+07
1.359430235779259540e+07
1.359468481951624341e+07
1.359483712076926604e+07
1.359478518738577887e+07
1.359477416309632361e+07
1.359482930882121436e+07
1.359490330527039990e+07
1.359503776614472643e+07
1.359515377052851580e+07
1.359488489356878400e+07
1.359424530495209992e+07
1.359346042717733979e+07
1.359238500385205075e+07
1.359095511054517142e+07
1.358940266495700739e+07
1.358806280632167868e+07
1.358703152693331428e+07
1.358652420951196738e+07
1.358681472386607528e+07
1.358760394885928743e+07
1.358885875182977691e+07
1.359047923268512450e+07
1.359211162674240395e+07
1.359349272649578378e+07
1.359452235211662203e+07
1.359499798681956716e+07
1.359502649610577524e+07
1.359479615972358733e+07
1.359441338192467578e+07
1.359408335817610659e+07
1.359398783958949521e+07
1.359417727632923983e+07
1.359465439868997596e+07
1.359509208356095292e+07
1.359507404820011929e+07
1.359475352923469618e+07
1.359403504353586771e+07
1.359270967699052021e+07
1.359094446697713621e+07
1.358901899719701149e+07
1.358719302551483922e+07
1.358591590622960776e+07
1.358549135665854625e+07
1.358584471849098802e+07
1.358697561983768269e+07
1.358876055782723986e+07
1.359083777823791839e+07
1.359274667861106060e+07
1.359412761358531937e+07
1.359497418767304346e+07
1.359516677239413932e+07
1.359477791222124361e+07
1.359410793429159559e+07
1.359341868216344342e+07
1.359302297492399998e+07
1.359308276805504411e+07
1.359365627389045991e+07
1.359449888065862842e+07
1.359523933945510909e+07
1.359561832374473475e+07
1.359547642881284654e+07
1.359458144742725417e+07
1.359289217734742910e+07
1.359070732700425945e+07
1.358836845639062673e+07
1.358627706898424402e+07
1.358503301527644508e+07
1.358481153311482817e+07
1.358552339476945065e+07
1.358715313273833692e+07
1.358939026140611619e+07
1.359164280919373967e+07
1.359343558618737012e+07
1.359467703838679940e+07
1.359516775448710285e+07
1.359483257760545984e+07
1.359394564269080386e+07
1.359284801114897244e+07
1.359201013306554407e+07
1.359171081823139638e+07
1.359222031213515997e+07
1.359328324378194287e+07
1.359447627999229170e+07
1.359566328222332709e+07
1.359640843099413067e+07
1.359620810624071583e+07
1.359499590578299947e+07
1.359293914710611477e+07
1.359041369165996090e+07
1.358780616870330833e+07
1.358588769222035445e+07
1.358489938221872225e+07
1.358492071845716424e+07
1.358613622746773623e+07
1.358822209312001057e+07
1.359064392723957635e+07
1.359284658219004050e+07
1.359457726293437555e+07
1.359535212223840319e+07
1.359510641389724612e+07
1.359409481946270354e+07
1.359269875411437452e+07
1.359126367418142408e+07
1.359035231672455184e+07
1.359042943402427249e+07
1.359131016012363508e+07
1.359273573070789129e+07
1.359444950583711080e+07
1.359602074685317092e+07
1.359680224468451552e+07
1.359640927503639273e+07
1.359491282765152678e+07
1.359262181593419239e+07
1.358980643314436451e+07
1.358731751516863145e+07
1.358564253765081987e+07
1.358498203029520065e+07
1.358553425570064224e+07
1.358729709369198233e+07
1.358969298543914407e+07
1.359209094964116812e+07
1.359412731676022336e+07
1.359527925649149530e+07
1.359528567112162709e+07
1.359435903444767557e+07
1.359279384855175018e+07
1.359091012711953558e+07
1.358940414258644357e+07
1.358887412787044607e+07
1.358922551961199008e+07
1.359036708335799910e+07
1.359235854586877115e+07
1.359460729020962678e+07
1.359625677761618048e+07
1.359683453072400391e+07
1.359631164041090012e+07
1.359468503642549925e+07
1.359223175402387977e+07
1.358965472262102738e+07
1.358750423223099671e+07
1.358620604765242711e+07
1.358604445776136406e+07
1.358720424931290001e+07
1.358922733139465190e+07
1.359148552416634001e+07
1.359374847519276477e+07
1.359534944652287848e+07
1.359577214480977878e+07
1.359508766920583509e+07
1.359359834813975170e+07
1.359144997348323464e+07
1.358931993534026854e+07
1.358799493982531689e+07
1.358758783540583588e+07
1.358823248844098859e+07
1.358988049007271416e+07
1.359227048874686286e+07
1.359453845454033837e+07
1.359610005700569972e+07
1.359656333657230437e+07
1.359595407171483152e+07
1.359428540904593840e+07
1.359207599505906738e+07
1.358989082851967029e+07
1.358817441725997441e+07
1.358753830532605574e+07
1.358851627129411511e+07
1.358947285169394873e+07
1.359163792884934321e+07
1.359383410081101023e+07
1.359560957997317612e+07
1.359635643510625511e+07
1.359600906193298846e+07
1.359461918409932777e+07
1.359253452294299565e+07
1.359003361420555413e+07
1.358800123574118316e+07
1.358681687368645892e+07
1.358664220554023236e+07
1.358759638329749927e+07
1.358974497167705931e+07
1.359211750128860772e+07
1.359429023235789128e+07
1.359568815039063804e+07
1.359592883499943838e+07
1.359497608924260363e+07
1.359355617764976807e+07
1.359180555836723931e+07
1.359012246987928450e+07
1.358909495549361594e+07
1.358917715061555989e+07
1.359012641749791242e+07
1.359172953030283190e+07
1.359370658739196882e+07
1.359556367939952202e+07
1.359660122590425052e+07
1.359665009457147680e+07
1.359558755439958908e+07
1.359365363824392483e+07
1.359112255145706423e+07
1.358877371514306217e+07
1.358685381319566257e+07
1.358588157635760680e+07
1.358600194764216803e+07
1.358736243617670797e+07
1.358940811363452673e+07
1.359163128641484678e+07
1.359340989582717605e+07
1.359460205297530629e+07
1.359466102281900868e+07
1.359411608320402913e+07
1.359291739559976384e+07
1.359171200611719117e+07
1.359053076480048336e+07
1.359111373816787265e+07
1.359096549473717995e+07
1.359234674821864441e+07
1.359391254123777151e+07
1.359569750884876028e+07
1.359690021998501010e+07
1.359735629191381857e+07
1.359668886642073467e+07
1.359511763190556876e+07
1.359276792577110231e+07
1.359035151164991595e+07
1.358820314311529696e+07
1.358658010982742906e+07
1.358587764572083764e+07
1.358634171496401541e+07
1.358761125347575732e+07
1.358938711608660035e+07
1.359128363375124522e+07
1.359278699673152156e+07
1.359354381884601898e+07
1.359357014317302033e+07
1.359317469327816367e+07
1.359244018507681228e+07
1.359166773228509724e+07
1.359158015784768574e+07
1.359197393978899904e+07
1.359275725201489590e+07
1.359398057669196837e+07
1.359543169137307443e+07
1.359662772269521467e+07
1.359737268220344186e+07
1.359715803455070965e+07
1.359602197457997128e+07
1.359423258943958022e+07
1.359208704981526546e+07
1.358982193465791456e+07
1.358788272184955515e+07
1.358652848980862461e+07
1.358618822953486815e+07
1.358668272321477905e+07
1.358769129317585938e+07
1.358900831878562272e+07
1.359041117441447638e+07
1.359153162523542531e+07
1.359227662163278647e+07
1.359247166699923202e+07
1.359231481955872476e+07
1.359212123731131479e+07
1.359217377918086387e+07
1.359247051658215933e+07
1.359303548472317494e+07
1.359389468409247510e+07
1.359497354844007455e+07
1.359596208333770931e+07
1.359666315264013596e+07
1.359675001760651357e+07
1.359615860539046302e+07
1.359486454244549200e+07
1.359323628177290969e+07
1.359149938411592506e+07
1.358955922103566304e+07
1.358794789339696057e+07
1.358699667955192924e+07
1.358658868625770882e+07
1.358666646209804341e+07
1.358727735509279370e+07
1.358819569652672485e+07
1.358919996917987801e+07
1.359025960415540263e+07
1.359099672476636432e+07
1.359134712660693005e+07
1.359173358119034767e+07
1.359209654725034535e+07
1.359249947042951360e+07
1.359291620289969444e+07
1.359352814399570227e+07
1.359416873252308741e+07
1.359490623297308385e+07
1.359551696584592387e+07
1.359576189352497645e+07
1.359556895425873436e+07
1.359499954126509838e+07
1.359406096542086266e+07
1.359283236725415476e+07
1.359132964809440449e+07
1.358985937676405720e+07
1.358848479621392116e+07
1.358745118923884816e+07
1.358673328116863780e+07
1.358656217336911149e+07
1.358673398397708870e+07
1.358739045620896854e+07
1.358827325439514779e+07
1.358933613754493371e+07
1.359011275651295483e+07
1.359114980253748782e+07
