8.786842903995845467e+06
8.787779554632434621e+06
8.788137774058902636e+06
8.788474079211127013e+06
8.788539612337591127e+06
8.788971820504922420e+06
8.789215661730136722e+06
8.789371972081100568e+06
8.789318248682266101e+06
8.789147749519160017e+06
8.788695595497725531e+06
8.787994826641110703e+06
8.786819673110976815e+06
8.785728197475342080e+06
8.784629236447397619e+06
8.783357667871685699e+06
8.782385337086746469e+06
8.781634585148043931e+06
8.781186912339085713e+06
8.781329129758043215e+06
8.782097881676204503e+06
8.783067387546952814e+06
8.784286854362973943e+06
8.785640212748469785e+06
8.786948853818271309e+06
8.787943484427666292e+06
8.788513126044658944e+06
8.788900712152440101e+06
8.789003536501858383e+06
8.788837569385211915e+06
8.788815751760922372e+06
8.788863234229765832e+06
8.788901950129609555e+06
8.789055193741954863e+06
8.789202468790043145e+06
8.788985291211638600e+06
8.788286472443995997e+06
8.787499453809794039e+06
8.786421060846684501e+06
8.784940656662795693e+06
8.783332027663368732e+06
8.781901023019537330e+06
8.780883446835016832e+06
8.780307181428400800e+06
8.780655676282525063e+06
8.781477503935819492e+06
8.782725434704015031e+06
8.784539147017912939e+06
8.786326932302251458e+06
8.787636398882495239e+06
8.788775176811469719e+06
8.789180774324154481e+06
8.789068945916289464e+06
8.788911990240611136e+06
8.788394146412221715e+06
8.787979081874944270e+06
8.787988751167826355e+06
8.788116318848434836e+06
8.788653679658235982e+06
8.789210406811647117e+06
8.789129521706176922e+06
8.788771356502832845e+06
8.788158430027239025e+06
8.786716520413666964e+06
8.784923211139624938e+06
8.782908321201426908e+06
8.780934893604908139e+06
8.779677017491128296e+06
8.779334897302418947e+06
8.779614510200265795e+06
8.780857403497349471e+06
8.782748509807648137e+06
8.784953692654877901e+06
8.786925506172440946e+06
8.788197649265024811e+06
8.789074357789190486e+06
8.789201292763993144e+06
8.788722196990581229e+06
8.787997788682937622e+06
8.787244038308560848e+06
8.786902060804368928e+06
8.786953803503768519e+06
8.787586650869738311e+06
8.788488890254400671e+06
8.789272683052232489e+06
8.789571668561829254e+06
8.789452659354899079e+06
8.788524093447161838e+06
8.786755005783401430e+06
8.784437733479486778e+06
8.782049606715913862e+06
8.779883524926928803e+06
8.778712353699937463e+06
8.778583407539729029e+06
8.779259166229866445e+06
8.781005368815328926e+06
8.783402492433536798e+06
8.785739095171678811e+06
8.787538514733359218e+06
8.788709792496437207e+06
8.789201015007153153e+06
8.788750242323229089e+06
8.787755932227702811e+06
8.786543802060281858e+06
8.785662690729586408e+06
8.785407797265173867e+06
8.786010408146422356e+06
8.787151071173420176e+06
8.788510860481621698e+06
8.789793721869088709e+06
8.790590786156978458e+06
8.790350506205875427e+06
8.789040202455533668e+06
8.786926836723824963e+06
8.784222422004880384e+06
8.781459274016378447e+06
8.779555826352441683e+06
8.778625364786857739e+06
8.778723285987516865e+06
8.779949642757987604e+06
8.782254010281711817e+06
8.784808576191481203e+06
8.787130151458498091e+06
8.788792199630547315e+06
8.789590649951197207e+06
8.789189389981884509e+06
8.788149421723974869e+06
8.786567499025857076e+06
8.785067549527453259e+06
8.784182578169541433e+06
8.784335171434288844e+06
8.785321639708342031e+06
8.786910209663974121e+06
8.788789827137038112e+06
8.790509110455373302e+06
8.791367537335136905e+06
8.790829554597580805e+06
8.789266734648985788e+06
8.786805099638450891e+06
8.783808393855083734e+06
8.781197860376700759e+06
8.779619448258699849e+06
8.778981571095552295e+06
8.779564382701896131e+06
8.781496307240309194e+06
8.784037790415102616e+06
8.786593822070669383e+06
8.788637090863546357e+06
8.789824168084058911e+06
8.789752659262018278e+06
8.788815274682579562e+06
8.787076654241485521e+06
8.785018650102263317e+06
8.783373359966693446e+06
8.782903212506027892e+06
8.783347528608739376e+06
8.784541787739833817e+06
8.786637251383753493e+06
8.789140327225221321e+06
8.790913290824649855e+06
8.791440750228837132e+06
8.790853047011692077e+06
8.789059357006421313e+06
8.786497719155512750e+06
8.783791214716821909e+06
8.781522051662471145e+06
8.780379237568922341e+06
8.780241890578659251e+06
8.781527677157439291e+06
8.783713963106157258e+06
8.786047651987127960e+06
8.788487414209628478e+06
8.790189634805781767e+06
8.790412900656744838e+06
8.789707783197121695e+06
8.788103216012205929e+06
8.785703606015257537e+06
8.783503025004928932e+06
8.782107931483699009e+06
8.781765987145952880e+06
8.782517742235552520e+06
8.784201511582801118e+06
8.786772103414539248e+06
8.789284693926082924e+06
8.790859885295460001e+06
8.791242356924710795e+06
8.790489683880709112e+06
8.788720733947321773e+06
8.786400536093797535e+06
8.784126650358743966e+06
8.782284457709180191e+06
8.781770152071317658e+06
8.782900383173003793e+06
8.783922797884432599e+06
8.786215011329757050e+06
8.788544982418712229e+06
8.790415375202456489e+06
8.791073426770066842e+06
8.790642167181720957e+06
8.789081667258786038e+06
8.786997967890288681e+06
8.784264930974941701e+06
8.782039811949936673e+06
8.780995610297074541e+06
8.780850120319910347e+06
8.781796598795564845e+06
8.784096285653419793e+06
8.786609991010582075e+06
8.788923252778906375e+06
8.790403195614501834e+06
8.790406870804160833e+06
8.789365343014590442e+06
8.787892942957341671e+06
8.786075181471761316e+06
8.784191776180719957e+06
8.783176569959774613e+06
8.783406783417845145e+06
8.784492919387824833e+06
8.786167284035502002e+06
8.788130584406189620e+06
8.790201173984073102e+06
8.791238117528267205e+06
8.791225532690737396e+06
8.790113909476462752e+06
8.788103213989216834e+06
8.785496891255754977e+06
8.783053475342581049e+06
8.781015334952304140e+06
8.780087802369881421e+06
8.780329410399066284e+06
8.781683680624805391e+06
8.783881837048586458e+06
8.786227602038558573e+06
8.788202320289442316e+06
8.789381384382696822e+06
8.789332859296472743e+06
8.788662710834793746e+06
8.787537320492384955e+06
8.786162238651024178e+06
8.784832742795381695e+06
8.785904230692667887e+06
8.785346235590510070e+06
8.786904713420839980e+06
8.788406332783106714e+06
8.790260370351407677e+06
8.791567471388949081e+06
8.792133625706413761e+06
8.791266181711601093e+06
8.789709633030425757e+06
8.787201346305988729e+06
8.784755271038696170e+06
8.782512920850308612e+06
8.780821499462930486e+06
8.780169580568810925e+06
8.780827724390197545e+06
8.782092507737934589e+06
8.783958077725464478e+06
8.786021002345014364e+06
8.787589058066625148e+06
8.788401932680511847e+06
8.788337920850839466e+06
8.787920307870803401e+06
8.787182784138774499e+06
8.786218642790168524e+06
8.786048209992038086e+06
8.786643278151379898e+06
8.787382520202152431e+06
8.788686394724227488e+06
8.790132414093239233e+06
8.791312186941962689e+06
8.792263156192502007e+06
8.792035242432873696e+06
8.790678174482082948e+06
8.788944532759318128e+06
8.786813061368640512e+06
8.784490330729605630e+06
8.782488393288837746e+06
8.781064150704745203e+06
8.780769760926047340e+06
8.781388645283171907e+06
8.782343899450883269e+06
8.783751385957483202e+06
8.785326993291268125e+06
8.786515945075513795e+06
8.787237996895339340e+06
8.787472787159865722e+06
8.787193843484627083e+06
8.787058248735768721e+06
8.786970683618439361e+06
8.787175167559165508e+06
8.787838663633354008e+06
8.788655787529194728e+06
8.789699780735557899e+06
8.790658790638934821e+06
8.791374167307654396e+06
8.791540942220535129e+06
8.790959487019576132e+06
8.789536411381140351e+06
8.787940520626163110e+06
8.786206757364371791e+06
8.784249611183736473e+06
8.782501724385505542e+06
8.781533461020406336e+06
8.781154894294569269e+06
8.781245391719091684e+06
8.781934494137095287e+06
8.782861145520398393e+06
8.784012067542072386e+06
8.785181932208700106e+06
8.786029435344537720e+06
8.786324405631022528e+06
8.786697566429713741e+06
8.787100212454315275e+06
8.787438462395127863e+06
8.787820520685827360e+06
8.788405360861694440e+06
8.789022585674542934e+06
8.789732272996956483e+06
8.790386370285397395e+06
8.790617607061110437e+06
8.790539715597691014e+06
8.789967711147854105e+06
8.788974482911860570e+06
8.787739395261388272e+06
8.786202791151341051e+06
8.784693035735597834e+06
8.783291507173132151e+06
8.782303602456513792e+06
8.781528893460931256e+06
8.781430496305560693e+06
8.781595047900065780e+06
8.782272484705351293e+06
8.783225540885454044e+06
8.784426779972424731e+06
8.785151942323278636e+06
8.786307648281672969e+06
