6.090069820571280271e+07
6.090058364003353566e+07
6.090108793785075843e+07
6.090156039040744305e+07
6.090219798618304729e+07
6.090271806667438149e+07
6.090321630616738647e+07
6.090316699349271506e+07
6.090294093217790127e+07
6.090243195564935356e+07
6.090172038092031330e+07
6.090061197004647553e+07
6.089943862610551715e+07
6.089830445630529523e+07
6.089724397292714566e+07
6.089616258876451850e+07
6.089531240011137724e+07
6.089475723296116292e+07
6.089454440083561838e+07
6.089480879678734392e+07
6.089568788587252051e+07
6.089670963617208600e+07
6.089788530861749500e+07
6.089920454891700298e+07
6.090046397830837965e+07
6.090142627422783524e+07
6.090206286403749883e+07
6.090237363788919896e+07
6.090232674994220585e+07
6.090215042153865844e+07
6.090216609673701972e+07
6.090225016121993959e+07
6.090236162652637810e+07
6.090246401506772637e+07
6.090248055918509513e+07
6.090203041518313438e+07
6.090124768930596858e+07
6.090025024379100651e+07
6.089904363969478756e+07
6.089759519272876531e+07
6.089612112462987006e+07
6.089491036426655948e+07
6.089397153947194666e+07
6.089351916984560341e+07
6.089382927309717238e+07
6.089467460663299263e+07
6.089602432451990247e+07
6.089770604636528343e+07
6.089925313555815816e+07
6.090031658159404248e+07
6.090099020899193734e+07
6.090117183766283840e+07
6.090107356047478318e+07
6.090080680790625513e+07
6.090046843365641683e+07
6.090022885085817426e+07
6.090027285517565161e+07
6.090058736396355927e+07
6.090120591517449915e+07
6.090186732406220585e+07
6.090210386864195019e+07
6.090182890507909656e+07
6.090104238668429106e+07
6.089965307832556963e+07
6.089779674429834634e+07
6.089576492521248013e+07
6.089383417705032229e+07
6.089237393378648162e+07
6.089176148004297167e+07
6.089211255842741579e+07
6.089333798127774894e+07
6.089523371278662235e+07
6.089733768732105941e+07
6.089913340194763243e+07
6.090042766897475719e+07
6.090122070544500649e+07
6.090141067130899429e+07
6.090108263785417378e+07
6.090058001746702194e+07
6.090013094097353518e+07
6.089993468115440756e+07
6.090019378644876927e+07
6.090100256904793531e+07
6.090205553859963268e+07
6.090285740074927360e+07
6.090320469892372191e+07
6.090294253693585098e+07
6.090189404529312998e+07
6.090005675007461011e+07
6.089780397804153711e+07
6.089550756028223783e+07
6.089346630506662279e+07
6.089221579053912312e+07
6.089195421357183158e+07
6.089278898497275263e+07
6.089462795847705007e+07
6.089717378130076826e+07
6.089970416244653612e+07
6.090166504836004972e+07
6.090294413234560192e+07
6.090335073778433353e+07
6.090299603793273866e+07
6.090221517603003234e+07
6.090124330564302206e+07
6.090055057275248319e+07
6.090040564226746559e+07
6.090104692354919016e+07
6.090222619036561251e+07
6.090346601846478134e+07
6.090453683409467340e+07
6.090503434960721433e+07
6.090461447018589824e+07
6.090314576376287639e+07
6.090075911956433952e+07
6.089789767696706206e+07
6.089514135382353514e+07
6.089324012623527646e+07
6.089241905273160338e+07
6.089286977004146576e+07
6.089460170823428035e+07
6.089703349776501954e+07
6.089959950635560602e+07
6.090181603253331035e+07
6.090356209105217457e+07
6.090431065493670851e+07
6.090400360787314177e+07
6.090288439558211714e+07
6.090149907315436751e+07
6.090015942130755633e+07
6.089939141549862176e+07
6.089959470032532513e+07
6.090058858921562135e+07
6.090205301244452596e+07
6.090375938640790433e+07
6.090518580484398454e+07
6.090585304669870436e+07
6.090538616985189170e+07
6.090380703622842580e+07
6.090142494840921462e+07
6.089859567841315269e+07
6.089621452284241468e+07
6.089463528390936553e+07
6.089407866204269230e+07
6.089476264161469787e+07
6.089664790299937874e+07
6.089915831591706723e+07
6.090159636619369686e+07
6.090369673536953330e+07
6.090481258721850067e+07
6.090484305053743720e+07
6.090387791426991671e+07
6.090231508292254061e+07
6.090051791223241389e+07
6.089914697930573672e+07
6.089870673309734464e+07
6.089916900442279130e+07
6.090047043845060468e+07
6.090251815718387067e+07
6.090474448677231371e+07
6.090637086665763706e+07
6.090685104969194531e+07
6.090606530588520318e+07
6.090423994010289758e+07
6.090170705991087854e+07
6.089914990909105539e+07
6.089708419810376316e+07
6.089574647063179314e+07
6.089560269468391687e+07
6.089679884944517165e+07
6.089887634341180325e+07
6.090120426989208907e+07
6.090356935254973918e+07
6.090525140974882245e+07
6.090573833344516158e+07
6.090501976399327815e+07
6.090345023511577398e+07
6.090128359584603459e+07
6.089926204414884746e+07
6.089798755190815777e+07
6.089762076897097379e+07
6.089832210687250644e+07
6.090009600092333555e+07
6.090253631229928881e+07
6.090482378677102923e+07
6.090625911908263713e+07
6.090657092923995852e+07
6.090569009161487222e+07
6.090386578487195075e+07
6.090152375749326497e+07
6.089943833042216301e+07
6.089781937116351724e+07
6.089747896811798215e+07
6.089880000430944562e+07
6.089973731329196692e+07
6.090214310514894873e+07
6.090442951748776436e+07
6.090628073900364339e+07
6.090701324371449649e+07
6.090656391905372590e+07
6.090502691207180917e+07
6.090280690688163787e+07
6.090030443956229091e+07
6.089835681597899646e+07
6.089729036704953760e+07
6.089714174194800109e+07
6.089824505771482736e+07
6.090053282851345837e+07
6.090308429269464314e+07
6.090526568063683063e+07
6.090658375042044371e+07
6.090669698626244813e+07
6.090561113614484668e+07
6.090401105541039258e+07
6.090209839033417404e+07
6.090037598360779136e+07
6.089937294243182242e+07
6.089945849849478900e+07
6.090057258778721839e+07
6.090227949438972771e+07
6.090441717090423405e+07
6.090621091286103427e+07
6.090716262297592312e+07
6.090688040574249625e+07
6.090560363057629764e+07
6.090339338888053596e+07
6.090067168615760654e+07
6.089820837944059819e+07
6.089644560134314746e+07
6.089561545439579338e+07
6.089602117173241824e+07
6.089751134436304867e+07
6.089972710890349746e+07
6.090200073400091380e+07
6.090387352795228362e+07
6.090496132456438988e+07
6.090497455323626101e+07
6.090421546237410605e+07
6.090314082101117074e+07
6.090175577741432935e+07
6.090119895357772708e+07
6.090216671883340180e+07
6.090197266107995063e+07
6.090364637770374864e+07
6.090526375023292750e+07
6.090694396011976153e+07
6.090781987223826349e+07
6.090792283589705080e+07
6.090693193945395201e+07
6.090500903976135701e+07
6.090239083820144087e+07
6.089990535993309319e+07
6.089782691652499884e+07
6.089644985849515349e+07
6.089596999417484552e+07
6.089661666637372971e+07
6.089795426464550942e+07
6.089978289863724262e+07
6.090157722697103769e+07
6.090295048786503822e+07
6.090357459343408048e+07
6.090371059504354000e+07
6.090345840339145809e+07
6.090297740490592271e+07
6.090246433519033343e+07
6.090262069650008529e+07
6.090312301291830838e+07
6.090401855664508790e+07
6.090523244915238768e+07
6.090668118910267204e+07
6.090779055547803640e+07
6.090824291708869487e+07
6.090776391579587013e+07
6.090636505114411563e+07
6.090430690686932951e+07
6.090198311428668350e+07
6.089974759183277190e+07
6.089793467732483149e+07
6.089679938891314715e+07
6.089678393200945109e+07
6.089756899572926015e+07
6.089886580842309445e+07
6.090034284853208810e+07
6.090175286369512975e+07
6.090275632410799712e+07
6.090325809883461148e+07
6.090313775605193526e+07
6.090280304071647674e+07
6.090249936757829040e+07
6.090247869784869254e+07
6.090276691853155196e+07
6.090334266988329589e+07
6.090427979174441099e+07
6.090546276924605668e+07
6.090655543144594133e+07
6.090731245239244401e+07
6.090751043402607739e+07
6.090698564486091584e+07
6.090570112139588594e+07
6.090398730525312573e+07
6.090206859036918730e+07
6.090002936005646735e+07
6.089835069503955543e+07
6.089725783422755450e+07
6.089682007625143230e+07
6.089690794737505168e+07
6.089749232140333205e+07
6.089842000143425167e+07
6.089942140275746584e+07
6.090045993251198530e+07
6.090125864784884453e+07
6.090170680123195797e+07
6.090221957130354643e+07
6.090282247094590962e+07
6.090356547800340503e+07
6.090434943913030624e+07
6.090525096417602152e+07
6.090599154714661837e+07
6.090668765425540507e+07
6.090714285873901844e+07
6.090719487656347454e+07
6.090674454806947708e+07
6.090588265591772646e+07
6.090463412109936029e+07
6.090318009779047966e+07
6.090148838230635226e+07
6.089993066942322254e+07
6.089862873036676645e+07
6.089781879894394428e+07
6.089743019716260582e+07
6.089766017366469651e+07
6.089811097469013929e+07
6.089897360647267103e+07
6.089987375395922363e+07
6.090089318648619205e+07
6.090150650778496265e+07
6.090253067710172385e+07
