1.749488536860250682e+07
1.749689001054529846e+07
1.749706180514887720e+07
1.749760687745917961e+07
1.749766829632002488e+07
1.749821719734336808e+07
1.749823591565446556e+07
1.749843120263421163e+07
1.749842770099632442e+07
1.749832149112949148e+07
1.749808954012319446e+07
1.749770685385462642e+07
1.749695580343787000e+07
1.749632006869027764e+07
1.749530302932401374e+07
1.749445997355432436e+07
1.749346125839607418e+07
1.749247608770336583e+07
1.749168819191611931e+07
1.749147877907204628e+07
1.749153190352873132e+07
1.749228023011598736e+07
1.749359792840693519e+07
1.749526893822993338e+07
1.749699108161187544e+07
1.749877816412415728e+07
1.749990288783739135e+07
1.750042488039069623e+07
1.750026582852144912e+07
1.749962347428421676e+07
1.749915591338301077e+07
1.749861632478395849e+07
1.749806592186108977e+07
1.749774559786207229e+07
1.749760277254868671e+07
1.749765824637991190e+07
1.749755477148422226e+07
1.749744084077702835e+07
1.749707766430249810e+07
1.749608102467083931e+07
1.749465251497681066e+07
1.749310043691388890e+07
1.749172086519550160e+07
1.749075300600177050e+07
1.749036446383654326e+07
1.749086417551760375e+07
1.749204998726315051e+07
1.749367128830479085e+07
1.749553231923139468e+07
1.749738290596377477e+07
1.749887195111350343e+07
1.749994916959211230e+07
1.750067736623386666e+07
1.750071898886292055e+07
1.750019432225977257e+07
1.749905346717528254e+07
1.749746986150320619e+07
1.749624006785055995e+07
1.749558343329311535e+07
1.749533977861027420e+07
1.749531979332147166e+07
1.749532677307973057e+07
1.749510927777015418e+07
1.749438439215631783e+07
1.749311379022312909e+07
1.749124967305106297e+07
1.748898168336911127e+07
1.748705870852353424e+07
1.748569765162985027e+07
1.748519795304597914e+07
1.748577866428207234e+07
1.748736086154023185e+07
1.748970795085629821e+07
1.749241519794747978e+07
1.749493852126589417e+07
1.749713242427740246e+07
1.749864363115513325e+07
1.749915843102699146e+07
1.749869149637855217e+07
1.749762937737183645e+07
1.749674348386896029e+07
1.749592886637714505e+07
1.749493011106713116e+07
1.749454250112558156e+07
1.749478991496356204e+07
1.749554987479751557e+07
1.749627174837004393e+07
1.749611240772161633e+07
1.749518744712683186e+07
1.749335804545009136e+07
1.749106194376955181e+07
1.748879445990040898e+07
1.748692095812592283e+07
1.748590262136479840e+07
1.748624065504329279e+07
1.748737047105980664e+07
1.748941131681590527e+07
1.749205573928943276e+07
1.749472321182755753e+07
1.749686783067823201e+07
1.749770800014139712e+07
1.749757052540345117e+07
1.749677409258510917e+07
1.749561108843111992e+07
1.749435331317078322e+07
1.749348800636568293e+07
1.749306014371627197e+07
1.749299970840685442e+07
1.749349909081104770e+07
1.749450335197219998e+07
1.749592375452953950e+07
1.749716739731210098e+07
1.749760432213866338e+07
1.749669595919415727e+07
1.749467455175585672e+07
1.749186259118212759e+07
1.748890157408219203e+07
1.748660359731179848e+07
1.748549686773424968e+07
1.748553487383323163e+07
1.748676110981054232e+07
1.748876079128943011e+07
1.749115817342134565e+07
1.749348728329087049e+07
1.749518360349673033e+07
1.749586058369865641e+07
1.749556826162455603e+07
1.749447287681810558e+07
1.749274698113133758e+07
1.749084459878107905e+07
1.748979152127281576e+07
1.749017208137505874e+07
1.749171958856740966e+07
1.749379184835522622e+07
1.749583485348664224e+07
1.749704294500770792e+07
1.749747427147820964e+07
1.749676631321429461e+07
1.749512994205283746e+07
1.749246866430266574e+07
1.748922329017512500e+07
1.748608340394999832e+07
1.748368473604040220e+07
1.748254281212772429e+07
1.748316773629988357e+07
1.748519151926581562e+07
1.748785749405222014e+07
1.749093923239070922e+07
1.749363742744642496e+07
1.749537570415028557e+07
1.749593258227173239e+07
1.749504855366783217e+07
1.749339622946125641e+07
1.749153842501314729e+07
1.749040332993527502e+07
1.748986386873812228e+07
1.748998858626894280e+07
1.749094691100329533e+07
1.749269903591560945e+07
1.749475996182361990e+07
1.749652340758369118e+07
1.749721778134552389e+07
1.749668181093530357e+07
1.749504264647536352e+07
1.749249955196270719e+07
1.748962388493308797e+07
1.748732297228614613e+07
1.748610571215920895e+07
1.748634142454780266e+07
1.748753382505078241e+07
1.748966023147535324e+07
1.749250630960187688e+07
1.749529482125104219e+07
1.749703397116527706e+07
1.749732948079824820e+07
1.749626416682142019e+07
1.749418190436422452e+07
1.749149942449007928e+07
1.748908423743725568e+07
1.748754553905667737e+07
1.748718567609292641e+07
1.748830438772504032e+07
1.749049093158148229e+07
1.749323008518074453e+07
1.749591116855768859e+07
1.749776689932614565e+07
1.749847371039696038e+07
1.749799035272720829e+07
1.749645732294956222e+07
1.749407254526839033e+07
1.749164719581865892e+07
1.748956874051516876e+07
1.748900588947441056e+07
1.748912006589604542e+07
1.749033910784584656e+07
1.749231538778683916e+07
1.749464886349137872e+07
1.749677157331101969e+07
1.749787445719277114e+07
1.749774287728716806e+07
1.749610571422188729e+07
1.749369533706429228e+07
1.749144770784971118e+07
1.748944876310653985e+07
1.748804970555882901e+07
1.748768156669229269e+07
1.748871326560787484e+07
1.749045734567650408e+07
1.749246609045394510e+07
1.749422939516559243e+07
1.749545694367277995e+07
1.749574824209328741e+07
1.749516408274845034e+07
1.749377557144457847e+07
1.749173489655583724e+07
1.749001402117396519e+07
1.748889215860135853e+07
1.748886104270756617e+07
1.749009152479178458e+07
1.749184958567271754e+07
1.749418405585477874e+07
1.749618567639520764e+07
1.749756904992536083e+07
1.749796393191510066e+07
1.749753204124982283e+07
1.749574427463283017e+07
1.749339865703141689e+07
1.749095388707765564e+07
1.748916986632351205e+07
1.748829139510564506e+07
1.748888520554586500e+07
1.749019941151108220e+07
1.749223386768192425e+07
1.749401912379315123e+07
1.749540527871726453e+07
1.749562558270791546e+07
1.749559569258020818e+07
1.749460616912367940e+07
1.749366842907539010e+07
1.749149583691614866e+07
1.748967582283746451e+07
1.749004141196503118e+07
1.749007715590860695e+07
1.749136479347171262e+07
1.749285382438783720e+07
1.749466348598988727e+07
1.749617434580082446e+07
1.749687819770494476e+07
1.749659430478221923e+07
1.749528486422604695e+07
1.749335966519553214e+07
1.749103396777457744e+07
1.748862037930825353e+07
1.748699214153292030e+07
1.748663888886398822e+07
1.748710330768236145e+07
1.748803550425507873e+07
1.748961035350330546e+07
1.749146526765501499e+07
1.749301442094064131e+07
1.749412342743376642e+07
1.749440557170034945e+07
1.749407302606014907e+07
1.749365605301994085e+07
1.749358987251176313e+07
1.749308723642604426e+07
1.749192986788253114e+07
1.749132153229644895e+07
1.749178641148700193e+07
1.749278776650017872e+07
1.749356487082794681e+07
1.749427048106407374e+07
1.749428087850106880e+07
1.749348770381201804e+07
1.749210386664268374e+07
1.749029716686128825e+07
1.748829807903648168e+07
1.748653468415444717e+07
1.748567288866475597e+07
1.748576966520427167e+07
1.748663580971492082e+07
1.748800688140066341e+07
1.748971272355360165e+07
1.749140631203347072e+07
1.749269994631780311e+07
1.749328427644402906e+07
1.749371790108797699e+07
1.749406814348443598e+07
1.749440048950330913e+07
1.749458936104280129e+07
1.749369276388556138e+07
1.749261044517680258e+07
1.749198534312679619e+07
1.749157171577259526e+07
1.749224671670038626e+07
1.749278155321867764e+07
1.749304784958097711e+07
1.749296113208373263e+07
1.749246433377783373e+07
1.749128534322485700e+07
1.748964722472503036e+07
1.748805465775484964e+07
1.748690183645350486e+07
1.748629815130267292e+07
1.748604040799714252e+07
1.748621143449899927e+07
1.748666677734733373e+07
1.748742696399002895e+07
1.748836007161302492e+07
1.748921447841346264e+07
1.748998048368372396e+07
1.749059862149690464e+07
1.749138638273349032e+07
1.749207095419826731e+07
1.749253228091130778e+07
1.749241193424588069e+07
1.749187661418760195e+07
1.749131698168783635e+07
1.749101389990523830e+07
1.749123354161974415e+07
1.749118429294339940e+07
1.749060743126974627e+07
1.749010153666371107e+07
1.748949412411089242e+07
1.748867393643232435e+07
1.748754044920336455e+07
1.748641529012665898e+07
1.748509975148645788e+07
1.748392321438491717e+07
1.748291252465032041e+07
1.748245820639533922e+07
1.748247900854531303e+07
1.748294800645715371e+07
1.748393981035439670e+07
1.748568845285853744e+07
1.748742854864799231e+07
