5.343371947559638321e+07
5.343483597254405916e+07
5.343546080485918373e+07
5.343593454956015944e+07
5.343613127380309254e+07
5.343635145027519763e+07
5.343653356735871732e+07
5.343656970988548547e+07
5.343646346301723272e+07
5.343620177622464299e+07
5.343579599334932864e+07
5.343505246636766195e+07
5.343409177185852826e+07
5.343316584323912859e+07
5.343211737657663226e+07
5.343110811783892661e+07
5.343026268733175844e+07
5.342949237850561738e+07
5.342891791340312362e+07
5.342876147993407398e+07
5.342918554616270959e+07
5.342998332197836787e+07
5.343115417657692730e+07
5.343261537308018655e+07
5.343394204669619352e+07
5.343500981990916282e+07
5.343565871894536167e+07
5.343610468734248728e+07
5.343633152461235225e+07
5.343641730528956652e+07
5.343658189645505697e+07
5.343670343983935565e+07
5.343674528711200505e+07
5.343670889987775683e+07
5.343664562099261582e+07
5.343632872727039456e+07
5.343576540471656621e+07
5.343507129496681690e+07
5.343413884511120617e+07
5.343278323769361526e+07
5.343122189004268497e+07
5.342975662505997717e+07
5.342862835585532337e+07
5.342804550740271062e+07
5.342818919453404844e+07
5.342891192052110285e+07
5.343012703711619973e+07
5.343165397691591084e+07
5.343326544049783796e+07
5.343482242619203031e+07
5.343592659761908650e+07
5.343650008511944860e+07
5.343661332114163786e+07
5.343636012859684974e+07
5.343592531526502222e+07
5.343547969338548928e+07
5.343526514452206343e+07
5.343538415467343479e+07
5.343586617339225113e+07
5.343641255214738101e+07
5.343670846956578642e+07
5.343660506804297119e+07
5.343609980646982044e+07
5.343504631857033074e+07
5.343337702428302914e+07
5.343142586920397729e+07
5.342948182548440993e+07
5.342784276791768521e+07
5.342696615000833571e+07
5.342703393643312156e+07
5.342810898481967300e+07
5.342971976628509164e+07
5.343168663875948638e+07
5.343364681884940714e+07
5.343519346116593480e+07
5.343615017809887975e+07
5.343656658501891047e+07
5.343632339807631820e+07
5.343570208004932106e+07
5.343513537906325608e+07
5.343483372477579862e+07
5.343487278646006435e+07
5.343534432588482648e+07
5.343618262613329291e+07
5.343689242727295309e+07
5.343730940284587443e+07
5.343726637563841790e+07
5.343644150725208223e+07
5.343488142648430169e+07
5.343269876364519447e+07
5.343027306501875818e+07
5.342803371944844723e+07
5.342650689772289246e+07
5.342601067259903252e+07
5.342651824314675480e+07
5.342793030821851641e+07
5.343021412605927140e+07
5.343278425212553144e+07
5.343494852089784294e+07
5.343654464929994196e+07
5.343725316227816045e+07
5.343698736847975105e+07
5.343611882406823337e+07
5.343503903669462353e+07
5.343398071290204674e+07
5.343339615046767145e+07
5.343355491073911637e+07
5.343438539192149043e+07
5.343549055061007291e+07
5.343672676581167430e+07
5.343764269941761345e+07
5.343778094801904261e+07
5.343697671438209713e+07
5.343528363592955470e+07
5.343287700693958253e+07
5.343016737997303158e+07
5.342779775369911641e+07
5.342630182263828814e+07
5.342592920095653832e+07
5.342677868198195100e+07
5.342855012638331205e+07
5.343104933284561336e+07
5.343362877651063353e+07
5.343597384042401612e+07
5.343726797878588736e+07
5.343724638791536540e+07
5.343634910962879658e+07
5.343518155590871722e+07
5.343372584491028637e+07
5.343254461010847241e+07
5.343222604468548298e+07
5.343290806546521932e+07
5.343428114697571844e+07
5.343606252389264107e+07
5.343779558959949762e+07
5.343873055166091770e+07
5.343873040649478137e+07
5.343743667117649317e+07
5.343515132826969773e+07
5.343218620857066661e+07
5.342935199484561384e+07
5.342727310942216218e+07
5.342626973911798745e+07
5.342652318308448046e+07
5.342810041729073972e+07
5.343050972163213044e+07
5.343331880254948884e+07
5.343575748155409843e+07
5.343729011173419654e+07
5.343776598652456701e+07
5.343702576067417115e+07
5.343536752096196264e+07
5.343325270298855752e+07
5.343132880952331424e+07
5.343025570130526274e+07
5.343008620852696151e+07
5.343104085160423070e+07
5.343312049796416610e+07
5.343576504937188327e+07
5.343805919889194518e+07
5.343907722505793720e+07
5.343878768787030876e+07
5.343749057056064159e+07
5.343509191073945910e+07
5.343224335511920601e+07
5.342966160571044683e+07
5.342783022053329647e+07
5.342718137705417722e+07
5.342785809796959907e+07
5.342960693044193089e+07
5.343203699858499318e+07
5.343471454627288878e+07
5.343709638411428779e+07
5.343815150964927673e+07
5.343774531335509568e+07
5.343650859247715771e+07
5.343443094649113715e+07
5.343217493798908591e+07
5.343046731229617447e+07
5.342965866621313244e+07
5.342988606890476495e+07
5.343115692846550047e+07
5.343336133264348656e+07
5.343576551021097600e+07
5.343768109994491935e+07
5.343866546060816199e+07
5.343840685894832760e+07
5.343698226911497861e+07
5.343469744592655450e+07
5.343222331244951487e+07
5.343028180300444365e+07
5.342939943693327904e+07
5.343010485718239099e+07
5.343079333802496642e+07
5.343285973145326227e+07
5.343514022493971139e+07
5.343723094077052921e+07
5.343837093482257426e+07
5.343832572438504547e+07
5.343716221061360091e+07
5.343509841692428291e+07
5.343248642796014249e+07
5.343013445731492341e+07
5.342846768441201746e+07
5.342790747199091315e+07
5.342859985970053822e+07
5.343066448347652704e+07
5.343332458178614080e+07
5.343584028875230998e+07
5.343743914616905898e+07
5.343797452500829846e+07
5.343717554442038387e+07
5.343559832764876634e+07
5.343375252544058114e+07
5.343203048795449734e+07
5.343088116531585157e+07
5.343080446915525943e+07
5.343163002894704789e+07
5.343312264751563221e+07
5.343501261817689240e+07
5.343678844034627080e+07
5.343798743956255913e+07
5.343827508132778108e+07
5.343748779393789917e+07
5.343581215424805135e+07
5.343366495240444690e+07
5.343141274189973623e+07
5.342929955031102151e+07
5.342811881110358238e+07
5.342806504997966439e+07
5.342914497847465426e+07
5.343085763154952228e+07
5.343293158502796292e+07
5.343479093967668712e+07
5.343603603265598416e+07
5.343620902089524269e+07
5.343584603165804595e+07
5.343474761280425638e+07
5.343357472499392927e+07
5.343249394522750378e+07
5.343320814068209380e+07
5.343260616440268606e+07
5.343398017311143130e+07
5.343547694489180297e+07
5.343732112662583590e+07
5.343855709216065705e+07
5.343921836417088658e+07
5.343887135842950642e+07
5.343753967416264117e+07
5.343537954536272585e+07
5.343302288112387806e+07
5.343074507491593063e+07
5.342895448187099397e+07
5.342818026071878523e+07
5.342857134640996903e+07
5.342971104516756535e+07
5.343140759453742206e+07
5.343326311203992367e+07
5.343470048543391377e+07
5.343540214791450649e+07
5.343551242301901430e+07
5.343509201439297944e+07
5.343436102826625854e+07
5.343369072777867317e+07
5.343367165250750631e+07
5.343423342284949124e+07
5.343520409939162433e+07
5.343638193754800409e+07
5.343770122597926855e+07
5.343875683078127354e+07
5.343937167354532331e+07
5.343921283166744560e+07
5.343821358706084639e+07
5.343644560363436490e+07
5.343432995709823072e+07
5.343217490223120898e+07
5.343015970604695380e+07
5.342878244186409563e+07
5.342841493597497046e+07
5.342881098660837114e+07
5.342970742157556117e+07
5.343085023555375636e+07
5.343219971646267176e+07
5.343335051239892095e+07
5.343407740322373807e+07
5.343435399719741195e+07
5.343439313355576247e+07
5.343429506260186434e+07
5.343437219434326887e+07
5.343472464488787949e+07
5.343527496004675329e+07
5.343619479600352049e+07
5.343721149506966770e+07
5.343807016635432094e+07
5.343872152905613929e+07
5.343890960457163304e+07
5.343844284210772067e+07
5.343729125743892044e+07
5.343567764142197371e+07
5.343396106794680655e+07
5.343213018504399061e+07
5.343069333977658302e+07
5.342975385695753247e+07
5.342928766828619689e+07
5.342938942251271755e+07
5.342995138624008745e+07
5.343078163774897903e+07
5.343170308907533437e+07
5.343260490339178592e+07
5.343329443760479987e+07
5.343374573177139461e+07
5.343413815088141710e+07
5.343447686156047881e+07
5.343489098227570206e+07
5.343532124321909249e+07
5.343581504824472964e+07
5.343644049295024574e+07
5.343720941930562258e+07
5.343779269089958817e+07
5.343812285163667053e+07
5.343801816658933461e+07
5.343761305301451683e+07
5.343682676936767250e+07
5.343575997946632653e+07
5.343440124465211481e+07
5.343316332727043331e+07
5.343197028589714319e+07
5.343092284662228823e+07
5.343001934896040708e+07
5.342965874463242292e+07
5.342958532485318929e+07
5.343003371490109712e+07
5.343062120133507252e+07
5.343162677298992872e+07
5.343239507366421074e+07
5.343355542077907175e+07
