5.137844524693367630e+07
5.138004645876211673e+07
5.138039055257912725e+07
5.138107595083554089e+07
5.138136948189304024e+07
5.138197690115680546e+07
5.138239691988859326e+07
5.138265860728775710e+07
5.138260706543141603e+07
5.138249879511060566e+07
5.138196976399919391e+07
5.138021030347707123e+07
5.137752996590337157e+07
5.137482849737294763e+07
5.137213468005064130e+07
5.136968077159551531e+07
5.136764603312371671e+07
5.136622363023107499e+07
5.136536997620799392e+07
5.136529645351219922e+07
5.136596478197403997e+07
5.136714404405831546e+07
5.136890966833586246e+07
5.137075696897244453e+07
5.137241650250712037e+07
5.137350403632344306e+07
5.137434558180221170e+07
5.137487126788388938e+07
5.137478861179197580e+07
5.137439352505251020e+07
5.137399637017136067e+07
5.137384104396084696e+07
5.137366544457911700e+07
5.137349525444673747e+07
5.137330836852101237e+07
5.137270783892591298e+07
5.137168558301781118e+07
5.137041026006279886e+07
5.136879526760438085e+07
5.136684992286190391e+07
5.136516370453276485e+07
5.136375702691083401e+07
5.136269347047128528e+07
5.136234082042967528e+07
5.136288004866940528e+07
5.136389303876956552e+07
5.136536402979571372e+07
5.136731073128491640e+07
5.136941775443152338e+07
5.137116893933199346e+07
5.137208548740059882e+07
5.137219942710792273e+07
5.137177624531308562e+07
5.137112395759617537e+07
5.137033304119323194e+07
5.136973845546498150e+07
5.136949753985419869e+07
5.136957184195923805e+07
5.137013717063112557e+07
5.137077648684903234e+07
5.137092417695956677e+07
5.137082207302057743e+07
5.137041525737444311e+07
5.136967349158469588e+07
5.136890063125344366e+07
5.136794139649095386e+07
5.136664923191766441e+07
5.136561209646404535e+07
5.136529231450338662e+07
5.136585226640723646e+07
5.136710444950592518e+07
5.136887212586463988e+07
5.137098514598615468e+07
5.137287303797791898e+07
5.137412965285889059e+07
5.137498707041980326e+07
5.137543611287231743e+07
5.137536877840885520e+07
5.137518626470490545e+07
5.137517766102543473e+07
5.137509197661489248e+07
5.137489272770711035e+07
5.137470216577854753e+07
5.137447184531760216e+07
5.137410007373340428e+07
5.137354474526843429e+07
5.137275214780152589e+07
5.137137561173856258e+07
5.136949170181297511e+07
5.136759483405217528e+07
5.136614631038384885e+07
5.136512071254464239e+07
5.136502328786348552e+07
5.136564827817063779e+07
5.136665099189343303e+07
5.136812141073035449e+07
5.136991751348368078e+07
5.137174034387055784e+07
5.137297860027007759e+07
5.137353652732402086e+07
5.137339258204360306e+07
5.137259119392326474e+07
5.137152800209376961e+07
5.137067280578377843e+07
5.137056531747396290e+07
5.137104453261283040e+07
5.137218264124999940e+07
5.137371597602043301e+07
5.137491481497938186e+07
5.137596789645051211e+07
5.137642711453022063e+07
5.137556494864206761e+07
5.137361704892759770e+07
5.137085930212736130e+07
5.136792071025792509e+07
5.136534739795073867e+07
5.136411258163318038e+07
5.136418450694751740e+07
5.136520922165041417e+07
5.136730072154753655e+07
5.136997947363913059e+07
5.137271944980297238e+07
5.137525198760912567e+07
5.137714640210012347e+07
5.137816241334340721e+07
5.137835885144241899e+07
5.137782669943367690e+07
5.137688164128175378e+07
5.137586412870803475e+07
5.137521659754585475e+07
5.137523719641616940e+07
5.137586832182620466e+07
5.137697265388938040e+07
5.137824176015099138e+07
5.137941586358253658e+07
5.138002989180229604e+07
5.137969845390518755e+07
5.137854978466590494e+07
5.137669266371132433e+07
5.137416602688182890e+07
5.137165967226549238e+07
5.136973981254020333e+07
5.136873841367380321e+07
5.136884700258316845e+07
5.137036387598873675e+07
5.137276070553667098e+07
5.137519367718424648e+07
5.137741969708627462e+07
5.137895250886176527e+07
5.137946114386657625e+07
5.137903050736802071e+07
5.137775110117991269e+07
5.137581284972041100e+07
5.137389420263148844e+07
5.137286247179305553e+07
5.137276776869478077e+07
5.137343243443553895e+07
5.137479082988847047e+07
5.137645358410567790e+07
5.137765846016069502e+07
5.137804947161843628e+07
5.137760865788268298e+07
5.137647784819883108e+07
5.137465882247643918e+07
5.137272082025828212e+07
5.137119459271305054e+07
5.137042978809754550e+07
5.137066697912727296e+07
5.137215590467288345e+07
5.137425742198701948e+07
5.137648092777571082e+07
5.137866294779457152e+07
5.138034290124233067e+07
5.138098598329498619e+07
5.138052300415632129e+07
5.137918647244328260e+07
5.137719502141288668e+07
5.137522897542656213e+07
5.137392267942764610e+07
5.137327980341096222e+07
5.137359856024207920e+07
5.137495742208795995e+07
5.137728209202571213e+07
5.137973008245353401e+07
5.138140541789583862e+07
5.138161033864225447e+07
5.138074874506052583e+07
5.137901950626619905e+07
5.137699844317664206e+07
5.137508756092543155e+07
5.137368970782060921e+07
5.137320727569440007e+07
5.137409483818349242e+07
5.137524109568801522e+07
5.137749414340951294e+07
5.137989942875064909e+07
5.138182846894147247e+07
5.138268263167516142e+07
5.138223064310164750e+07
5.138080416964040697e+07
5.137859978984888643e+07
5.137545456208625436e+07
5.137287763416447490e+07
5.137164941307529062e+07
5.137170258067125827e+07
5.137291803591287881e+07
5.137528307095575333e+07
5.137786578939345479e+07
5.138011066309065372e+07
5.138147969075148553e+07
5.138170524280244857e+07
5.138061610503427684e+07
5.137909381152171642e+07
5.137728184695661813e+07
5.137580434757958353e+07
5.137479591955470294e+07
5.137459204121141881e+07
5.137511069494291395e+07
5.137618965824289620e+07
5.137768945500987023e+07
5.137894625356009603e+07
5.137933296005335450e+07
5.137880675859341025e+07
5.137736554678576440e+07
5.137537831455068290e+07
5.137316741168251634e+07
5.137112207005329430e+07
5.136945114538596570e+07
5.136892341587749124e+07
5.136933893636883050e+07
5.137071168438077718e+07
5.137263845363535732e+07
5.137483887906012684e+07
5.137672053708546609e+07
5.137834984552248567e+07
5.137874264641959965e+07
5.137863785590079427e+07
5.137753437982986122e+07
5.137655517721658200e+07
5.137547957721594721e+07
5.137537323416572064e+07
5.137524304808350652e+07
5.137567995323447883e+07
5.137674343846742064e+07
5.137793497378206998e+07
5.137859289501269162e+07
5.137831185510925204e+07
5.137696917654588073e+07
5.137481222858834267e+07
5.137203878031548113e+07
5.136921811072874814e+07
5.136692572128225118e+07
5.136521124756927043e+07
5.136457454675470293e+07
5.136535537405594438e+07
5.136716076261043549e+07
5.136977834306614846e+07
5.137254254201900214e+07
5.137455213283433765e+07
5.137559748678632826e+07
5.137572152325771004e+07
5.137510438031459600e+07
5.137403389377113432e+07
5.137301802676559240e+07
5.137287528416652232e+07
5.137334857895337790e+07
5.137434290740255266e+07
5.137604224743561447e+07
5.137818029141541570e+07
5.138003072837047279e+07
5.138130912809450924e+07
5.138150660703454912e+07
5.138057127577705681e+07
5.137883782408048213e+07
5.137675423419686407e+07
5.137458670804200321e+07
5.137272641037502140e+07
5.137151739590870589e+07
5.137126886071503907e+07
5.137164438469101489e+07
5.137290206944786012e+07
5.137456309675333649e+07
5.137624381929837912e+07
5.137757343558777124e+07
5.137850596703333408e+07
5.137873480879794061e+07
5.137826531226570159e+07
5.137742143471698463e+07
5.137677786015667766e+07
5.137668225073992461e+07
5.137678749861393869e+07
5.137701563453514874e+07
5.137760972168462723e+07
5.137806012938538939e+07
5.137783563268397748e+07
5.137702340820951015e+07
5.137559795249279588e+07
5.137351667205715179e+07
5.137125040107501298e+07
5.136910477946270257e+07
5.136720094997079670e+07
5.136602233858329058e+07
5.136568834974445403e+07
5.136605242346327752e+07
5.136685216224164516e+07
5.136796360678260028e+07
5.136915485018310696e+07
5.137007585457569361e+07
5.137069847416395694e+07
5.137100792609120905e+07
5.137088914214842021e+07
5.137084058948916942e+07
5.137097841856794059e+07
5.137137433829396218e+07
5.137212157276437432e+07
5.137336985722462088e+07
5.137473011740527302e+07
5.137615452793017775e+07
5.137708901489000022e+07
5.137717162858285755e+07
5.137658064624702185e+07
5.137537510922272503e+07
5.137371209046095610e+07
5.137178499255884439e+07
5.136982664270063490e+07
5.136799680602294207e+07
5.136647412957747281e+07
5.136570473163352907e+07
5.136580522038324922e+07
5.136668481715355814e+07
5.136773942774189264e+07
5.136903260111571103e+07
5.137048683768035471e+07
5.137194096824929863e+07
5.137319489998079091e+07
5.137451378512318432e+07
