9.327908238040622324e+06
9.328958130024887621e+06
9.329191799189295620e+06
9.329603084986381233e+06
9.329754171387603506e+06
9.330167932142995298e+06
9.330497984847646207e+06
9.330723760545996949e+06
9.330727342133320868e+06
9.330588332357160747e+06
9.330215900961261243e+06
9.329435303339976817e+06
9.328216713959587738e+06
9.327069730831775814e+06
9.325805683917293325e+06
9.324565471552493051e+06
9.323572982249783352e+06
9.322843993032621220e+06
9.322436298605026677e+06
9.322544402104154229e+06
9.323283082233680412e+06
9.324287999669071287e+06
9.325481167120696977e+06
9.326865024734968320e+06
9.328172425849832594e+06
9.329147487344663590e+06
9.329731214106990024e+06
9.330118035611459985e+06
9.330199282331699505e+06
9.330129445540707558e+06
9.330171979767166078e+06
9.330271991212774068e+06
9.330391292066786438e+06
9.330454227314518765e+06
9.330587479164944962e+06
9.330337250637726858e+06
9.329706234170798212e+06
9.328913599014351144e+06
9.327786272642116994e+06
9.326293509782962501e+06
9.324659509602978826e+06
9.323229859397720546e+06
9.322128968915671110e+06
9.321560905503626913e+06
9.321835244053583592e+06
9.322690529924735427e+06
9.324038003099016845e+06
9.325752950631212443e+06
9.327487285584248602e+06
9.328928777135079727e+06
9.329981006993750110e+06
9.330433890765720978e+06
9.330436097810303792e+06
9.330179642950659618e+06
9.329739621043080464e+06
9.329371097252238542e+06
9.329298120073501021e+06
9.329521335554176942e+06
9.330027578331695870e+06
9.330499222168415785e+06
9.330484283499535173e+06
9.330183216850055382e+06
9.329478009415047243e+06
9.328076565160006285e+06
9.326205537638243288e+06
9.324192126961044967e+06
9.322243158721163869e+06
9.320890183112813160e+06
9.320412737586528063e+06
9.320746457918886095e+06
9.321940092434303835e+06
9.323798229305965826e+06
9.325990637553690001e+06
9.327989493194991723e+06
9.329438091540472582e+06
9.330299067498095334e+06
9.330467602325709537e+06
9.330029034569820389e+06
9.329346606541464105e+06
9.328637763025974855e+06
9.328217873596364632e+06
9.328265791663037613e+06
9.328842880709096789e+06
9.329725461351512000e+06
9.330507977924905717e+06
9.330907738464979455e+06
9.330826495354240760e+06
9.329908638432418928e+06
9.328129381209544837e+06
9.325758380341926590e+06
9.323299515967575833e+06
9.321163369780410081e+06
9.319856849890163168e+06
9.319563962134566158e+06
9.320264106320058927e+06
9.321918189146568999e+06
9.324233870935950428e+06
9.326611762157799676e+06
9.328492445898428559e+06
9.329795401238791645e+06
9.330297010060332716e+06
9.329918222757501528e+06
9.328994440899999812e+06
9.327841605900080875e+06
9.326940229064458981e+06
9.326625101275293157e+06
9.327171409337859601e+06
9.328262654594162479e+06
9.329566901389850304e+06
9.330854906831817701e+06
9.331663784735767171e+06
9.331441185190159827e+06
9.330164820754216984e+06
9.328073531397763640e+06
9.325430595474446192e+06
9.322687788130968809e+06
9.320661205226240680e+06
9.319627075890092179e+06
9.319636443335082382e+06
9.320903756117932498e+06
9.323095018873304129e+06
9.325652162714023143e+06
9.327962209552554414e+06
9.329780019149495289e+06
9.330610725274994969e+06
9.330340554102627560e+06
9.329267192345632240e+06
9.327801752079088241e+06
9.326293473591744900e+06
9.325336445111522451e+06
9.325369349444584921e+06
9.326372798090975732e+06
9.327922972993372008e+06
9.329789272163299844e+06
9.331478316027363762e+06
9.332301842095917091e+06
9.331918810083970428e+06
9.330359012310465798e+06
9.327998522683631629e+06
9.325076294174050912e+06
9.322506688155192882e+06
9.320715980079447851e+06
9.320019104347575456e+06
9.320562989633379504e+06
9.322399784057568759e+06
9.324906146345578134e+06
9.327403274789705873e+06
9.329559993698382750e+06
9.330802410870995373e+06
9.330797517291119322e+06
9.329835607301296666e+06
9.328228481648428366e+06
9.326284180870285258e+06
9.324689764749402180e+06
9.324134282758386806e+06
9.324548532672697678e+06
9.325780940736550838e+06
9.327913658153079450e+06
9.330311981208547950e+06
9.332047190948743373e+06
9.332674570410896093e+06
9.332113265597891062e+06
9.330340248470675200e+06
9.327727670399565250e+06
9.325038327994143590e+06
9.322806453085187823e+06
9.321480492846911773e+06
9.321282965655680746e+06
9.322481809984775260e+06
9.324645556024018675e+06
9.327059102372150868e+06
9.329486979022031650e+06
9.331203514887005091e+06
9.331654501646092162e+06
9.330884443615788594e+06
9.329282789997873828e+06
9.327052449480192736e+06
9.324814687954850495e+06
9.323433891339506954e+06
9.323029380133423954e+06
9.323727230190156028e+06
9.325478776605065912e+06
9.327995976804412901e+06
9.330437147412570193e+06
9.332143195899136364e+06
9.332648787161106244e+06
9.331927611598540097e+06
9.330063724715325981e+06
9.327707975850772113e+06
9.325455058316756040e+06
9.323687570969363675e+06
9.323024561198636889e+06
9.324001387282941490e+06
9.325083373350463808e+06
9.327322499921709299e+06
9.329606951913783327e+06
9.331471340311743319e+06
9.332224601638095453e+06
9.331888885266095400e+06
9.330404569763666019e+06
9.328191314835926518e+06
9.325567523411570117e+06
9.323421716516317800e+06
9.322174085408713669e+06
9.321933156242467463e+06
9.322943416994096711e+06
9.325178025478778407e+06
9.327687901292920113e+06
9.329957370847869664e+06
9.331438736929919571e+06
9.331733067688440904e+06
9.330746621943293139e+06
9.329178774605592713e+06
9.327274926323894411e+06
9.325545364217519760e+06
9.324501716314742342e+06
9.324570549678839743e+06
9.325574581317756325e+06
9.327260672360930592e+06
9.329324582398552448e+06
9.331236988429229707e+06
9.332380586152087897e+06
9.332461938514623791e+06
9.331388367518734187e+06
9.329366733110621572e+06
9.326670635507261381e+06
9.324140961479311809e+06
9.322151999438483268e+06
9.321114153992952779e+06
9.321203176469400525e+06
9.322612351531852037e+06
9.324793129107039422e+06
9.327149332091368735e+06
9.329030238691791892e+06
9.330292052492866293e+06
9.330386857178157195e+06
9.329819634483711794e+06
9.328517487584568560e+06
9.327246632716458291e+06
9.325946686256125569e+06
9.326522399819208309e+06
9.326358412136124447e+06
9.327832716350274161e+06
9.329482283197853714e+06
9.331364044918622822e+06
9.332605761001830921e+06
9.333080355391049758e+06
9.332405875659560785e+06
9.330770495832631364e+06
9.328317887083087116e+06
9.325849187245944515e+06
9.323654351754728705e+06
9.321900778847116977e+06
9.321112879019936547e+06
9.321633281025508419e+06
9.322969402781840414e+06
9.324797501187106594e+06
9.326762687708489597e+06
9.328357834521485493e+06
9.329189001552397385e+06
9.329247759263385087e+06
9.328804472688959911e+06
9.327986249778056517e+06
9.327122473303070292e+06
9.326997296134619042e+06
9.327444408054836094e+06
9.328268591808112338e+06
9.329530019145116210e+06
9.331093842322036624e+06
9.332351449790945277e+06
9.333167995839018375e+06
9.332969155185583979e+06
9.331776342948703095e+06
9.329913188719259575e+06
9.327687130169928074e+06
9.325350274288358167e+06
9.323340111862206832e+06
9.321912554723272100e+06
9.321509117701159790e+06
9.322005060176974162e+06
9.323083850462313741e+06
9.324408074250523001e+06
9.325897785087017342e+06
9.327068338015066460e+06
9.327830885263493285e+06
9.328035371927574277e+06
9.327830438650889322e+06
9.327636140023583546e+06
9.327681793130382895e+06
9.327971718042805791e+06
9.328573771973466501e+06
9.329456186278272420e+06
9.330571083504321054e+06
9.331621254515578970e+06
9.332337375564029440e+06
9.332501597567256540e+06
9.331928622833777219e+06
9.330583903579147533e+06
9.328866141165873036e+06
9.327073560687920079e+06
9.325093105654956773e+06
9.323451027367189527e+06
9.322393738749975339e+06
9.321916222037103027e+06
9.321983830605959520e+06
9.322632263521784917e+06
9.323575403604762629e+06
9.324632239394411445e+06
9.325757256284376606e+06
9.326564047345789149e+06
9.326950098559208214e+06
9.327313975521380082e+06
9.327654241276219487e+06
9.328047259932916611e+06
9.328474578681800514e+06
9.329059677514711395e+06
9.329739373854653910e+06
9.330483258392365649e+06
9.331111673034591600e+06
9.331361714736094698e+06
9.331200684253156185e+06
9.330657988920334727e+06
9.329659624317077920e+06
9.328386073898484930e+06
9.326833829782923684e+06
9.325305301537554711e+06
9.323896447099912912e+06
9.322823795234818012e+06
9.322032728989426047e+06
9.321820340148273855e+06
9.321958640635546297e+06
9.322648584076965228e+06
9.323576975989239290e+06
9.324703863451974466e+06
9.325488708486039191e+06
9.326604203125316650e+06
