1.561646025936489180e+07
1.561618709868741408e+07
1.561670474266193435e+07
1.561680305743431486e+07
1.561703804512348399e+07
1.561718451986046322e+07
1.561753554522947967e+07
1.561758397102268413e+07
1.561768493069529533e+07
1.561745759990983270e+07
1.561714313391511142e+07
1.561653102845461480e+07
1.561539083706829511e+07
1.561410056879444793e+07
1.561286577955042385e+07
1.561149267216124013e+07
1.561053173147534207e+07
1.560985060618738085e+07
1.560984379526664689e+07
1.561050005043153279e+07
1.561181439514533803e+07
1.561315568350065686e+07
1.561462605270969123e+07
1.561619454652527161e+07
1.561765455503794737e+07
1.561879957517448813e+07
1.561971133329328336e+07
1.562048883554429188e+07
1.562104566858353838e+07
1.562131084463082813e+07
1.562131396352757141e+07
1.562128203006636351e+07
1.562145595719279163e+07
1.562138893448427133e+07
1.562134466039777920e+07
1.562089050837190077e+07
1.562010100175722875e+07
1.561916053806509636e+07
1.561792515056113712e+07
1.561634790846407972e+07
1.561465988254825585e+07
1.561300800392158329e+07
1.561171372095055692e+07
1.561108038925592415e+07
1.561133601382094063e+07
1.561199621054035984e+07
1.561297744525980391e+07
1.561445952519732714e+07
1.561587767965356819e+07
1.561700967786567472e+07
1.561798548886964656e+07
1.561876147402937151e+07
1.561918250665081292e+07
1.561922371648520418e+07
1.561892202495229244e+07
1.561865931888904050e+07
1.561878957368477993e+07
1.561913516514184885e+07
1.561987965317456797e+07
1.562048631478908285e+07
1.562053104897808656e+07
1.562023874866698310e+07
1.561949951953637041e+07
1.561795146848121285e+07
1.561594539146157913e+07
1.561375864616330341e+07
1.561167750118206814e+07
1.561025440593039989e+07
1.560976760382807441e+07
1.561018181288078241e+07
1.561144919834631123e+07
1.561347815794412792e+07
1.561586010225877166e+07
1.561796973587039672e+07
1.561930479750971124e+07
1.561997401540843025e+07
1.561990982250950485e+07
1.561924731960134394e+07
1.561833336474814638e+07
1.561749889253135584e+07
1.561706826467760466e+07
1.561704259180206805e+07
1.561764453337567113e+07
1.561851872435438260e+07
1.561925277010410093e+07
1.561962802785933204e+07
1.561949029027248360e+07
1.561850580025377870e+07
1.561668970642602816e+07
1.561432943217790872e+07
1.561185682136388309e+07
1.560975349942049943e+07
1.560862267286269180e+07
1.560851563080207072e+07
1.560942712166208774e+07
1.561131861149358377e+07
1.561379683698650822e+07
1.561620275628359988e+07
1.561812014688747004e+07
1.561942213288603909e+07
1.561992927879473940e+07
1.561948766995267197e+07
1.561854182078577206e+07
1.561743698470195942e+07
1.561662563101219013e+07
1.561637781539038755e+07
1.561699394436815567e+07
1.561817415798152052e+07
1.561947904844661057e+07
1.562075223452197202e+07
1.562151725272063538e+07
1.562132723258851469e+07
1.562010683367499150e+07
1.561798861177569628e+07
1.561529121940927207e+07
1.561257045608193800e+07
1.561063726304984093e+07
1.560955739245687984e+07
1.560946852329949476e+07
1.561070195204878785e+07
1.561291951428785175e+07
1.561551235837033018e+07
1.561783534748105519e+07
1.561958029820226319e+07
1.562041694951299950e+07
1.562019751993198320e+07
1.561920412309611402e+07
1.561783075943437032e+07
1.561651794599721022e+07
1.561583160546359606e+07
1.561617476937807538e+07
1.561733300797155313e+07
1.561901534051049128e+07
1.562095825520551205e+07
1.562269408930297941e+07
1.562361780004770868e+07
1.562321398169211112e+07
1.562164549417448789e+07
1.561921588380780257e+07
1.561627767992461473e+07
1.561370537594636343e+07
1.561199049512922391e+07
1.561124850836365111e+07
1.561183514632316492e+07
1.561375990080335550e+07
1.561641370534417965e+07
1.561909642183885910e+07
1.562135965183460340e+07
1.562250727016068809e+07
1.562254632253701985e+07
1.562171234963902831e+07
1.562022097143926285e+07
1.561844224023978785e+07
1.561701772007396072e+07
1.561654870611644723e+07
1.561705146368458867e+07
1.561827989264613204e+07
1.562050676429393888e+07
1.562296798004812747e+07
1.562464307066090405e+07
1.562518381934921630e+07
1.562474217664414085e+07
1.562318731946300715e+07
1.562064080412755534e+07
1.561806130610875227e+07
1.561587974643407948e+07
1.561447751298169605e+07
1.561414791401205212e+07
1.561526249280173518e+07
1.561733650460990332e+07
1.561958394311301969e+07
1.562184781797171570e+07
1.562329739477671683e+07
1.562352883756802790e+07
1.562266695783424750e+07
1.562099718045536615e+07
1.561866603611537628e+07
1.561653026266645826e+07
1.561513864240795188e+07
1.561473597253537178e+07
1.561529864458700828e+07
1.561690445790527575e+07
1.561919272467002645e+07
1.562147383242919110e+07
1.562289806158453599e+07
1.562327054929117113e+07
1.562242187270948663e+07
1.562062106846503168e+07
1.561817951478064433e+07
1.561595374446123838e+07
1.561405382828300446e+07
1.561354991143379174e+07
1.561472321832857653e+07
1.561534140341830626e+07
1.561762926286490075e+07
1.561985185817571916e+07
1.562169008508513309e+07
1.562239641645671986e+07
1.562204584370116889e+07
1.562059654214255139e+07
1.561846644410951994e+07
1.561575934592726454e+07
1.561350288959635980e+07
1.561229651309429668e+07
1.561207856207066029e+07
1.561313235391999967e+07
1.561539538703252748e+07
1.561787632147458009e+07
1.562010861341825873e+07
1.562157578681775555e+07
1.562170348013112321e+07
1.562069626361671835e+07
1.561924060086393915e+07
1.561754087042551860e+07
1.561579987665445171e+07
1.561487107082594372e+07
1.561506614457619563e+07
1.561614902878793143e+07
1.561779181096664444e+07
1.561984857493803650e+07
1.562177622607059404e+07
1.562288622560591809e+07
1.562290399643787928e+07
1.562192025959099270e+07
1.561994082697797939e+07
1.561740736883765832e+07
1.561493897414579801e+07
1.561298835622149892e+07
1.561202838143362291e+07
1.561234237331973203e+07
1.561368965982640721e+07
1.561594866304692626e+07
1.561825954418307170e+07
1.562028960831672885e+07
1.562141389447975159e+07
1.562157849712441117e+07
1.562084575295688771e+07
1.561990177252920344e+07
1.561843865887344256e+07
1.561772872382038273e+07
1.561778686535611190e+07
1.561814772059096023e+07
1.561950904221855104e+07
1.562121585342546925e+07
1.562303802757834271e+07
1.562436774098135903e+07
1.562485742693857662e+07
1.562417498686860129e+07
1.562257268187453970e+07
1.562014519820620492e+07
1.561767806746279262e+07
1.561551776348619722e+07
1.561387501282097213e+07
1.561328750446165726e+07
1.561390285226270370e+07
1.561527144118331373e+07
1.561718524377415515e+07
1.561924000840278156e+07
1.562083934588271938e+07
1.562166598034081049e+07
1.562169938760277629e+07
1.562125263336080499e+07
1.562048878071311116e+07
1.561970589741374739e+07
1.561954683707216009e+07
1.562001391414549761e+07
1.562082592655817047e+07
1.562208907898268290e+07
1.562356441444701143e+07
1.562475754369552992e+07
1.562550921597735211e+07
1.562519114571041428e+07
1.562379464907408692e+07
1.562186056671859324e+07
1.561954799614222720e+07
1.561712936675711535e+07
1.561505057607853599e+07
1.561355341019358858e+07
1.561309729045001790e+07
1.561348759924534895e+07
1.561435535393725708e+07
1.561555332734319754e+07
1.561686509216461517e+07
1.561785290155793168e+07
1.561846667596325837e+07
1.561856988535243645e+07
1.561833671387674846e+07
1.561822151941022091e+07
1.561831671353180148e+07
1.561870505471889302e+07
1.561944335497170500e+07
1.562044899039247632e+07
1.562162344379437529e+07
1.562266516649974324e+07
1.562339648330494389e+07
1.562354581881672330e+07
1.562300654623662494e+07
1.562161638951791450e+07
1.561989472690398432e+07
1.561811077955805138e+07
1.561615258144966699e+07
1.561446606871348061e+07
1.561348694874598272e+07
1.561306831229725853e+07
1.561315496204298362e+07
1.561384830231457017e+07
1.561487740636652149e+07
1.561600428351946734e+07
1.561718573972848430e+07
1.561803429014834389e+07
1.561842271548311412e+07
1.561888337779350393e+07
1.561936676116943918e+07
1.561979904543994367e+07
1.562023857685800456e+07
1.562087602050585672e+07
1.562153941393526457e+07
1.562221225374759734e+07
1.562278504389407299e+07
1.562294916025888361e+07
1.562277401415329799e+07
1.562219955655558035e+07
1.562121777974948473e+07
1.561988826741706952e+07
1.561830724257704243e+07
1.561673366631351411e+07
1.561531615998210944e+07
1.561420834643898904e+07
1.561343814516272023e+07
1.561317787493419647e+07
1.561327769908339716e+07
1.561381788554636016e+07
1.561466029728439450e+07
1.561564872158351913e+07
1.561640301932015084e+07
1.561731591586449742e+07
