1.498119289286183007e+07
1.498204578534325585e+07
1.498239842136589997e+07
1.498276633058013581e+07
1.498298085646171682e+07
1.498329957387438603e+07
1.498362504089254327e+07
1.498378467633662000e+07
1.498380040536920726e+07
1.498368877884051017e+07
1.498334186204103194e+07
1.498261411868076399e+07
1.498156347327142209e+07
1.498052779170546681e+07
1.497930248614575155e+07
1.497810383345577121e+07
1.497700570039931871e+07
1.497616814657251909e+07
1.497566641525094770e+07
1.497571551503085159e+07
1.497633716927066818e+07
1.497729048265771195e+07
1.497845551512247138e+07
1.497986756086251885e+07
1.498117919919617288e+07
1.498225984987178072e+07
1.498291267294711806e+07
1.498333534267159179e+07
1.498349886845195107e+07
1.498341590616038255e+07
1.498339211591335945e+07
1.498341784615155868e+07
1.498345218399754353e+07
1.498355986852827109e+07
1.498370585246064328e+07
1.498354967623169161e+07
1.498300202045793645e+07
1.498229517631582730e+07
1.498128469050623663e+07
1.497987787216809206e+07
1.497825950141094625e+07
1.497679639684809186e+07
1.497560540680549107e+07
1.497494571620425954e+07
1.497501867528994381e+07
1.497570289508793689e+07
1.497696250231041573e+07
1.497866323905822262e+07
1.498044419966834411e+07
1.498203818165941909e+07
1.498315714040552266e+07
1.498371805009243637e+07
1.498384268064101972e+07
1.498360788965474069e+07
1.498317483149435557e+07
1.498276845054710470e+07
1.498261630437601916e+07
1.498277554717258736e+07
1.498324440245394222e+07
1.498368318151178770e+07
1.498381902056106366e+07
1.498364937963967957e+07
1.498305649568389170e+07
1.498184633865888789e+07
1.498008055570961908e+07
1.497807639483756013e+07
1.497608101923798397e+07
1.497459708589194342e+07
1.497393061287615448e+07
1.497412099594962038e+07
1.497516418625483848e+07
1.497694052409502491e+07
1.497911774289303645e+07
1.498117776652853936e+07
1.498279006206681207e+07
1.498374151329005510e+07
1.498403896681749262e+07
1.498369854717225023e+07
1.498298935182101652e+07
1.498224490022807568e+07
1.498171659181222320e+07
1.498166746226754785e+07
1.498218965688147023e+07
1.498307362063469924e+07
1.498388804431873187e+07
1.498440660902274773e+07
1.498447781612515822e+07
1.498372894365638308e+07
1.498213776787782274e+07
1.497991654412883893e+07
1.497748509041695110e+07
1.497523224507706426e+07
1.497374766192981042e+07
1.497323167132502422e+07
1.497378364519969001e+07
1.497533391651405953e+07
1.497762317090495117e+07
1.498004515171741880e+07
1.498205482904683612e+07
1.498347174806920625e+07
1.498413436314890720e+07
1.498390621829025075e+07
1.498301966494944878e+07
1.498189308386031911e+07
1.498085304580500722e+07
1.498039949073513038e+07
1.498081332996080443e+07
1.498180211097698659e+07
1.498304889286463149e+07
1.498438925156855211e+07
1.498532930192007311e+07
1.498537866986953467e+07
1.498434662862356380e+07
1.498236415307632089e+07
1.497980256153021194e+07
1.497702866220319644e+07
1.497481531318681873e+07
1.497357094910884090e+07
1.497336680051389523e+07
1.497442195725801587e+07
1.497648421789841913e+07
1.497901551018285193e+07
1.498139379999574088e+07
1.498332671878124215e+07
1.498435659451744892e+07
1.498431908414865844e+07
1.498337584790793248e+07
1.498196117038683966e+07
1.498036077245128341e+07
1.497925900958960690e+07
1.497905845258321241e+07
1.497984898119786754e+07
1.498126687352437526e+07
1.498306623269169964e+07
1.498487108093373664e+07
1.498586542931455933e+07
1.498576086700474657e+07
1.498441557558110729e+07
1.498219345574347489e+07
1.497934032945965044e+07
1.497668077394704707e+07
1.497470294406219199e+07
1.497377372869464010e+07
1.497408864835472405e+07
1.497571825052746013e+07
1.497815220839695819e+07
1.498067056140156090e+07
1.498293961424631812e+07
1.498439627633439191e+07
1.498472913976995647e+07
1.498392923323441111e+07
1.498234445193849131e+07
1.498038032104817964e+07
1.497866145939859189e+07
1.497782693046549521e+07
1.497802600825545564e+07
1.497907306459397450e+07
1.498109342916107923e+07
1.498345546726369485e+07
1.498536725927017629e+07
1.498624550523462333e+07
1.498594492698710412e+07
1.498446173057247512e+07
1.498202628882493824e+07
1.497936354501884617e+07
1.497697228394429013e+07
1.497538665308101848e+07
1.497496383452599309e+07
1.497595639898810349e+07
1.497793445156486891e+07
1.498025666809774376e+07
1.498269676937263459e+07
1.498455612583596073e+07
1.498531611159184389e+07
1.498479554314503446e+07
1.498336441052677669e+07
1.498121858543579839e+07
1.497893919954794273e+07
1.497733983438206092e+07
1.497666715275914036e+07
1.497711220474971458e+07
1.497872997603865713e+07
1.498114738421411999e+07
1.498355347612144798e+07
1.498535968541518226e+07
1.498612862206686474e+07
1.498568783809340373e+07
1.498411226416726783e+07
1.498187989968266338e+07
1.497957628151595965e+07
1.497769134746761061e+07
1.497680576420626231e+07
1.497760766553601995e+07
1.497843533919400349e+07
1.498057552691102400e+07
1.498283241787350737e+07
1.498479705348332413e+07
1.498579759177930281e+07
1.498565645398733020e+07
1.498445020565629192e+07
1.498237544730595127e+07
1.497983243853857182e+07
1.497764592410603911e+07
1.497617098456927575e+07
1.497572660323181935e+07
1.497650012356223539e+07
1.497854689576885849e+07
1.498102013274596818e+07
1.498333976968997158e+07
1.498495045853532292e+07
1.498542691821850464e+07
1.498464686982685141e+07
1.498322305873732269e+07
1.498141825444415957e+07
1.497962359984129667e+07
1.497845264232489839e+07
1.497833984216923080e+07
1.497913004506566375e+07
1.498071638014669158e+07
1.498270136396273226e+07
1.498464014363013953e+07
1.498593810957062244e+07
1.498620950164988451e+07
1.498532375777880475e+07
1.498349967867107131e+07
1.498097311777128093e+07
1.497841013241754472e+07
1.497631591341617145e+07
1.497508448073223047e+07
1.497496024860289879e+07
1.497619512683307193e+07
1.497824296147643402e+07
1.498045910305175558e+07
1.498244924609043077e+07
1.498379722234265693e+07
1.498406819111081958e+07
1.498364333381736837e+07
1.498246988178967685e+07
1.498120698993030004e+07
1.498005198304836452e+07
1.498081001789548621e+07
1.498005517090187408e+07
1.498143571869811602e+07
1.498288294551263377e+07
1.498477825882725418e+07
1.498608732903361879e+07
1.498673889808506891e+07
1.498630409615057521e+07
1.498487673342160694e+07
1.498251800681206025e+07
1.498011325967460871e+07
1.497785299769305252e+07
1.497603305382370949e+07
1.497511317858268507e+07
1.497538898889395036e+07
1.497654359177946858e+07
1.497829538124971651e+07
1.498018897003481723e+07
1.498185001290874183e+07
1.498279610300019011e+07
1.498304699097197130e+07
1.498271149947254360e+07
1.498198527998236753e+07
1.498123499115839414e+07
1.498106829327256419e+07
1.498134394302171841e+07
1.498210148451843299e+07
1.498327599432200752e+07
1.498476961807328090e+07
1.498601565727579780e+07
1.498683825143318996e+07
1.498681362157518230e+07
1.498586123835368082e+07
1.498416732370721363e+07
1.498207831823893450e+07
1.497983884108125605e+07
1.497778925419967435e+07
1.497627389179351926e+07
1.497570509356445447e+07
1.497603652447055839e+07
1.497704851721786894e+07
1.497830136312543042e+07
1.497975688787749596e+07
1.498097621002627723e+07
1.498187206296687014e+07
1.498220624744196236e+07
1.498215044183271937e+07
1.498199262555482425e+07
1.498203530502801761e+07
1.498232680436242186e+07
1.498281237378613278e+07
1.498362833203577064e+07
1.498470118477033451e+07
1.498574391439480893e+07
1.498649905150401779e+07
1.498674140462449193e+07
1.498626251487728581e+07
1.498509322185417078e+07
1.498348940680639632e+07
1.498175655951590836e+07
1.497983601002973504e+07
1.497819772289000824e+07
1.497704815210816078e+07
1.497648976951096952e+07
1.497647164147006162e+07
1.497701645210628770e+07
1.497784970381625183e+07
1.497887320931277052e+07
1.497999482499712147e+07
1.498085840330528654e+07
1.498137551566952094e+07
1.498180812998180464e+07
1.498220927655172534e+07
1.498267002720397897e+07
1.498310329473046400e+07
1.498365739710620046e+07
1.498428116976039112e+07
1.498501534582034312e+07
1.498563540800222754e+07
1.498592384039819613e+07
1.498579511286534742e+07
1.498531706436071731e+07
1.498442268014801666e+07
1.498325507416558266e+07
1.498178686620682850e+07
1.498030773731820472e+07
1.497889473035520129e+07
1.497775488451146893e+07
1.497688363191595301e+07
1.497661587437355518e+07
1.497663464261629060e+07
1.497723768656747416e+07
1.497799059929716028e+07
1.497914171645652689e+07
1.497996695291978307e+07
1.498124963211162575e+07
