2.458579715357022732e+07
2.458737407669596747e+07
2.458764177774582058e+07
2.458802985459316149e+07
2.458798098843362182e+07
2.458805736382433772e+07
2.458801179509500042e+07
2.458806365787132084e+07
2.458802284300093725e+07
2.458805138231156766e+07
2.458790383499796689e+07
2.458755440222181752e+07
2.458686021091992036e+07
2.458608736944854259e+07
2.458489073247725517e+07
2.458369980502129346e+07
2.458235434840456024e+07
2.458109503398739919e+07
2.457999917357999831e+07
2.457941373646258563e+07
2.457930674155705422e+07
2.457994156289298460e+07
2.458115391620696709e+07
2.458279372697961330e+07
2.458451726391390711e+07
2.458614764864611253e+07
2.458732854289560765e+07
2.458802317746966332e+07
2.458826757744244859e+07
2.458803504657768831e+07
2.458761035535406321e+07
2.458726589390780777e+07
2.458695739050823450e+07
2.458693067338340729e+07
2.458707216891544685e+07
2.458729879623220116e+07
2.458736963115474582e+07
2.458726499871056154e+07
2.458672765772581100e+07
2.458572565618180856e+07
2.458428890454319865e+07
2.458245695147978142e+07
2.458066067902052030e+07
2.457923744151850045e+07
2.457841423372860625e+07
2.457842296216236800e+07
2.457940896159408614e+07
2.458106108972844109e+07
2.458302342679524794e+07
2.458522323017298430e+07
2.458693697000920027e+07
2.458813379314779863e+07
2.458872140562688932e+07
2.458850729517416656e+07
2.458784305127564818e+07
2.458692386226682365e+07
2.458610503794118762e+07
2.458574375291210786e+07
2.458583503956677765e+07
2.458622077023813128e+07
2.458680995451189205e+07
2.458728120445260778e+07
2.458741305296078324e+07
2.458692428316090256e+07
2.458565767202431709e+07
2.458365724700886756e+07
2.458119780531222373e+07
2.457903081115700677e+07
2.457735539897688106e+07
2.457649876608780026e+07
2.457686516671284661e+07
2.457830205732880160e+07
2.458059628272008151e+07
2.458322726139337569e+07
2.458567099031149596e+07
2.458740822457492724e+07
2.458838104165340960e+07
2.458839791827572510e+07
2.458758663232461363e+07
2.458624954521853477e+07
2.458489739227152616e+07
2.458390342699115723e+07
2.458362366786453128e+07
2.458414351309709623e+07
2.458525047358281165e+07
2.458652048174612969e+07
2.458758537531587854e+07
2.458785786439000070e+07
2.458721136525608972e+07
2.458540615856989473e+07
2.458280769111432880e+07
2.457992206143257022e+07
2.457723282391121611e+07
2.457539423874621466e+07
2.457487722338526323e+07
2.457555547421739995e+07
2.457756084637752548e+07
2.458038866800450906e+07
2.458328430377502739e+07
2.458584185950353369e+07
2.458759547300452739e+07
2.458824612438726798e+07
2.458768865855799243e+07
2.458626840055010095e+07
2.458441796280238032e+07
2.458276919390239567e+07
2.458198561743167415e+07
2.458223493558577076e+07
2.458336929069074616e+07
2.458516636111445352e+07
2.458701638410749659e+07
2.458837154158405215e+07
2.458868606760368124e+07
2.458762970312082395e+07
2.458538561835158244e+07
2.458230803765788674e+07
2.457905825039845705e+07
2.457636122908805683e+07
2.457472824784703180e+07
2.457461028799436614e+07
2.457589525874356925e+07
2.457844686643678322e+07
2.458150972680479288e+07
2.458449648940299824e+07
2.458696044689982384e+07
2.458814329305707291e+07
2.458793786124135181e+07
2.458650335044444725e+07
2.458446168121543899e+07
2.458221183133338392e+07
2.458064314998672903e+07
2.458021305112127960e+07
2.458101234648520499e+07
2.458287372241679952e+07
2.458539085618525371e+07
2.458761667991723865e+07
2.458901567167012393e+07
2.458897014150552079e+07
2.458760262977098301e+07
2.458502186255482584e+07
2.458156900968232378e+07
2.457817035343503952e+07
2.457562670455845445e+07
2.457445746753375977e+07
2.457499627344767377e+07
2.457686522720196843e+07
2.457974746092887595e+07
2.458293642197768018e+07
2.458581715429545566e+07
2.458767976508496329e+07
2.458807720749907568e+07
2.458696287504414842e+07
2.458488769640443102e+07
2.458228632289757580e+07
2.458001230875078216e+07
2.457858289179323986e+07
2.457846191023058072e+07
2.457972351977228001e+07
2.458209736329343915e+07
2.458480921287769452e+07
2.458719051223646477e+07
2.458842955616084486e+07
2.458826219245455414e+07
2.458668306992678344e+07
2.458385258961729705e+07
2.458062566053998470e+07
2.457768086112582311e+07
2.457566429379665479e+07
2.457515645487972721e+07
2.457618035765006393e+07
2.457842129020173103e+07
2.458147272538244724e+07
2.458458541932516173e+07
2.458703305532245710e+07
2.458814164051184431e+07
2.458772921339878440e+07
2.458611938612512872e+07
2.458344432240816951e+07
2.458060747563676164e+07
2.457848960961236805e+07
2.457748386803262308e+07
2.457799353001791984e+07
2.457981044999672100e+07
2.458260098688689619e+07
2.458546377873097360e+07
2.458775692803029343e+07
2.458893903674094379e+07
2.458857943292022869e+07
2.458690759459906071e+07
2.458439652978804335e+07
2.458167349209633470e+07
2.457937435020460561e+07
2.457886690931794792e+07
2.457837660860964656e+07
2.457988687537632138e+07
2.458233849538787082e+07
2.458518400100041553e+07
2.458763107969041169e+07
2.458899471382968128e+07
2.458910147446237132e+07
2.458778431033366174e+07
2.458525060033699870e+07
2.458235823402183503e+07
2.457950961255658045e+07
2.457754707940828800e+07
2.457699860113514215e+07
2.457806234117998555e+07
2.458011704796930775e+07
2.458289129010840505e+07
2.458547883868814260e+07
2.458744188392920792e+07
2.458805260850582272e+07
2.458749463737173751e+07
2.458603471006332710e+07
2.458387294015618041e+07
2.458178299660751969e+07
2.458008550137791038e+07
2.457954246550767869e+07
2.458025708037642017e+07
2.458179579101011902e+07
2.458417642846627161e+07
2.458646673158450425e+07
2.458817612084136158e+07
2.458859031745950133e+07
2.458797883240850270e+07
2.458593848143032566e+07
2.458327392318251729e+07
2.458037681129728630e+07
2.457791452123130485e+07
2.457630636439935118e+07
2.457636971195505559e+07
2.457765705071163177e+07
2.457995598884278908e+07
2.458250564909935743e+07
2.458488783045422286e+07
2.458630792767052352e+07
2.458697804158206284e+07
2.458626373882910237e+07
2.458534412620556727e+07
2.458335629825285450e+07
2.458237164118368179e+07
2.458151904379246011e+07
2.458164620543898270e+07
2.458262494039428979e+07
2.458429049375656992e+07
2.458630319072007760e+07
2.458800219041264802e+07
2.458877986166941747e+07
2.458847286651422828e+07
2.458692980660321563e+07
2.458486802009167895e+07
2.458228354878910631e+07
2.457979604053008929e+07
2.457782411194542795e+07
2.457703318636192009e+07
2.457745163262109086e+07
2.457869662649378553e+07
2.458063728901147470e+07
2.458283360913828015e+07
2.458468929044703394e+07
2.458592484503030777e+07
2.458630605227771774e+07
2.458606442854735255e+07
2.458539052983463183e+07
2.458465167307262495e+07
2.458410169904234260e+07
2.458404754114063457e+07
2.458457387771803141e+07
2.458562966595015675e+07
2.458706108598199859e+07
2.458834561240447313e+07
2.458926531542523578e+07
2.458947013706064597e+07
2.458869682463818789e+07
2.458726483315752819e+07
2.458527109702831879e+07
2.458294975113330036e+07
2.458074260301201418e+07
2.457927326265829057e+07
2.457863990199950337e+07
2.457894700342037156e+07
2.457980897988819703e+07
2.458119391187402233e+07
2.458266051641106233e+07
2.458406291564381495e+07
2.458502044833200052e+07
2.458558265126491711e+07
2.458574388475570828e+07
2.458578876430750266e+07
2.458579295597407967e+07
2.458575659279794618e+07
2.458601985555599257e+07
2.458660315482667834e+07
2.458726474244432524e+07
2.458807509296746179e+07
2.458853643140409142e+07
2.458867822244503349e+07
2.458818291174561903e+07
2.458723620749618858e+07
2.458589256583433226e+07
2.458417198764998838e+07
2.458229595229575038e+07
2.458063158554809168e+07
2.457943021346197650e+07
2.457859898531860858e+07
2.457837599601181597e+07
2.457857659662166238e+07
2.457939871541703492e+07
2.458044382173192874e+07
2.458163195613278821e+07
2.458278579534430057e+07
2.458360858401721716e+07
2.458435736463000998e+07
2.458501415508225933e+07
2.458551810575160012e+07
2.458588634866704792e+07
2.458622078106462955e+07
2.458667669048161060e+07
2.458699573811349273e+07
2.458724807952179760e+07
2.458727140123111382e+07
2.458702899589616433e+07
2.458654237692163140e+07
2.458580767294970527e+07
2.458482551410379633e+07
2.458358167862182483e+07
2.458227595929741859e+07
2.458097219781903177e+07
2.457970712338772416e+07
2.457876578690429404e+07
2.457814200422724709e+07
2.457806867089044675e+07
2.457839715043124929e+07
2.457929551606202871e+07
2.458040848434687778e+07
2.458182846268023178e+07
