5.468405613517183810e+06
5.469454819055261090e+06
5.469748917945934460e+06
5.470109802857039496e+06
5.470208923599581234e+06
5.470710432411598973e+06
5.470982618853615597e+06
5.471153763194891624e+06
5.471106068271405995e+06
5.470922062473928556e+06
5.470471112048880197e+06
5.469760595731516369e+06
5.468463785896583460e+06
5.467336953335287049e+06
5.466231725600225851e+06
5.464885305847628042e+06
5.463933241239129566e+06
5.463183182164756581e+06
5.462744624378136359e+06
5.462992566771771759e+06
5.463825760397592559e+06
5.464788035005664453e+06
5.466025039858210832e+06
5.467367028135525063e+06
5.468688725001673214e+06
5.469676211752522737e+06
5.470238363876258023e+06
5.470631052167582326e+06
5.470721472827473655e+06
5.470592491244488396e+06
5.470581374173332937e+06
5.470627402679056861e+06
5.470643384104251862e+06
5.470782704692494124e+06
5.470946084884320386e+06
5.470707390156915411e+06
5.470016706148969010e+06
5.469191032615563832e+06
5.468075594870860688e+06
5.466516138077918440e+06
5.464839055740501732e+06
5.463402891774272546e+06
5.462365097954693250e+06
5.461821727603779174e+06
5.462237710768791847e+06
5.463109596699052490e+06
5.464401913901874796e+06
5.466290829480271786e+06
5.468067494532967918e+06
5.469359765204844996e+06
5.470505662117445841e+06
5.470916697531653568e+06
5.470778401541057974e+06
5.470631261079943739e+06
5.470098397790943272e+06
5.469696734363117255e+06
5.469774848405760713e+06
5.469893211823053658e+06
5.470429627794306725e+06
5.471035020404860377e+06
5.470949122409355827e+06
5.470582563087096438e+06
5.469952709968215786e+06
5.468407492680577561e+06
5.466563713351713493e+06
5.464513825367532670e+06
5.462500337536327541e+06
5.461244488140196539e+06
5.460919443482791074e+06
5.461224258327046409e+06
5.462522818667740561e+06
5.464460234554324299e+06
5.466733468192853965e+06
5.468769069533409551e+06
5.470045677907571197e+06
5.470938687774673104e+06
5.471019480449520983e+06
5.470490950843318366e+06
5.469719810015886091e+06
5.468944308201643638e+06
5.468600885129918344e+06
5.468645115431935526e+06
5.469299421441096812e+06
5.470242740356091410e+06
5.471084485905331559e+06
5.471405960330104455e+06
5.471293586717912927e+06
5.470331537317007780e+06
5.468503157691232860e+06
5.466104975074936636e+06
5.463635818988639861e+06
5.461417689006129280e+06
5.460214425989306532e+06
5.460109628804175183e+06
5.460791681578606367e+06
5.462592288574301638e+06
5.465064371019239537e+06
5.467475142080145888e+06
5.469313789609023370e+06
5.470497131019257940e+06
5.471007672459401190e+06
5.470515617257384583e+06
5.469462603993874043e+06
5.468224198958865367e+06
5.467331257887481712e+06
5.467080934122377075e+06
5.467711386091532186e+06
5.468865526724065654e+06
5.470238690647620708e+06
5.471560065774268471e+06
5.472365435212134384e+06
5.472100348648162559e+06
5.470748556855727918e+06
5.468597677280087024e+06
5.465793076937597245e+06
5.462937373225107789e+06
5.461010020860836841e+06
5.460055581389032304e+06
5.460152066886689514e+06
5.461444807484093122e+06
5.463831620964366943e+06
5.466446229520953260e+06
5.468850915564467199e+06
5.470531204761984758e+06
5.471329123432827182e+06
5.470883256372444332e+06
5.469819589132104069e+06
5.468184638867904432e+06
5.466650653143301606e+06
5.465758697886632755e+06
5.465939241594209336e+06
5.466942100512079895e+06
5.468543275432982482e+06
5.470456455890145153e+06
5.472207146047287621e+06
5.473054711544977501e+06
5.472443260097599588e+06
5.470817818282713182e+06
5.468305856529954821e+06
5.465253691899120808e+06
5.462598001198559068e+06
5.460999212093209848e+06
5.460353919218280353e+06
5.460978374294724315e+06
5.463003347502852790e+06
5.465631109228040092e+06
5.468265740178551525e+06
5.470327994921338744e+06
5.471486538182872348e+06
5.471338049926497974e+06
5.470348459344220348e+06
5.468572172386292368e+06
5.466451276184916496e+06
5.464790575958391652e+06
5.464355336597673595e+06
5.464878929706044495e+06
5.466095521987523884e+06
5.468247034251344390e+06
5.470819274649345316e+06
5.472635439514385536e+06
5.473133457766227424e+06
5.472516038977031596e+06
5.470618482932351530e+06
5.467984622431262396e+06
5.465172479670775123e+06
5.462825417665733956e+06
5.461703886209564283e+06
5.461571318182499148e+06
5.462941388936776668e+06
5.465221851149663329e+06
5.467626433630032465e+06
5.470114919996555895e+06
5.471869044110007584e+06
5.472024528151242062e+06
5.471280670104753226e+06
5.469605991018075496e+06
5.467123983699108474e+06
5.464879312256802805e+06
5.463457114537095651e+06
5.463130017612305470e+06
5.463906102107459679e+06
5.465654777357688174e+06
5.468295216201976873e+06
5.470868387911063619e+06
5.472496348250304349e+06
5.472867436876652762e+06
5.472063123035451397e+06
5.470220816940777935e+06
5.467834362135019153e+06
5.465488945709845982e+06
5.463581327328598127e+06
5.463067887317597866e+06
5.464231281052445062e+06
5.465329406456960365e+06
5.467694101637692191e+06
5.470119260099006817e+06
5.472043848735001869e+06
5.472706188587984070e+06
5.472219660475463606e+06
5.470576029188976623e+06
5.468429411966559477e+06
5.465604816715243272e+06
5.463318474809433334e+06
5.462288643623910844e+06
5.462186865578729659e+06
5.463171819674830884e+06
5.465553762396664359e+06
5.468133996826902963e+06
5.470525898638231680e+06
5.472056955999747850e+06
5.471999820395368151e+06
5.470922202696127817e+06
5.469398119559522718e+06
5.467513355416321196e+06
5.465548984210900031e+06
5.464491666838763282e+06
5.464724832117447630e+06
5.465848097021479160e+06
5.467573522201641463e+06
5.469592555768793449e+06
5.471773953972262330e+06
5.472854118862313218e+06
5.472831470767833292e+06
5.471618900568073615e+06
5.469531085308911279e+06
5.466817603860824369e+06
5.464287335107166320e+06
5.462176863212799653e+06
5.461260439916352741e+06
5.461556704307728447e+06
5.462960907918277197e+06
5.465235427738616243e+06
5.467644892645298503e+06
5.469697396546880715e+06
5.470900190531649627e+06
5.470789765721072443e+06
5.470096722789019346e+06
5.468964816570148803e+06
5.467554272027908824e+06
5.466138751281153411e+06
5.467359756083286367e+06
5.466699717083164491e+06
5.468333799062141217e+06
5.469856628305026330e+06
5.471807766806633212e+06
5.473148034261891618e+06
5.473720116535198875e+06
5.472742455052169971e+06
5.471133194700057618e+06
5.468546077694927342e+06
5.466072548519224860e+06
5.463800236630603671e+06
5.462058858318915591e+06
5.461446610439406708e+06
5.462161278368770145e+06
5.463447135734580457e+06
5.465372303344281390e+06
5.467499513247868977e+06
5.469127354387094267e+06
5.469922650874676183e+06
5.469817432889820077e+06
5.469380896674698219e+06
5.468610272068587132e+06
5.467588911056920886e+06
5.467414187458022498e+06
5.468076876981867477e+06
5.468857096507506445e+06
5.470210696694401093e+06
5.471689813618173823e+06
5.472884326443741098e+06
5.473865457339130342e+06
5.473597986671083607e+06
5.472140905881577171e+06
5.470354700802234933e+06
5.468160394590975717e+06
5.465782884022010490e+06
5.463717948981943540e+06
5.462273840015640482e+06
5.462023411287286319e+06
5.462729216351774521e+06
5.463723791300198995e+06
5.465173911029972136e+06
5.466765608309252188e+06
5.468008244689436629e+06
5.468748369253769517e+06
5.468959901970751584e+06
5.468629201767628081e+06
5.468502173836861737e+06
5.468427849581473507e+06
5.468663923018748872e+06
5.469374690296463668e+06
5.470231993404055014e+06
5.471340068962038495e+06
5.472373712658847682e+06
5.473139072967176326e+06
5.473312592658219859e+06
5.472664013734221458e+06
5.471113455643748865e+06
5.469457170364762656e+06
5.467688825883136131e+06
5.465644969083605334e+06
5.463876721053523943e+06
5.462962755013464019e+06
5.462636384869384579e+06
5.462755397309618071e+06
5.463532504771181382e+06
5.464462376240657642e+06
5.465637438273288310e+06
5.466769314281024970e+06
5.467604839698217809e+06
5.467856555940049700e+06
5.468236516830732115e+06
5.468660741329113021e+06
5.468975841692822985e+06
5.469384693549618125e+06
5.470014960398257710e+06
5.470657975747160614e+06
5.471398057263872586e+06
5.472122796929254197e+06
5.472355024783328176e+06
5.472243273561962880e+06
5.471659533151869662e+06
5.470625815833240747e+06
5.469362894111604430e+06
5.467783830877981149e+06
5.466193355321831070e+06
5.464757751139804721e+06
5.463739886148331687e+06
5.462937463731697761e+06
5.462830467399917543e+06
5.462990591514131054e+06
5.463729965289816260e+06
5.464706552245958708e+06
5.465910211494095623e+06
5.466592002677679993e+06
5.467788805009217001e+06
