2.894964508613875881e+07
2.894013478126450256e+07
2.894286640012302622e+07
2.894076012483424321e+07
2.894243957500162721e+07
2.894196734139100835e+07
2.894334950691358745e+07
2.894482259223368764e+07
2.894852545038401708e+07
2.895086655625768751e+07
2.895451715817267820e+07
2.895631692028383166e+07
2.895859985983124375e+07
2.896034653445956856e+07
2.896265047354375944e+07
2.896396746662559733e+07
2.896543334430118278e+07
2.896558913229548186e+07
2.896456114806946367e+07
2.896187494505171105e+07
2.895985274799443036e+07
2.895800610371987149e+07
2.895690337663050741e+07
2.895562773387868702e+07
2.895518404576607421e+07
2.895494413317295909e+07
2.895477733684792742e+07
2.895498183460624889e+07
2.895620710806131735e+07
2.895753988161375374e+07
2.895921061370284855e+07
2.896098630975238979e+07
2.896268945573281124e+07
2.896385191904586926e+07
2.896523985983454064e+07
2.896617929234838113e+07
2.896705846501018479e+07
2.896853901761420071e+07
2.896959174755556881e+07
2.896974243363602832e+07
2.896935425138032064e+07
2.896910915457805619e+07
2.896934169745336846e+07
2.896986343512491882e+07
2.897067946010788158e+07
2.897056949473097175e+07
2.897034278499941528e+07
2.896857895176489651e+07
2.896553722031862289e+07
2.896322069737670943e+07
2.896092953324878961e+07
2.895860464889437333e+07
2.895744832615818083e+07
2.895716476562947780e+07
2.895725868574152887e+07
2.895860846456300095e+07
2.896013597028404102e+07
2.896252377533878759e+07
2.896541138667928800e+07
2.896860915488940850e+07
2.897138214128784835e+07
2.897410957217348740e+07
2.897627807812684774e+07
2.897822169058593363e+07
2.897782147008835897e+07
2.897723338351221755e+07
2.897723658621321619e+07
2.897717241537706554e+07
2.897647682735988125e+07
2.897509151205943897e+07
2.897348493481785432e+07
2.897263416302739829e+07
2.897066857512744889e+07
2.896842235661770031e+07
2.896689301610118896e+07
2.896638755813169107e+07
2.896624171544584632e+07
2.896632804537887499e+07
2.896831847982556373e+07
2.897005364817727730e+07
2.897160402521310747e+07
2.897436682291475683e+07
2.897687948975256830e+07
2.897983568928855285e+07
2.898400766807026416e+07
2.898885833804687113e+07
2.899437146195156127e+07
2.900389392168150470e+07
2.900999210697581619e+07
2.900809003784732148e+07
2.900759913222124055e+07
2.900467910675851256e+07
2.899792438939820975e+07
2.899047762615677714e+07
2.898307629230023175e+07
2.897928056472858042e+07
2.898101223103881627e+07
2.898507591067292914e+07
2.898337898297574744e+07
2.898136485601025075e+07
2.897964282539992407e+07
2.898040983044690266e+07
2.898148162595754862e+07
2.898409607146923989e+07
2.898613027044974267e+07
2.899230820835359022e+07
2.899961624278806895e+07
2.900172326826694235e+07
2.900068001345976815e+07
2.899984470696552843e+07
2.899914468215024099e+07
2.899858699582403526e+07
2.899785937907047942e+07
2.899818993510394171e+07
2.899844283477702364e+07
2.899776325323340669e+07
2.899500783160224184e+07
2.899155490419955552e+07
2.898910034269700944e+07
2.898738053282668814e+07
2.898649136142856628e+07
2.898382009739228338e+07
2.897967200256609172e+07
2.897706992122483253e+07
2.897530782565091923e+07
2.897495742640062794e+07
2.897444255113320798e+07
2.897463587498192117e+07
2.897364248131561652e+07
2.897267376824258268e+07
2.897198994279796630e+07
2.897204535694944113e+07
2.897303702259374782e+07
2.897560955461485311e+07
2.897679990186065435e+07
2.897702189578912780e+07
2.897657863672804460e+07
2.897657190461302921e+07
2.897687826784887910e+07
2.897765545373220742e+07
2.897856091730702296e+07
2.897994749365083873e+07
2.898098586578422785e+07
2.898303610697116330e+07
2.898302843620150909e+07
2.898371125580880046e+07
2.898644834415046126e+07
2.898597554570937529e+07
2.898636649618855491e+07
2.898791149902059883e+07
2.898927975246720389e+07
2.898918215303368121e+07
2.898866592765140906e+07
2.898936965365734324e+07
2.899152823289866000e+07
2.899498388725402579e+07
2.899620362808172032e+07
2.899733534478610009e+07
2.899989120355258882e+07
2.900140999701817706e+07
2.900176490091927722e+07
2.900325906022119150e+07
2.900501847323416173e+07
2.900708137450044975e+07
2.901347716348762065e+07
2.902270147139772773e+07
2.902891583981765062e+07
2.902984138166956976e+07
2.903007698837408423e+07
2.902996820117425546e+07
2.902711514536385611e+07
2.902477617839473113e+07
2.902256456640863419e+07
2.902234233023214713e+07
2.902161754063089564e+07
2.902032103274322301e+07
2.901301162302926183e+07
2.900408450249658152e+07
2.899843526415303722e+07
2.899465451464264095e+07
2.899234455222747847e+07
2.899033223310471699e+07
2.898710232280020788e+07
2.898883678007229045e+07
2.898964663024274260e+07
2.899089338134118170e+07
2.899149063467437029e+07
2.899259322219065577e+07
2.899336513986236975e+07
2.899480850370637700e+07
2.899577299711747840e+07
2.899821687232323736e+07
2.899511564524995908e+07
2.899687350551864877e+07
2.899401376828480139e+07
2.899323215108347684e+07
2.899183948931514099e+07
2.899128996376527846e+07
2.899126571196844801e+07
2.899483206787411869e+07
2.899472026079302281e+07
2.898544475032081082e+07
2.897905789516605437e+07
2.897875985066777468e+07
2.897969091133575886e+07
2.898097370049464703e+07
2.898176738938592747e+07
2.898218043016995490e+07
2.898183920488708839e+07
2.898142610116247833e+07
2.898064684601324052e+07
2.898080032141155377e+07
2.898220908139720559e+07
2.898664153993747756e+07
2.899035062098957226e+07
2.899241252663602307e+07
2.899199661045990512e+07
2.899120329814073816e+07
2.898964668326590955e+07
2.898881057475199923e+07
2.898737587943995744e+07
2.898660010457266122e+07
2.898400701913382858e+07
2.898053198496405035e+07
2.897504554256181419e+07
2.897203654153445736e+07
2.896983167135807872e+07
2.897163690245794505e+07
2.897260596969046071e+07
2.897826218653649092e+07
2.897918937653805688e+07
2.898142952580728382e+07
2.897983073511467874e+07
2.897882430129456148e+07
2.897843111095119268e+07
2.897941751361452043e+07
2.897764329757881537e+07
2.897875424864913151e+07
2.897670181556668878e+07
2.898099609659120068e+07
2.898167848727926239e+07
2.898059027229410782e+07
2.898105719345119968e+07
2.897806930663708970e+07
2.898271173670687154e+07
2.898158229063042998e+07
2.897841217413558438e+07
2.897898199500753731e+07
2.898090237423129007e+07
2.898323092018057778e+07
2.898620370382915065e+07
2.898818739753780141e+07
2.899142106725534797e+07
2.898936038503143936e+07
2.898306884693068638e+07
2.897796899138400331e+07
2.897731908229088783e+07
2.897829171820721775e+07
2.897485185288085416e+07
2.897379342416035384e+07
2.897294014531766996e+07
2.897526268442991748e+07
2.897792512109224871e+07
2.898053801621863991e+07
2.898169210936701670e+07
2.898592385923361406e+07
2.899156119589942321e+07
2.899143509971546382e+07
2.899045147738903388e+07
2.898991871537371725e+07
2.898796644189924002e+07
2.898498362253389135e+07
2.898275490821753815e+07
2.898095744934457541e+07
2.897940613059450313e+07
2.897798867186275497e+07
2.897756950600608811e+07
2.897713508595776930e+07
2.897781527403956652e+07
2.897947884944812581e+07
2.898208054255053774e+07
2.898271240068092570e+07
2.898135361545046419e+07
2.898059225973004848e+07
2.897982174527594820e+07
2.897960360855971649e+07
2.897964764158404619e+07
2.897893119494864717e+07
2.897737791960960999e+07
2.897340131535549089e+07
2.896985322432017699e+07
2.896725522677392140e+07
2.896650860222971812e+07
2.896767524182629585e+07
2.896886775032964721e+07
2.897011673197006062e+07
2.897299477573315427e+07
2.897493286861100420e+07
2.897645129706549272e+07
2.897828639398973435e+07
2.897935159014152363e+07
2.898090326332849264e+07
2.898146343142948300e+07
2.898222022451359406e+07
2.898339191608176380e+07
2.898148717538937926e+07
2.898045914044174179e+07
2.897919437656757236e+07
2.897839884083256871e+07
2.897598850766394660e+07
2.897295800247630849e+07
2.897009520877617225e+07
2.896694599963355437e+07
2.896346152673086897e+07
2.896166076722589135e+07
2.896248313598509878e+07
2.896640063955565169e+07
2.896861330830011889e+07
2.897046801190691441e+07
2.897154906280156597e+07
2.897141285754088312e+07
2.897160523470531777e+07
2.897543999093814939e+07
2.898090752239069715e+07
2.898999164907679334e+07
2.899916621356898174e+07
2.900293883193340525e+07
2.900393316829837486e+07
2.899707169617232680e+07
2.898919967882227898e+07
2.898386423505840078e+07
2.897861179465854168e+07
2.897549024921504408e+07
2.897386173792367056e+07
2.897688257917731628e+07
2.898160054561456665e+07
