1.243203408406144753e+07
1.243274300751652382e+07
1.243311183571913466e+07
1.243343329499069601e+07
1.243368624264685996e+07
1.243401077224906348e+07
1.243435476362260245e+07
1.243450257195805199e+07
1.243452995739619248e+07
1.243443202550148219e+07
1.243415517886380851e+07
1.243343958457186259e+07
1.243245540749796107e+07
1.243140728127535805e+07
1.243018474707186781e+07
1.242900783480675519e+07
1.242788124626680464e+07
1.242706310292587988e+07
1.242652982919762842e+07
1.242651556480898708e+07
1.242709495618982427e+07
1.242800670323106833e+07
1.242914600316857547e+07
1.243052322436518781e+07
1.243184694958808087e+07
1.243292115247282386e+07
1.243357473100994714e+07
1.243396455707011558e+07
1.243412419335749000e+07
1.243402718472290412e+07
1.243399058487808332e+07
1.243401139861518331e+07
1.243409323387331143e+07
1.243417194875135086e+07
1.243435790028741956e+07
1.243421139585305192e+07
1.243373811254225671e+07
1.243310158699435554e+07
1.243210269765318371e+07
1.243072375235280022e+07
1.242916157081311569e+07
1.242768767843077146e+07
1.242649414760458283e+07
1.242580499306665920e+07
1.242583250724443980e+07
1.242647675198477134e+07
1.242772296098451689e+07
1.242938539621478692e+07
1.243113094312487543e+07
1.243270378229275160e+07
1.243382472785809450e+07
1.243440669791078009e+07
1.243452276026889682e+07
1.243428382785113156e+07
1.243387504393148050e+07
1.243347822533024289e+07
1.243328112441615574e+07
1.243344325869268365e+07
1.243392348789381608e+07
1.243436320153313875e+07
1.243455390717769228e+07
1.243443266590123996e+07
1.243389821272308379e+07
1.243273001404705457e+07
1.243101639360552281e+07
1.242905553544691205e+07
1.242706676778180711e+07
1.242558973439252749e+07
1.242483603948353603e+07
1.242493624118091166e+07
1.242592224032210000e+07
1.242764067103979550e+07
1.242979418802812323e+07
1.243187479852961563e+07
1.243348975207903422e+07
1.243446386950457841e+07
1.243481426536809281e+07
1.243446700795457140e+07
1.243376478988549113e+07
1.243301298156456649e+07
1.243247387206588313e+07
1.243239385565047711e+07
1.243284405768475309e+07
1.243368544529871456e+07
1.243449709282159247e+07
1.243510138048033230e+07
1.243526079142280109e+07
1.243457615482494608e+07
1.243309463055443205e+07
1.243092164755340479e+07
1.242851199092507549e+07
1.242629228196217678e+07
1.242475969983943552e+07
1.242419126265621930e+07
1.242469563542815484e+07
1.242610360360876285e+07
1.242828541467796452e+07
1.243069583360555954e+07
1.243270820836426318e+07
1.243422865875789151e+07
1.243496647307756729e+07
1.243479463012785837e+07
1.243388995921657607e+07
1.243277242962072417e+07
1.243171425780537538e+07
1.243121564008670673e+07
1.243155069029011205e+07
1.243248743990193121e+07
1.243372584570568800e+07
1.243509880345449410e+07
1.243607212834504806e+07
1.243620054431623407e+07
1.243527898097305186e+07
1.243337201510585472e+07
1.243085817221606337e+07
1.242811984740258753e+07
1.242589697250445932e+07
1.242457292465629615e+07
1.242428070653263666e+07
1.242523708519463614e+07
1.242721347129878029e+07
1.242970913266277872e+07
1.243205796477967687e+07
1.243405782256125845e+07
1.243514011685463227e+07
1.243513067333077453e+07
1.243424561552504636e+07
1.243284173906597309e+07
1.243124426012261026e+07
1.243008882818685286e+07
1.242983635483367182e+07
1.243054998229812458e+07
1.243191198696777038e+07
1.243368716194244474e+07
1.243550218439293653e+07
1.243657717622520216e+07
1.243654304937383533e+07
1.243527514437596872e+07
1.243314704827954248e+07
1.243034843248033524e+07
1.242767782449844852e+07
1.242564342827241309e+07
1.242467973513107188e+07
1.242491084343541972e+07
1.242644273010188341e+07
1.242877257460469939e+07
1.243127875331035629e+07
1.243354339847175591e+07
1.243504939158375934e+07
1.243544308232823573e+07
1.243471403031139821e+07
1.243322543177195825e+07
1.243131665493657812e+07
1.242957750819796324e+07
1.242867565898497589e+07
1.242877555770771578e+07
1.242974941298200749e+07
1.243165159436408430e+07
1.243401058536353521e+07
1.243594539235820621e+07
1.243691638283522427e+07
1.243670203883009031e+07
1.243529654150018655e+07
1.243295504628723115e+07
1.243031663005273044e+07
1.242793855582152307e+07
1.242632538615775108e+07
1.242585098151163571e+07
1.242671036511301249e+07
1.242859905182331987e+07
1.243084276665439829e+07
1.243325372402700409e+07
1.243515763560255803e+07
1.243602193161042780e+07
1.243560299167001620e+07
1.243425555505168252e+07
1.243214841423551552e+07
1.242990598464749567e+07
1.242825617852906510e+07
1.242752935938518867e+07
1.242788190065557510e+07
1.242935887133643217e+07
1.243166986152440682e+07
1.243409182245191187e+07
1.243592330714100413e+07
1.243677124310100637e+07
1.243645205763448402e+07
1.243498667616495118e+07
1.243279236709195003e+07
1.243052336508405209e+07
1.242862147756255604e+07
1.242766702920383960e+07
1.242842899267845973e+07
1.242904915494322404e+07
1.243111504910492338e+07
1.243333990899028443e+07
1.243537588323993981e+07
1.243644052478045970e+07
1.243642696999616362e+07
1.243532792615396343e+07
1.243331778379345313e+07
1.243085140269063413e+07
1.242864829740105197e+07
1.242712190099441819e+07
1.242660195960932039e+07
1.242731658128462359e+07
1.242925513639969565e+07
1.243162948406474851e+07
1.243392777072340436e+07
1.243556429751522839e+07
1.243615629378525913e+07
1.243548706224768236e+07
1.243416831445888802e+07
1.243244553010366485e+07
1.243068190093597583e+07
1.242947103629575111e+07
1.242921521216709912e+07
1.242988894468185492e+07
1.243140994680853188e+07
1.243338864600302465e+07
1.243532934864011593e+07
1.243669518070856854e+07
1.243707468485851213e+07
1.243632182091672346e+07
1.243463112857590057e+07
1.243218205787127279e+07
1.242967062945880741e+07
1.242757289256309532e+07
1.242624571373260394e+07
1.242601254219334759e+07
1.242714732276147231e+07
1.242908617514079995e+07
1.243129656178570352e+07
1.243329754986825213e+07
1.243469005343646742e+07
1.243503851155918092e+07
1.243469605296662822e+07
1.243363663637086004e+07
1.243239560134996474e+07
1.243127315181781165e+07
1.243196812470691837e+07
1.243104450909494422e+07
1.243235229879740439e+07
1.243373017471188493e+07
1.243567324479701929e+07
1.243700382087765262e+07
1.243772597796357051e+07
1.243744679985437170e+07
1.243617368468860723e+07
1.243389858870810829e+07
1.243150257170203142e+07
1.242922759937187098e+07
1.242735772031938843e+07
1.242636801534187794e+07
1.242655530367860571e+07
1.242764379928800464e+07
1.242933574708078429e+07
1.243119017225865461e+07
1.243287250642065890e+07
1.243384713079866394e+07
1.243412159591070935e+07
1.243385290428524651e+07
1.243316257876663283e+07
1.243238725025077164e+07
1.243213732020609081e+07
1.243237293527049944e+07
1.243302316378997080e+07
1.243413298094550893e+07
1.243561228141909279e+07
1.243691620271527953e+07
1.243779863163850643e+07
1.243787058106879517e+07
1.243701026316090859e+07
1.243542731402215920e+07
1.243340059484040923e+07
1.243117862614607997e+07
1.242909797999617085e+07
1.242756126473673992e+07
1.242693058883750625e+07
1.242723157579260133e+07
1.242818379044719040e+07
1.242939534950620122e+07
1.243080939028870128e+07
1.243205935804209299e+07
1.243291875724485703e+07
1.243332865932418965e+07
1.243333506832112186e+07
1.243318619666409679e+07
1.243319970777561702e+07
1.243344810750381835e+07
1.243385584451086633e+07
1.243465359859124012e+07
1.243569681849071383e+07
1.243673548978271894e+07
1.243753913150870800e+07
1.243783214178975299e+07
1.243742247050635517e+07
1.243636962658279017e+07
1.243483314061658084e+07
1.243316120811993815e+07
1.243124772613478824e+07
1.242957290615585819e+07
1.242841395340593718e+07
1.242783462501106784e+07
1.242776844691061415e+07
1.242825902395593002e+07
1.242905056284337677e+07
1.243004211501968279e+07
1.243114182737579010e+07
1.243203350842334330e+07
1.243260591619534418e+07
1.243302856031343341e+07
1.243343029369927943e+07
1.243388702318471856e+07
1.243425716326267645e+07
1.243480155425524525e+07
1.243538220534857921e+07
1.243607653608984128e+07
1.243669080753327906e+07
1.243705568199293129e+07
1.243703663664722443e+07
1.243663530767797120e+07
1.243577996268928051e+07
1.243469032065290585e+07
1.243325190492995270e+07
1.243178933396264538e+07
1.243035479673725925e+07
1.242924098775658011e+07
1.242834206896992400e+07
1.242800235834819078e+07
1.242798103714886494e+07
1.242859769830299541e+07
1.242932411641933396e+07
1.243050680213825963e+07
1.243133169561876729e+07
1.243260279384140112e+07
