1.995092392130818218e+07
1.995599012915146351e+07
1.995416765518108010e+07
1.995538998270546272e+07
1.995477232292528078e+07
1.995594755214022100e+07
1.995610558011455461e+07
1.995646527238974348e+07
1.995577435235802829e+07
1.995569125275866315e+07
1.995481834890372306e+07
1.995419136304323748e+07
1.995278855198452622e+07
1.995214123276014253e+07
1.995103606573866308e+07
1.995023423775832728e+07
1.994926882503116876e+07
1.994900729927488044e+07
1.994879807825340331e+07
1.994952705752626806e+07
1.995052851939713210e+07
1.995177769824479520e+07
1.995279729286712781e+07
1.995419317889198288e+07
1.995530034796724468e+07
1.995637956445244700e+07
1.995696945265027881e+07
1.995771022467400134e+07
1.995801557663366571e+07
1.995829543654752523e+07
1.995841979079084098e+07
1.995873603240315989e+07
1.995888902789144963e+07
1.995921323494729027e+07
1.995924757716364786e+07
1.995895439919463545e+07
1.995816433974602446e+07
1.995747866413560137e+07
1.995641190543852001e+07
1.995510737007897347e+07
1.995356288157555461e+07
1.995239456528294832e+07
1.995139111134562269e+07
1.995105514560068399e+07
1.995129819352015853e+07
1.995214947315527126e+07
1.995342317278729379e+07
1.995526532511018217e+07
1.995694931833462417e+07
1.995833748429087177e+07
1.995922510959953442e+07
1.995965693360681087e+07
1.995958104729672149e+07
1.995948373368554935e+07
1.995912702966897190e+07
1.995910270817113668e+07
1.995920413988380134e+07
1.995966100922109187e+07
1.996036293222707883e+07
1.996116410024802387e+07
1.996120079575996846e+07
1.996091049074611068e+07
1.996016308511012793e+07
1.995894019704259560e+07
1.995729752923902124e+07
1.995539658946092799e+07
1.995348122498412430e+07
1.995213099810788780e+07
1.995153279077090323e+07
1.995177730913768709e+07
1.995287855556033552e+07
1.995476318069627881e+07
1.995685450527147204e+07
1.995877511875407025e+07
1.996005438040857762e+07
1.996088090835274011e+07
1.996101800479290262e+07
1.996066080404720455e+07
1.996001610119545460e+07
1.995948472281149775e+07
1.995929670308500901e+07
1.995937452351778746e+07
1.996006318976485729e+07
1.996102332560308650e+07
1.996163575272958353e+07
1.996194519725896046e+07
1.996180673741804808e+07
1.996085572026779875e+07
1.995900695226920396e+07
1.995675060542412847e+07
1.995441095409798250e+07
1.995240951325716451e+07
1.995122086678572372e+07
1.995098913197553158e+07
1.995161960647276789e+07
1.995328038655076176e+07
1.995556387307240069e+07
1.995788607761695236e+07
1.995969191247199848e+07
1.996094617179217190e+07
1.996137975658115372e+07
1.996095880743200332e+07
1.995999680784829333e+07
1.995889179991361499e+07
1.995810538683712482e+07
1.995797942395926267e+07
1.995869533833552152e+07
1.995991966573619843e+07
1.996119704399815574e+07
1.996238865469016880e+07
1.996313212275620922e+07
1.996318178869204223e+07
1.996207801677259430e+07
1.995995244222767279e+07
1.995720449249800667e+07
1.995440577218021452e+07
1.995246377516356111e+07
1.995156391483536363e+07
1.995178736077436060e+07
1.995315505497619510e+07
1.995536494435135275e+07
1.995786568174555898e+07
1.996019597681442276e+07
1.996189011995519698e+07
1.996265209171022847e+07
1.996233449917309359e+07
1.996136509346533567e+07
1.996013438690806180e+07
1.995884895504324883e+07
1.995803410561892763e+07
1.995830387450069189e+07
1.995928050837185606e+07
1.996070838978364691e+07
1.996233916505722329e+07
1.996387958172516897e+07
1.996453416921134293e+07
1.996396467448288575e+07
1.996229794485050812e+07
1.995983535639461130e+07
1.995686339820679277e+07
1.995436102171932161e+07
1.995278706832441688e+07
1.995227076002391055e+07
1.995280522476537526e+07
1.995459268516716734e+07
1.995700501989048719e+07
1.995938665207980573e+07
1.996132954626562074e+07
1.996241256493660063e+07
1.996210631330324337e+07
1.996103187475869060e+07
1.995923202925290540e+07
1.995711483802057430e+07
1.995540493935921416e+07
1.995481272533602268e+07
1.995518482651583850e+07
1.995667846347823739e+07
1.995892911341727898e+07
1.996138036562867090e+07
1.996301856639649719e+07
1.996353786428744718e+07
1.996286341210186481e+07
1.996116566984514147e+07
1.995870103256187961e+07
1.995627098207803443e+07
1.995450773782923073e+07
1.995350953387701139e+07
1.995348899392495677e+07
1.995476003782048449e+07
1.995663197489217669e+07
1.995869300310700759e+07
1.996076720547599718e+07
1.996241472792868689e+07
1.996255833212548122e+07
1.996189948047452047e+07
1.996034228022951260e+07
1.995826784351332113e+07
1.995605828591285646e+07
1.995472985011397302e+07
1.995412723283236474e+07
1.995485607732098177e+07
1.995646376870523766e+07
1.995910640062014014e+07
1.996142606742335856e+07
1.996331480133884028e+07
1.996368621811195835e+07
1.996331615162521601e+07
1.996149082204516977e+07
1.995948531638593599e+07
1.995680464625345543e+07
1.995547887164707854e+07
1.995405813001008704e+07
1.995188707851768658e+07
1.995684827530960366e+07
1.995833745947117358e+07
1.996109073687012866e+07
1.996280380683018267e+07
1.996391339670774341e+07
1.996366078895017505e+07
1.996254366211216152e+07
1.996052006552554294e+07
1.995805865653320029e+07
1.995592926334756985e+07
1.995483117671298236e+07
1.995460928563299775e+07
1.995576436591689661e+07
1.995803795186068863e+07
1.996070869276510179e+07
1.996319987539642304e+07
1.996459220051167160e+07
1.996454923946830258e+07
1.996332851423705742e+07
1.996172025546551868e+07
1.995983857953571901e+07
1.995824281852480024e+07
1.995734067954304814e+07
1.995771332506816089e+07
1.995872245109882578e+07
1.996036661211665347e+07
1.996216342366835102e+07
1.996387932840171829e+07
1.996454791977936029e+07
1.996452778217504174e+07
1.996251718197793141e+07
1.995854739043445140e+07
1.995346898126044869e+07
1.994890187472442910e+07
1.994492084183323756e+07
1.994266003728476167e+07
1.994142974986341223e+07
1.994189701824531704e+07
1.994279449385432899e+07
1.994471015203083679e+07
1.994583086198783293e+07
1.994677776078994572e+07
1.994574058226989210e+07
1.994500853024879098e+07
1.994273259589866176e+07
1.994215545432525128e+07
1.993921343878972158e+07
1.994378042486648634e+07
1.994028445603934675e+07
1.994243427631320804e+07
1.994347305537226051e+07
1.994555148812033609e+07
1.994666620024766400e+07
1.994757666818324849e+07
1.994680371577798948e+07
1.994544759322705120e+07
1.994310678652650863e+07
1.994106814190876111e+07
1.993898914658507705e+07
1.993761190917015448e+07
1.993701726081753522e+07
1.993788016088657826e+07
1.993937414071544632e+07
1.994168392205512896e+07
1.994384540043272823e+07
1.994552837553413957e+07
1.994627049193245173e+07
1.994637477016418800e+07
1.994604240487744659e+07
1.994558047036150470e+07
1.994488546895786375e+07
1.994500840107798949e+07
1.994562338182761893e+07
1.994665938160325959e+07
1.994808768444281071e+07
1.994966483225941658e+07
1.995076081879841909e+07
1.995161921926376596e+07
1.995146905042252317e+07
1.995047099108183756e+07
1.994885317932406813e+07
1.994693094926327467e+07
1.994479244180304930e+07
1.994274135520495102e+07
1.994085955509037152e+07
1.994007524702912197e+07
1.993995359984508902e+07
1.994054802176595479e+07
1.994150975232305750e+07
1.994245064237894490e+07
1.994304003309085220e+07
1.994328960797467828e+07
1.994312204448925704e+07
1.994277401161557063e+07
1.994277433856822923e+07
1.994329087859814614e+07
1.994412348389489204e+07
1.994518358335424215e+07
1.994628025008916482e+07
1.994749775159599632e+07
1.994844829972802475e+07
1.994887200189766288e+07
1.994859562783423066e+07
1.994750817739183456e+07
1.994572761988157779e+07
1.994373594265797362e+07
1.994170897195442393e+07
1.993963203032765165e+07
1.993807035773861036e+07
1.993727595510231704e+07
1.993720187088997290e+07
1.993746866944772005e+07
1.993821643182392046e+07
1.993914871190559864e+07
1.994003596480169147e+07
1.994088533176993951e+07
1.994149121185874194e+07
1.994154788609815761e+07
1.994180521127312258e+07
1.994211819279002771e+07
1.994275384565765038e+07
1.994328775056118891e+07
1.994403895514607057e+07
1.994469270346207544e+07
1.994562934740948677e+07
1.994621318745314702e+07
1.994645663445113227e+07
1.994628398413437605e+07
1.994587245831584185e+07
1.994494295631724596e+07
1.994392820419929177e+07
1.994252917856501788e+07
1.994135684061417356e+07
1.994011626129791141e+07
1.993948247157118097e+07
1.993896296232867613e+07
1.993942132811054960e+07
1.993990870907339826e+07
1.994126787734525278e+07
1.994229920998831838e+07
1.994408620621725917e+07
1.994479654923588410e+07
1.994695667299664021e+07
