7.502427516852470115e+06
7.503360933828406036e+06
7.503772309882323258e+06
7.504131632439542562e+06
7.504362400140549988e+06
7.504626874048230238e+06
7.504894143578894436e+06
7.505043525832321495e+06
7.505079385103185661e+06
7.505022715560444631e+06
7.504811391588857397e+06
7.504263582974345423e+06
7.503471392753317952e+06
7.502591790560442023e+06
7.501409378699430265e+06
7.500297419229491614e+06
7.499093098830478266e+06
7.498079129785974510e+06
7.497298485200808384e+06
7.497087609122950584e+06
7.497395227398569696e+06
7.498199716789077967e+06
7.499380059131398797e+06
7.500821292246281169e+06
7.502230648028646596e+06
7.503518132470118813e+06
7.504346380892614834e+06
7.504853064143586904e+06
7.505067045049838722e+06
7.504961481669711880e+06
7.504826856094376184e+06
7.504750635917633772e+06
7.504708695061942562e+06
7.504741741706673987e+06
7.504943564900563098e+06
7.504935246806259267e+06
7.504673040511926636e+06
7.504217766977445222e+06
7.503405728376425803e+06
7.502164783436451107e+06
7.500608326612630859e+06
7.498960852537950501e+06
7.497534294549520127e+06
7.496607911498835310e+06
7.496311348993942142e+06
7.496723632593796588e+06
7.497868502398339100e+06
7.499524063680090010e+06
7.501339156006229110e+06
7.503144444321337156e+06
7.504466424885094166e+06
7.505245414400303736e+06
7.505530448823756538e+06
7.505273821867366321e+06
7.504753579802563414e+06
7.504195346090586856e+06
7.503779654768205248e+06
7.503809932609566487e+06
7.504238569080180489e+06
7.504699286813789047e+06
7.505117009495074861e+06
7.505280719801750034e+06
7.504989326376366429e+06
7.504043771469015628e+06
7.502480755503081717e+06
7.500435628760726191e+06
7.498271439078732394e+06
7.496511228161378764e+06
7.495406734716329724e+06
7.495136120855606161e+06
7.495896566549753770e+06
7.497468658824393526e+06
7.499677522369915619e+06
7.501935048047702760e+06
7.503859359971244819e+06
7.505059677538934164e+06
7.505632641939276829e+06
7.505451179944905452e+06
7.504717991464637220e+06
7.503806667517438531e+06
7.503002988235436380e+06
7.502666586505454034e+06
7.502912745350025594e+06
7.503725337960606441e+06
7.504675835597884841e+06
7.505506178125311621e+06
7.506018098727721721e+06
7.505635692858885974e+06
7.504475762507819571e+06
7.502399327431169339e+06
7.499884450058279559e+06
7.497435282380657271e+06
7.495461855805261061e+06
7.494482728941320442e+06
7.494616267665022053e+06
7.495796029390594922e+06
7.497889012155842967e+06
7.500436371011639945e+06
7.502777470456863753e+06
7.504648495124358684e+06
7.505665678435934708e+06
7.505727965738609433e+06
7.504904476512124762e+06
7.503690150951267220e+06
7.502384387079694308e+06
7.501508097010629252e+06
7.501529666966614313e+06
7.502285948475219309e+06
7.503528851335182786e+06
7.505073969725679606e+06
7.506341082445272245e+06
7.506882327987865545e+06
7.506357699040696025e+06
7.504713308321470395e+06
7.502294628553071991e+06
7.499463878710225224e+06
7.496909085306882858e+06
7.495098924167241901e+06
7.494394477471103892e+06
7.494957532727139071e+06
7.496650532173987478e+06
7.499196941752894782e+06
7.501832806024995632e+06
7.504197025654575787e+06
7.505718643725491129e+06
7.506097626738454215e+06
7.505411758176745847e+06
7.503988487259278074e+06
7.502240987641582265e+06
7.500720788524652831e+06
7.500050826059008017e+06
7.500429599308985285e+06
7.501651021887117065e+06
7.503438949205962010e+06
7.505470136456226930e+06
7.506909749314278364e+06
7.507422326066399924e+06
7.506537428443084471e+06
7.504624175817866810e+06
7.501886498855977319e+06
7.498971305978584103e+06
7.496503323614832014e+06
7.495015769632007927e+06
7.494817200231804512e+06
7.496015945262878202e+06
7.498217010333321989e+06
7.500862848324175924e+06
7.503442040854834951e+06
7.505370488822379149e+06
7.506257553365252912e+06
7.505901633169831708e+06
7.504513700885801576e+06
7.502534635244079866e+06
7.500453208034630865e+06
7.499057293068467639e+06
7.498694956266604364e+06
7.499414518417763524e+06
7.501165267300692387e+06
7.503595568046636879e+06
7.505786937899541110e+06
7.507267549913225695e+06
7.507476679390444420e+06
7.506497070371907204e+06
7.504386054759862833e+06
7.501678209088754840e+06
7.498987578676233999e+06
7.496879973992426880e+06
7.495898217632979155e+06
7.496295173980647698e+06
7.497905716750663705e+06
7.500196164807075635e+06
7.502820706214475445e+06
7.505098929929524660e+06
7.506464404933353886e+06
7.506440724581014365e+06
7.505379485967524350e+06
7.503396940030809492e+06
7.500949187862299383e+06
7.498848735315246508e+06
7.497688909284185618e+06
7.497579062519332394e+06
7.498770758602652699e+06
7.500969391230756417e+06
7.503578424658771604e+06
7.505797058728372678e+06
7.507106607411004603e+06
7.507167439382434823e+06
7.506081819040847942e+06
7.504049130019215867e+06
7.501690428460473195e+06
7.499426300508441404e+06
7.498018026793223806e+06
7.498317577450110577e+06
7.498643308465942740e+06
7.500508815526123159e+06
7.502863298927414231e+06
7.505154813303771429e+06
7.506667262709486298e+06
7.507089188917097636e+06
7.506429698544222862e+06
7.504601048592608422e+06
7.502129546000953764e+06
7.499685439007706940e+06
7.497643044041470625e+06
7.496676336600748822e+06
7.496996596513737924e+06
7.498641170666961931e+06
7.500985502499113791e+06
7.503463425880169496e+06
7.505463716669353656e+06
7.506453009829585440e+06
7.506187675925113261e+06
7.505083639531239867e+06
7.503417693280644715e+06
7.501480222343360074e+06
7.499959290560897440e+06
7.499250332706371322e+06
7.499576938916708343e+06
7.500919691658958793e+06
7.502768794582955539e+06
7.504801396875190549e+06
7.506481290305634961e+06
7.507274179174486548e+06
7.506919783713922836e+06
7.505590785074252635e+06
7.503276298663337715e+06
7.500676950492608361e+06
7.498290627133931033e+06
7.496585752054296434e+06
7.495890518654710613e+06
7.496623528646556661e+06
7.498373244649310596e+06
7.500537557080710307e+06
7.502704223440454341e+06
7.504393884292574599e+06
7.505119279543546028e+06
7.505079811798099428e+06
7.504101035794245079e+06
7.502955108609876595e+06
7.501593580049743876e+06
7.501688610773052089e+06
7.500849118769808672e+06
7.501814182540762238e+06
7.503109898970186710e+06
7.504978624111267738e+06
7.506486128331034444e+06
7.507517617141070776e+06
7.507555795618040487e+06
7.506581146582633257e+06
7.504564582089551724e+06
7.502235398435763083e+06
7.499860462336560711e+06
7.497742021512551233e+06
7.496351925321833231e+06
7.496153728873950429e+06
7.497001037900866009e+06
7.498528471011166461e+06
7.500326611806279980e+06
7.502148170772203244e+06
7.503355640594691038e+06
7.503918738431134261e+06
7.503824447103008628e+06
7.503248192540737800e+06
7.502542911139548756e+06
7.502066493560205214e+06
7.502080684465229511e+06
7.502550339987283573e+06
7.503537520127383061e+06
7.504897231427975930e+06
7.506292070899519138e+06
7.507252565841657110e+06
7.507552118728107773e+06
7.507025098635417409e+06
7.505658276310642250e+06
7.503785720162905753e+06
7.501630458191534504e+06
7.499446931997374631e+06
7.497717684940074570e+06
7.496759110225527547e+06
7.496738221801434644e+06
7.497472236085303128e+06
7.498538624046280049e+06
7.499865937536279671e+06
7.501144103406843729e+06
7.502214983217796311e+06
7.502753038233241998e+06
7.502960688096898608e+06
7.502886562635256909e+06
7.502885561799682677e+06
7.503066964444025420e+06
7.503331043519930914e+06
7.504024929873382673e+06
7.504997440347837284e+06
7.505970461600185372e+06
7.506807276168742217e+06
7.507224402404815890e+06
7.507037811613416299e+06
7.506258237302588299e+06
7.504906134738085791e+06
7.503342020361298695e+06
7.501507247565748170e+06
7.499799702800365165e+06
7.498464460646091960e+06
7.497678252329173498e+06
7.497425166976608336e+06
7.497718768071008846e+06
7.498300240376426838e+06
7.499209496838473715e+06
7.500272905585842207e+06
7.501282294521525502e+06
7.502076221833067946e+06
7.502617228550033644e+06
7.503131349117611535e+06
7.503620952249839902e+06
7.504050469077891670e+06
7.504502008120365441e+06
7.505051842611539178e+06
7.505677539193476550e+06
7.506160092125715688e+06
7.506510707069077529e+06
7.506523026851134375e+06
7.506213491553642787e+06
7.505558738918987103e+06
7.504626330478045158e+06
7.503398562002145685e+06
7.502057597616839223e+06
7.500655970967506990e+06
7.499414282371685840e+06
7.498364487157517113e+06
7.497823580954770558e+06
7.497587816964999773e+06
7.497932521369377151e+06
7.498500938062213361e+06
7.499577368127763271e+06
7.500505536841930822e+06
7.501824079903614707e+06
