6.710538862486193329e+07
6.710666865159939229e+07
6.710609087017227709e+07
6.710718190553826094e+07
6.710788215791705251e+07
6.710912502237083018e+07
6.711007548239077628e+07
6.711130170723895729e+07
6.711209771510426700e+07
6.711280926683324575e+07
6.711324372257776558e+07
6.711386401067763567e+07
6.711407985579322278e+07
6.711398179900389910e+07
6.711263985539136827e+07
6.711089170385241508e+07
6.710833788626635075e+07
6.710590265687032789e+07
6.710384576080491394e+07
6.710215888537023216e+07
6.710119728686539084e+07
6.710088183023314178e+07
6.710064689341670275e+07
6.710125817394103855e+07
6.710261277196542919e+07
6.710380334480479360e+07
6.710496009856652468e+07
6.710621417595061660e+07
6.710709275320308656e+07
6.710773891649545729e+07
6.710852250503294915e+07
6.710947537741780281e+07
6.711041598539794981e+07
6.711175148841708899e+07
6.711300692202934623e+07
6.711314066703097522e+07
6.711228739420330524e+07
6.711113097055660188e+07
6.710984889645944536e+07
6.710884741254084557e+07
6.710770043609610200e+07
6.710630113577836752e+07
6.710475172681478411e+07
6.710360659657904506e+07
6.710300713915585726e+07
6.710309208140117675e+07
6.710383552710425109e+07
6.710473643130489439e+07
6.710586171596582979e+07
6.710700111256434768e+07
6.710764961110447347e+07
6.710765929867937416e+07
6.710716842605201900e+07
6.710645802292812616e+07
6.710609358354565501e+07
6.710591202160319686e+07
6.710618649773176014e+07
6.710678112502904236e+07
6.710716341163392365e+07
6.710733791122136265e+07
6.710731745927574486e+07
6.710715825682161748e+07
6.710699247880980372e+07
6.710678646522611380e+07
6.710620019396167994e+07
6.710576399840448797e+07
6.710564422469653934e+07
6.710557856414580345e+07
6.710571444052976370e+07
6.710636728978664428e+07
6.710738253869909793e+07
6.710803429866522551e+07
6.710825579991573095e+07
6.710796504470720142e+07
6.710750931497195363e+07
6.710667818996480107e+07
6.710608100165092200e+07
6.710573840730072558e+07
6.710478942840495706e+07
6.710397109036209434e+07
6.710351382108591497e+07
6.710349950244767219e+07
6.710384768854412436e+07
6.710461103703192621e+07
6.710552512277210504e+07
6.710612228922213614e+07
6.710629470355439186e+07
6.710587897572004795e+07
6.710501896782548726e+07
6.710386217394940555e+07
6.710255818839308619e+07
6.710129530012977123e+07
6.710044755936394632e+07
6.710013113596364111e+07
6.710064300395496190e+07
6.710162878685992956e+07
6.710289989553927630e+07
6.710405222869472951e+07
6.710484061360044777e+07
6.710526559053900093e+07
6.710546713564466685e+07
6.710532360575439781e+07
6.710511397373500466e+07
6.710455830292348564e+07
6.710469395966305584e+07
6.710494089963129908e+07
6.710552674089385569e+07
6.710730636446911842e+07
6.710929804832589626e+07
6.711141292856206000e+07
6.711324008713400364e+07
6.711400027359221876e+07
6.711345401543118060e+07
6.711199797490848601e+07
6.711003587471416593e+07
6.710744779280456901e+07
6.710465931867516041e+07
6.710247495698437840e+07
6.710125620786114037e+07
6.710096764177292585e+07
6.710156603444278985e+07
6.710264778924240172e+07
6.710379195368123055e+07
6.710483185056796670e+07
6.710542471610049903e+07
6.710519620978859812e+07
6.710472369925019890e+07
6.710340858168684691e+07
6.710222692056185007e+07
6.710173059007271379e+07
6.710231317050462216e+07
6.710379658672993630e+07
6.710532616873800009e+07
6.710686153804340214e+07
6.710835305369471759e+07
6.710907964569516480e+07
6.710898146639062464e+07
6.710793950477950275e+07
6.710664076355124265e+07
6.710506922227636725e+07
6.710402234602080286e+07
6.710346169197441638e+07
6.710301195291864127e+07
6.710320194243413955e+07
6.710395743141796440e+07
6.710508941150264442e+07
6.710688381672416627e+07
6.710857067247496545e+07
6.710928196495498717e+07
6.710877262826204300e+07
6.710731387015294284e+07
6.710550731117968261e+07
6.710404744301896542e+07
6.710298305881889164e+07
6.710297793552442640e+07
6.710382164781274647e+07
6.710507691018375009e+07
6.710657753281863779e+07
6.710832371789617836e+07
6.711002972370095551e+07
6.711092544597387314e+07
6.711070221195121109e+07
6.710966021180613339e+07
6.710829908334340155e+07
6.710714218298967183e+07
6.710672369649792463e+07
6.710691730957018584e+07
6.710688938537448645e+07
6.710761354710318148e+07
6.710896683761668205e+07
6.711028759462688863e+07
6.711096558703109622e+07
6.711100585231506824e+07
6.711037783178374171e+07
6.710933373798258603e+07
6.710798256291133910e+07
6.710657108263546228e+07
6.710508554260648787e+07
6.710378237776304781e+07
6.710272755198432505e+07
6.710286237126915157e+07
6.710437361752900481e+07
6.710662307440876216e+07
6.710870884318927675e+07
6.710986140078969300e+07
6.711015265271434188e+07
6.710938304574275017e+07
6.710762124266261607e+07
6.710526237261674553e+07
6.710298181789880246e+07
6.710163421764794737e+07
6.710054013959287852e+07
6.710086380329695344e+07
6.710268992828101665e+07
6.710451889537955076e+07
6.710657902220074087e+07
6.710834564761142433e+07
6.710929517878428102e+07
6.710910082187338173e+07
6.710788821356093884e+07
6.710598657024656236e+07
6.710388279540857673e+07
6.710226859544647485e+07
6.710193831852801144e+07
6.710301356454433501e+07
6.710446259364775568e+07
6.710631678644367307e+07
6.710817704480436444e+07
6.710905014745114744e+07
6.710926919020135701e+07
6.710889125535248220e+07
6.710763704661892354e+07
6.710604890127180517e+07
6.710461680465552956e+07
6.710362914049435407e+07
6.710283457615471631e+07
6.710283335141135752e+07
6.710392181274977326e+07
6.710556366979820281e+07
6.710722807632784545e+07
6.710857759279009700e+07
6.710870815261745453e+07
6.710795646341341734e+07
6.710649172263969481e+07
6.710533318815179914e+07
6.710333851951354742e+07
6.710162933595000207e+07
6.710021549157900363e+07
6.709939861969031394e+07
6.709918968620097637e+07
6.710018124173729122e+07
6.710146540640048683e+07
6.710311858272361010e+07
6.710434125751580298e+07
6.710548380373165011e+07
6.710567607035884261e+07
6.710549602003051341e+07
6.710405909316260368e+07
6.710307895023218542e+07
6.710103135459659249e+07
6.710290859700832516e+07
6.710000297304736078e+07
6.710172776409612596e+07
6.710322396071914583e+07
6.710533529881348461e+07
6.710639684511268884e+07
6.710705647628878057e+07
6.710642013799738139e+07
6.710553417290864140e+07
6.710366972198425233e+07
6.710171743239789456e+07
6.709981301976238191e+07
6.709837159049396962e+07
6.709725223874869198e+07
6.709706092009154707e+07
6.709759292613917589e+07
6.709852143987254798e+07
6.709958684815965593e+07
6.710099283763848990e+07
6.710193169722329080e+07
6.710255384805753082e+07
6.710289443540822715e+07
6.710330564329905808e+07
6.710342771261502802e+07
6.710328042712562531e+07
6.710341848035979271e+07
6.710438589638223499e+07
6.710569546869903058e+07
6.710720370220947266e+07
6.710823223559049517e+07
6.710855271065972745e+07
6.710861212696260214e+07
6.710823249315716326e+07
6.710703757792949677e+07
6.710553389237190783e+07
6.710448020014131069e+07
6.710366381455371529e+07
6.710292343725004047e+07
6.710252127681586891e+07
6.710260730772690475e+07
6.710319065617956221e+07
6.710415764241727442e+07
6.710514156048728526e+07
6.710574070081663877e+07
6.710596906338679045e+07
6.710523335420348495e+07
6.710392665203662962e+07
6.710266454118382931e+07
6.710213818857663870e+07
6.710227665901672095e+07
6.710287970660726726e+07
6.710374314488508552e+07
6.710477285928694904e+07
6.710588816903571784e+07
6.710738139051389694e+07
6.710910488200457394e+07
6.711035375844524801e+07
6.711052628558751941e+07
6.710915401072505116e+07
6.710718969872649759e+07
6.710554887020406872e+07
6.710484323093737662e+07
6.710413370476303995e+07
6.710348391080993414e+07
6.710276131180644780e+07
6.710188884587205201e+07
6.710115692994918674e+07
6.710074544477666914e+07
6.710098628598000109e+07
6.710127856548893452e+07
6.710225028099051863e+07
6.710362356201507896e+07
6.710396253813651949e+07
6.710440060185150057e+07
6.710498940168754756e+07
6.710594770861823112e+07
6.710700184571199864e+07
6.710823400970715284e+07
6.710913928019110858e+07
6.710953726256926358e+07
6.710916222133080661e+07
6.710873109980927408e+07
6.710804190631024539e+07
6.710737381424809992e+07
6.710666052498650551e+07
6.710626494090660661e+07
6.710549336111166328e+07
6.710464906234717369e+07
6.710363113309818506e+07
6.710312311734531820e+07
6.710235020156599581e+07
6.710215767888964713e+07
6.710194628798251599e+07
6.710308088141406327e+07
6.710389661621631682e+07
6.710560476298685372e+07
