5.690943732990556210e+07
5.691102429763984680e+07
5.691030750378153473e+07
5.690958171177145839e+07
5.690817849413791299e+07
5.690744707290876657e+07
5.690643120900011063e+07
5.690543550782533735e+07
5.690412846764133126e+07
5.690318646549794078e+07
5.690235629080642760e+07
5.690166320685683936e+07
5.690085053916872293e+07
5.690064008100569248e+07
5.690052048193308711e+07
5.690107204978458583e+07
5.690139141645260155e+07
5.690201921238436550e+07
5.690296336851042509e+07
5.690371136450862139e+07
5.690441162131187320e+07
5.690499327254945040e+07
5.690509261571257561e+07
5.690555162636227906e+07
5.690597115177910030e+07
5.690649249226265401e+07
5.690673771508439630e+07
5.690680285721082240e+07
5.690658507390924543e+07
5.690636734656385332e+07
5.690581747558584064e+07
5.690514436767371744e+07
5.690481516940556467e+07
5.690482962122913450e+07
5.690538635212321579e+07
5.690583752283699065e+07
5.690554626875086874e+07
5.690465083196607977e+07
5.690307160995075107e+07
5.690154957809852064e+07
5.690049729347509146e+07
5.690000640989916027e+07
5.689958827795903385e+07
5.689981066081283987e+07
5.690062221774408966e+07
5.690148961456784606e+07
5.690250927247676998e+07
5.690389117982529104e+07
5.690520160035075247e+07
5.690594683319532126e+07
5.690629843887388706e+07
5.690647431801543385e+07
5.690656521697060764e+07
5.690652329670500010e+07
5.690625806476344168e+07
5.690620261418115348e+07
5.690638109504444897e+07
5.690714336432625353e+07
5.690790987288404256e+07
5.690850670967561752e+07
5.690887845619100332e+07
5.690899012922761589e+07
5.690875958576548100e+07
5.690806185704974085e+07
5.690710716922801733e+07
5.690607748712655157e+07
5.690510445691157132e+07
5.690477226021441817e+07
5.690508268738018721e+07
5.690588600477550924e+07
5.690677979948458076e+07
5.690755057936345041e+07
5.690843619112585485e+07
5.690903264669631422e+07
5.690942062206191570e+07
5.690981026371377707e+07
5.691070769402483851e+07
5.691168836288084090e+07
5.691188364217554033e+07
5.691161153678598255e+07
5.691161034506008029e+07
5.691202673583021760e+07
5.691263113932123035e+07
5.691297463874515891e+07
5.691266943213827908e+07
5.691185827958081663e+07
5.691029219290015101e+07
5.690861375512197614e+07
5.690674096916856617e+07
5.690490432629167289e+07
5.690318906812366098e+07
5.690203599320472032e+07
5.690188792790216953e+07
5.690240938329391927e+07
5.690368785754959285e+07
5.690562035975473374e+07
5.690801339389073849e+07
5.691057953909664601e+07
5.691280383791280538e+07
5.691418890412086248e+07
5.691449870581766218e+07
5.691408707815632224e+07
5.691330198091196269e+07
5.691209120996104181e+07
5.691036459848892689e+07
5.690854149736076593e+07
5.690689215821343660e+07
5.690557966275043786e+07
5.690515178253848851e+07
5.690560180313678831e+07
5.690636949788584560e+07
5.690723506125663966e+07
5.690803165654743463e+07
5.690832624736914039e+07
5.690784737233539671e+07
5.690692443858420104e+07
5.690652863861277699e+07
5.690677426757710427e+07
5.690725796634804457e+07
5.690802296713908017e+07
5.690903028665239364e+07
5.690988819211689383e+07
5.691014729398141056e+07
5.690986344180479646e+07
5.690908635438405722e+07
5.690782464326409250e+07
5.690636387476191670e+07
5.690489209147679806e+07
5.690359339464967698e+07
5.690334431633644551e+07
5.690405317928104103e+07
5.690543648839224130e+07
5.690759532023195922e+07
5.691049007976984978e+07
5.691314558614131808e+07
5.691453476858571172e+07
5.691425649672828615e+07
5.691297628435913473e+07
5.691150579436193407e+07
5.691008593627672642e+07
5.690899463458456099e+07
5.690840261619003862e+07
5.690806222404119372e+07
5.690762693509271741e+07
5.690708325208436698e+07
5.690670834100980312e+07
5.690697992356660217e+07
5.690815822901452333e+07
5.690981518845732510e+07
5.691106513557761163e+07
5.691130519215720892e+07
5.691044397644388676e+07
5.690881914978108555e+07
5.690735406503113359e+07
5.690685072069998831e+07
5.690758329634084553e+07
5.690910513533634692e+07
5.691120196925245970e+07
5.691362325766919553e+07
5.691534388766863942e+07
5.691603136666432768e+07
5.691552390891330689e+07
5.691369561619389802e+07
5.691076305200060457e+07
5.690744188167960197e+07
5.690412299162356555e+07
5.690111426561857760e+07
5.689899512853030860e+07
5.689842177025484294e+07
5.689928779194528610e+07
5.690143036907991767e+07
5.690414237532351911e+07
5.690713834646280855e+07
5.690957912368137389e+07
5.691102983965498209e+07
5.691152312469969690e+07
5.691147121873316169e+07
5.691071247045312077e+07
5.690934212866209447e+07
5.690724337591343373e+07
5.690546572295165062e+07
5.690446071835891157e+07
5.690452336756779999e+07
5.690581541262520850e+07
5.690818132470367104e+07
5.691018783081361651e+07
5.691111393803991377e+07
5.691104715793764591e+07
5.691050880956969410e+07
5.690978237953489274e+07
5.690947860136307776e+07
5.690920274338282645e+07
5.690914479039947689e+07
5.691125029274135828e+07
5.691297186455412954e+07
5.691532759299752861e+07
5.691728493282385170e+07
5.691849484368231148e+07
5.691859802505273372e+07
5.691789157725832611e+07
5.691647718554333597e+07
5.691466040270698071e+07
5.691290249384675175e+07
5.691160687386531383e+07
5.691083483440691233e+07
5.691090827557040006e+07
5.691204293024549633e+07
5.691371936580733955e+07
5.691554105279799551e+07
5.691694662184056640e+07
5.691738486188908666e+07
5.691673427061041445e+07
5.691574604248224199e+07
5.691470245477973670e+07
5.691362289278376848e+07
5.691269175053240359e+07
5.691215219694801420e+07
5.691223683422451466e+07
5.691300388371564448e+07
5.691390148209416121e+07
5.691459946349573135e+07
5.691480073603081703e+07
5.691475548238398135e+07
5.691444722713024169e+07
5.691344367033620924e+07
5.691115038540790975e+07
5.690801406114672124e+07
5.690494488472988456e+07
5.690270384253628552e+07
5.690171542905271053e+07
5.690260154389527440e+07
5.690464683406063169e+07
5.690728472963873297e+07
5.690955901006561518e+07
5.691145532043155283e+07
5.691220307099713385e+07
5.691242173351815343e+07
5.691127345681478083e+07
5.690974781181000918e+07
5.690735033769065887e+07
5.690750305724263936e+07
5.690534996131301671e+07
5.690547910762394965e+07
5.690588351945334673e+07
5.690752706226516515e+07
5.690876825019267946e+07
5.690955642914534360e+07
5.690943490421682596e+07
5.690854010738052428e+07
5.690642928020294756e+07
5.690421000621175021e+07
5.690225770221994817e+07
5.690075708346951753e+07
5.689986803128694743e+07
5.690011602174227685e+07
5.690099584222652018e+07
5.690301631741128117e+07
5.690569423904110491e+07
5.690804085095863789e+07
5.690949408308779448e+07
5.691043154817215353e+07
5.690960374204576015e+07
5.690733312487969548e+07
5.690498132964746654e+07
5.690321012300053984e+07
5.690231406957547367e+07
5.690278685960166901e+07
5.690397394402272999e+07
5.690569963980078697e+07
5.690735567865134031e+07
5.690877927638141066e+07
5.690979896168583632e+07
5.691006157028901577e+07
5.690958447922577709e+07
5.690881936750978231e+07
5.690706519704578817e+07
5.690468909816251695e+07
5.690277217768067122e+07
5.690141903132407367e+07
5.690056268870331347e+07
5.690067551617623866e+07
5.690161378400299698e+07
5.690305078978358954e+07
5.690437094148193300e+07
5.690550782196366042e+07
5.690614808625654876e+07
5.690678337797392905e+07
5.690756554002074897e+07
5.690867434214778990e+07
5.690954395781755447e+07
5.691026994321923703e+07
5.691131297993227094e+07
5.691270060640669614e+07
5.691430027067191154e+07
5.691557245200560242e+07
5.691617764460563660e+07
5.691598932306484133e+07
5.691502762355621159e+07
5.691352023067598790e+07
5.691193995705266297e+07
5.691042231184878200e+07
5.690917571923243254e+07
5.690880832038343698e+07
5.690907266462778300e+07
5.690976770836299658e+07
5.691048049695676565e+07
5.691142318494069576e+07
5.691263623763089627e+07
5.691395294765533507e+07
5.691508278503501415e+07
5.691579813753158599e+07
5.691572985651186854e+07
5.691509014096599072e+07
5.691431389316909015e+07
5.691371468911073357e+07
5.691378482731042802e+07
5.691412718199515343e+07
5.691459450506443530e+07
5.691464088720499724e+07
5.691425891773241013e+07
5.691401005750703812e+07
5.691346170050446689e+07
5.691306805696535856e+07
5.691299812625654787e+07
5.691231195016568899e+07
5.691095568023272604e+07
5.690941951646634191e+07
5.690813350445248932e+07
5.690736012229051441e+07
5.690746405921411514e+07
5.690729910182492435e+07
5.690718920965088159e+07
5.690663289803621918e+07
5.690666204311962426e+07
5.690704290028450638e+07
5.690834779727999121e+07
