3.343825385874584690e+07
3.343884701201628894e+07
3.343977469972008094e+07
3.344032121191809699e+07
3.344071170030960068e+07
3.344108497855186090e+07
3.344165320692268014e+07
3.344191783069947734e+07
3.344172240405059978e+07
3.344150703242853656e+07
3.344148668562188745e+07
3.344088145607968047e+07
3.343992813159514219e+07
3.343902072241234407e+07
3.343785123970856518e+07
3.343683086334592104e+07
3.343554447631888464e+07
3.343404768507998437e+07
3.343304645206276700e+07
3.343234189060566947e+07
3.343222002523226291e+07
3.343264143609941751e+07
3.343358890712967515e+07
3.343479449870875478e+07
3.343624858597288653e+07
3.343752048498222232e+07
3.343882441477255523e+07
3.344002421344466507e+07
3.344056690185954422e+07
3.344024043676929548e+07
3.343979817425083742e+07
3.343925678655623272e+07
3.343893462077388167e+07
3.343882809880824015e+07
3.343880265701216087e+07
3.343872725611081347e+07
3.343857851861490309e+07
3.343833119952425361e+07
3.343783398804026470e+07
3.343687890481537208e+07
3.343549540883145481e+07
3.343390277702972665e+07
3.343240573998780176e+07
3.343132462107196823e+07
3.343080694723776728e+07
3.343092725601303205e+07
3.343179165688086301e+07
3.343327440767661482e+07
3.343520253630417213e+07
3.343730030972172692e+07
3.343924666462870315e+07
3.344068694114004076e+07
3.344125016670589522e+07
3.344104417293458432e+07
3.344056581335667893e+07
3.344018813125806302e+07
3.343967415483278036e+07
3.343928030352182314e+07
3.343933195783255994e+07
3.343974056640512124e+07
3.344023555191824958e+07
3.344035455917854235e+07
3.344023108822160214e+07
3.343979469514524564e+07
3.343852983589240164e+07
3.343644479137156904e+07
3.343410987136937305e+07
3.343217143396412581e+07
3.343089788514817134e+07
3.343058211736880615e+07
3.343083500941378251e+07
3.343201481476280093e+07
3.343401330180671066e+07
3.343613302102844045e+07
3.343814879455279186e+07
3.343941617099270225e+07
3.344003689468304068e+07
3.343997806805635989e+07
3.343940283364522830e+07
3.343884906754012778e+07
3.343847336734372005e+07
3.343822481283148006e+07
3.343836887002793700e+07
3.343877932265334949e+07
3.343957521579903737e+07
3.344039243520839512e+07
3.344077578822588921e+07
3.344061148803886026e+07
3.343992876029584929e+07
3.343850757013117149e+07
3.343627230643800646e+07
3.343374970323096216e+07
3.343163311132812127e+07
3.342998295976664498e+07
3.342951739547910169e+07
3.343040202150673047e+07
3.343227545809056982e+07
3.343466933595615253e+07
3.343698519698426127e+07
3.343892606303466856e+07
3.344030138486042619e+07
3.344060808078551292e+07
3.343987634294782579e+07
3.343875171442994848e+07
3.343743023103097454e+07
3.343667100257026404e+07
3.343678278677223995e+07
3.343728852239855751e+07
3.343805763943824917e+07
3.343929094640288129e+07
3.344053309015348181e+07
3.344116786481309682e+07
3.344096722093459219e+07
3.343959516915472224e+07
3.343725397516795248e+07
3.343462746772545204e+07
3.343230204987335578e+07
3.343058021171768010e+07
3.342972304390113428e+07
3.343013224851112068e+07
3.343140401853578538e+07
3.343355836939674243e+07
3.343607260846440867e+07
3.343853015739961714e+07
3.344031772565175593e+07
3.344090498866821080e+07
3.344058081487632170e+07
3.343971022810452804e+07
3.343808686644686013e+07
3.343636141288138554e+07
3.343548750697938725e+07
3.343586489084978774e+07
3.343705297302433476e+07
3.343878096829080582e+07
3.344059351053955778e+07
3.344201316512176022e+07
3.344272899574906379e+07
3.344228594144254178e+07
3.344078126828809455e+07
3.343842510464476049e+07
3.343561332258117199e+07
3.343296460730088875e+07
3.343104406117884815e+07
3.343038204461729527e+07
3.343104546507537737e+07
3.343300570051073655e+07
3.343556360110412911e+07
3.343805943820232153e+07
3.344009010562245175e+07
3.344108151383648068e+07
3.344091242087061703e+07
3.343988275325669721e+07
3.343832662382403016e+07
3.343665494545460120e+07
3.343559278363354504e+07
3.343524661413496733e+07
3.343583720704346523e+07
3.343746710591509566e+07
3.343981102429732680e+07
3.344203876372379437e+07
3.344346483362452313e+07
3.344375701901214570e+07
3.344291660530731454e+07
3.344107508658041060e+07
3.343851464751088619e+07
3.343616276892099902e+07
3.343420063692342862e+07
3.343280172226712108e+07
3.343241382525091246e+07
3.343344277074236795e+07
3.343548173531516641e+07
3.343783417097410932e+07
3.344004387701991200e+07
3.344146819796155021e+07
3.344158348051850870e+07
3.344090276942977682e+07
3.343944833348608762e+07
3.343776178340072185e+07
3.343590861554628983e+07
3.343480130005510524e+07
3.343481360559697077e+07
3.343612925553568825e+07
3.343813204983633757e+07
3.344031081082496047e+07
3.344204858011940122e+07
3.344334379038236663e+07
3.344368673444636166e+07
3.344290888152028620e+07
3.344133716089743376e+07
3.343953361975951865e+07
3.343721822517820075e+07
3.343573421439060569e+07
3.343583271259319782e+07
3.343563008781573176e+07
3.343688749223014340e+07
3.343889837451089174e+07
3.344116017766346037e+07
3.344266691525232792e+07
3.344323424825495854e+07
3.344270992181784660e+07
3.344121566029016674e+07
3.343896098138454929e+07
3.343686937912985310e+07
3.343511861719227210e+07
3.343403220507587865e+07
3.343427827948056906e+07
3.343578827460081503e+07
3.343769448267659917e+07
3.343976278495452926e+07
3.344165819887772948e+07
3.344276747714402154e+07
3.344261317138436064e+07
3.344161135341252387e+07
3.344030751080653444e+07
3.343867901707471907e+07
3.343731056533811986e+07
3.343671461527738720e+07
3.343691288459419459e+07
3.343802696844439581e+07
3.343953515793124959e+07
3.344115520663344115e+07
3.344279027573008463e+07
3.344359462092442438e+07
3.344339543156084791e+07
3.344229047180313617e+07
3.344048446896860003e+07
3.343815656382868439e+07
3.343589652056292817e+07
3.343422055851748958e+07
3.343375797402344644e+07
3.343431307302232832e+07
3.343564510937555507e+07
3.343726057165750861e+07
3.343929753986229748e+07
3.344089633822815865e+07
3.344166933867929131e+07
3.344167085135946050e+07
3.344098146490984410e+07
3.344007154960148036e+07
3.343899962372797355e+07
3.343903429840325937e+07
3.343811889293185249e+07
3.343934338673206419e+07
3.344081623474562913e+07
3.344236456226429716e+07
3.344354197931545228e+07
3.344447816331144050e+07
3.344466355835157633e+07
3.344383016959302500e+07
3.344201051377140731e+07
3.344008848487276584e+07
3.343816536810801551e+07
3.343627076993246004e+07
3.343490745617232099e+07
3.343482787738288566e+07
3.343559117998879030e+07
3.343672271532059833e+07
3.343800957705140114e+07
3.343956364853689820e+07
3.344080216459418088e+07
3.344127060389242321e+07
3.344107913018955663e+07
3.344045757755226269e+07
3.343998181685052440e+07
3.343972630138000101e+07
3.344003933690177649e+07
3.344066511448559910e+07
3.344147486650732905e+07
3.344257814348610863e+07
3.344387486216882244e+07
3.344502654803941026e+07
3.344542675319100544e+07
3.344482453160814196e+07
3.344338095977151021e+07
3.344143477006406337e+07
3.343932265321313962e+07
3.343727486128077656e+07
3.343580799621459097e+07
3.343494702290258184e+07
3.343485092709977180e+07
3.343535920747688040e+07
3.343647016623831168e+07
3.343810798288399354e+07
3.343982085544552281e+07
3.344134984672952816e+07
3.344224506404182687e+07
3.344245905594754219e+07
3.344230124769701809e+07
3.344211822829705849e+07
3.344197554805488512e+07
3.344184661902926117e+07
3.344229773587968946e+07
3.344313794857091829e+07
3.344397553058304265e+07
3.344464318656058237e+07
3.344501959980245307e+07
3.344473449434820563e+07
3.344388911261041090e+07
3.344262903914743289e+07
3.344115452016486600e+07
3.343976889479867741e+07
3.343834503346380219e+07
3.343739731066564471e+07
3.343695395301997662e+07
3.343668090444892645e+07
3.343673008108988404e+07
3.343692802600002661e+07
3.343748196347746253e+07
3.343833007642710209e+07
3.343922433671204001e+07
3.343989551816048101e+07
3.344053666054140776e+07
3.344114350528353080e+07
3.344200444392708316e+07
3.344273248946285993e+07
3.344300409902773425e+07
3.344332295626941696e+07
3.344383963704188541e+07
3.344433599024159834e+07
3.344456669923400506e+07
3.344436012548143417e+07
3.344397875906537101e+07
3.344319499944106117e+07
3.344230547655870393e+07
3.344151479625793919e+07
3.344075768812578544e+07
3.343959308583282307e+07
3.343821286487203464e+07
3.343697613498806953e+07
3.343623090640304610e+07
3.343592656967517361e+07
3.343644284919491038e+07
3.343688497640399262e+07
3.343756922676314041e+07
3.343820292189080268e+07
3.343951642634030059e+07
