2.398838770945584401e+07
2.398568961450786889e+07
2.398714646403376386e+07
2.398596256247518584e+07
2.398581426950806379e+07
2.398488845009155199e+07
2.398502032465336472e+07
2.398481139536368847e+07
2.398545924078413099e+07
2.398569071202360094e+07
2.398666997206166387e+07
2.398742790486053750e+07
2.398786388591392338e+07
2.398805003759680316e+07
2.398880069304616749e+07
2.398875549190498888e+07
2.398785153654090315e+07
2.398599139891811833e+07
2.398448317728568986e+07
2.398369181242043525e+07
2.398343940075282380e+07
2.398323204240712151e+07
2.398373234744556621e+07
2.398503806671539694e+07
2.398710007983227819e+07
2.398920163959796727e+07
2.399090421847668663e+07
2.399156621966570243e+07
2.399154461882150173e+07
2.399162149732766300e+07
2.399243077653396875e+07
2.399386835119469091e+07
2.399618049240649492e+07
2.399801209062404558e+07
2.399916334188236669e+07
2.399930230987818167e+07
2.399857899712118879e+07
2.399662610878763720e+07
2.399445280922919884e+07
2.399261957940476388e+07
2.399170332719030231e+07
2.399073312990368158e+07
2.398982696520852670e+07
2.398884874853528664e+07
2.398899465968893096e+07
2.398982331086054072e+07
2.399087017277134955e+07
2.399209482013826445e+07
2.399327322425912693e+07
2.399428560063640773e+07
2.399500055631838366e+07
2.399450197668356821e+07
2.399278116079525650e+07
2.399036232417211682e+07
2.398782253919877112e+07
2.398591739113829657e+07
2.398511652330679446e+07
2.398473522595863044e+07
2.398445532942290232e+07
2.398363610214924812e+07
2.398227077895467728e+07
2.398107775520331785e+07
2.398030346691619977e+07
2.397894381312081590e+07
2.397665117382654920e+07
2.397396415930022299e+07
2.397127499170155823e+07
2.396881722640899196e+07
2.396720366158157215e+07
2.396656661507545784e+07
2.396697543760293722e+07
2.396827762140688300e+07
2.397001847977931425e+07
2.397152658329446614e+07
2.397268242129897699e+07
2.397383226889737695e+07
2.397486965392493084e+07
2.397519574922202528e+07
2.397508011379804835e+07
2.397483961620973051e+07
2.397457422683839127e+07
2.397439025701456890e+07
2.397464043393290788e+07
2.397477031560472026e+07
2.397459557764523104e+07
2.397406460678373650e+07
2.397338292254208773e+07
2.397243215258780867e+07
2.397123325312851742e+07
2.397016586607315019e+07
2.396920314054692909e+07
2.396862314062826335e+07
2.396863668193874508e+07
2.396892005693099275e+07
2.396983448859418556e+07
2.397092800778239593e+07
2.397228969910885021e+07
2.397390820051971823e+07
2.397526390024195984e+07
2.397614784222618118e+07
2.397643943227396160e+07
2.397625000997886062e+07
2.397573483777440339e+07
2.397484065290103853e+07
2.397359399425831065e+07
2.397259953239890933e+07
2.397225413732442260e+07
2.397274226793958247e+07
2.397394462771421671e+07
2.397638368207583949e+07
2.397963397180240974e+07
2.398301722205407545e+07
2.398531207871256396e+07
2.398633708052546158e+07
2.398639220406621322e+07
2.398598877778575197e+07
2.398540185021810234e+07
2.398530948335415125e+07
2.398627917809964716e+07
2.398779610083120689e+07
2.398920393009853736e+07
2.398889041907346249e+07
2.398773507992815971e+07
2.398616834616422281e+07
2.398378744390296564e+07
2.398098830035571754e+07
2.397832847782122716e+07
2.397642496335696802e+07
2.397484448606418073e+07
2.397356233828913048e+07
2.397255835419283435e+07
2.397192731448388845e+07
2.397186276851807162e+07
2.397219760155848041e+07
2.397258878415900096e+07
2.397248455074910074e+07
2.397208081470959261e+07
2.397110029776432738e+07
2.397010061808428913e+07
2.396939179104662314e+07
2.396882442416738719e+07
2.396860966582861170e+07
2.396878761034622043e+07
2.396977426212270558e+07
2.397153396013309434e+07
2.397267211163364723e+07
2.397319554042942822e+07
2.397467998002580926e+07
2.397594645938567817e+07
2.397726961700332910e+07
2.397816690829657018e+07
2.397862900679548085e+07
2.397820681338356063e+07
2.397787414113512635e+07
2.397736096493132040e+07
2.397751006734652445e+07
2.397882150450192764e+07
2.398133515559551865e+07
2.398227085131421685e+07
2.398248494971647486e+07
2.398172158030470088e+07
2.398007311156173423e+07
2.397772478382510319e+07
2.397525329534778371e+07
2.397286908284356445e+07
2.397163827126523852e+07
2.397202029308027774e+07
2.397421797877611220e+07
2.397671994884288684e+07
2.397899773091389611e+07
2.398214632704473659e+07
2.398544863017151505e+07
2.398732663099611178e+07
2.398780758538102359e+07
2.398632794598953426e+07
2.398400324853702262e+07
2.398079242874844745e+07
2.397816449177490175e+07
2.397651854899635911e+07
2.397628426367934048e+07
2.397700481981798261e+07
2.397928488306766376e+07
2.398226758684235439e+07
2.398605742422446981e+07
2.398895098697223142e+07
2.399038063763238117e+07
2.398983216675626114e+07
2.398850550662843511e+07
2.398631895469920710e+07
2.398521135769641027e+07
2.398426989242395386e+07
2.398478266512977332e+07
2.398711826079866290e+07
2.398511502791130915e+07
2.398719841872084886e+07
2.398986530292932689e+07
2.399241609950184822e+07
2.399344127682010084e+07
2.399337933474551886e+07
2.399201781443513185e+07
2.399034513379096985e+07
2.398858532073102519e+07
2.398720866961518303e+07
2.398602945750923455e+07
2.398553661675317585e+07
2.398636385884295776e+07
2.398865898535307869e+07
2.399230799444868788e+07
2.399563171279726550e+07
2.399703744441967830e+07
2.399660427341248095e+07
2.399509180780750886e+07
2.399374829777107015e+07
2.399261057053627819e+07
2.399152821878360957e+07
2.399090028773071989e+07
2.399034605176936090e+07
2.399049955767122284e+07
2.399162066164458171e+07
2.399462623874836788e+07
2.399851851836748421e+07
2.400120603210395202e+07
2.400164881298697367e+07
2.400097244718902186e+07
2.399933315631020814e+07
2.399795111803381518e+07
2.399737710416711122e+07
2.399708554764674976e+07
2.399636779297280684e+07
2.399654533140439540e+07
2.399669510466504097e+07
2.399776105121366307e+07
2.399829964658928663e+07
2.399877628393594176e+07
2.399829958105951920e+07
2.399785759643168747e+07
2.399624635759375989e+07
2.399564858532096073e+07
2.399402168385876715e+07
2.399549323151638359e+07
2.399430156868138909e+07
2.399942624966919050e+07
2.400106032098807767e+07
2.400345745201598480e+07
2.400535844181326404e+07
2.400666769891365990e+07
2.400682806612610817e+07
2.400734426259500906e+07
2.400597555626901612e+07
2.400293064027903229e+07
2.399965246326880530e+07
2.399720875069460645e+07
2.399530805449676514e+07
2.399535166116791964e+07
2.399635460046228766e+07
2.399745078545380384e+07
2.399785750430031866e+07
2.399792496819455177e+07
2.399822958216834441e+07
2.399803518015050516e+07
2.399676365124696493e+07
2.399618872824663296e+07
2.399616896029428765e+07
2.399606456358164176e+07
2.399594879023543000e+07
2.399622409752102569e+07
2.399604699154505134e+07
2.399478178125687689e+07
2.399318200268548727e+07
2.399181457827639207e+07
2.398962873964672163e+07
2.398676340186543390e+07
2.398353722503114492e+07
2.398102324492398649e+07
2.397859916753393412e+07
2.397678196494315192e+07
2.397578443127550557e+07
2.397565147000767663e+07
2.397590729466130957e+07
2.397565799945314601e+07
2.397456519530296698e+07
2.397342292899725959e+07
2.397275726076035947e+07
2.397253691725751385e+07
2.397259839176758006e+07
2.397231044516562670e+07
2.397184394984653220e+07
2.397188300125497580e+07
2.397224967149694636e+07
2.397332088531245664e+07
2.397460087406785041e+07
2.397660445019503310e+07
2.397819282983831689e+07
2.397940634087244794e+07
2.397992271027502045e+07
2.397949686204311997e+07
2.397805627898360416e+07
2.397540859341600910e+07
2.397297500010238960e+07
2.397100962810644135e+07
2.396910337561230734e+07
2.396765505022970587e+07
2.396705734330455214e+07
2.396736071222956851e+07
2.396852065035096928e+07
2.397107012688970566e+07
2.397416767610636726e+07
2.397640442354032025e+07
2.397765920680734888e+07
2.397810322076027840e+07
2.397815304410483688e+07
2.397842539433971792e+07
2.397872603202470019e+07
2.397878851985105872e+07
2.397892639580411837e+07
2.398003596371840313e+07
2.398165245752867684e+07
2.398348796447014064e+07
2.398535983568732813e+07
2.398712144269317761e+07
2.398893383282354474e+07
2.399090590643607453e+07
2.399252320567983761e+07
2.399289589088090509e+07
2.399220238330120593e+07
2.399208327101204917e+07
2.399238732582812756e+07
2.399202499049790949e+07
2.399069551096219942e+07
2.398892387497916445e+07
2.398745601264402643e+07
2.398663002550812811e+07
2.398666698410106823e+07
2.398722961738916114e+07
2.398901838025608659e+07
2.399008161892560869e+07
