5.615114469243743271e+07
5.615309133506979793e+07
5.615401175679765642e+07
5.615442304017353803e+07
5.615422518246190995e+07
5.615413721342908591e+07
5.615422203578783572e+07
5.615417243367292732e+07
5.615365815178423375e+07
5.615309101307533681e+07
5.615243315258301049e+07
5.615174016944475472e+07
5.615088400576735288e+07
5.615035286371161789e+07
5.614969128409029543e+07
5.614885193683857471e+07
5.614807037899728119e+07
5.614745726668248326e+07
5.614708065011728555e+07
5.614733440879399329e+07
5.614816870623372495e+07
5.614933031241545081e+07
5.615079483105433732e+07
5.615261522335767746e+07
5.615423861117629707e+07
5.615541816395483166e+07
5.615633356850519776e+07
5.615732396354288608e+07
5.615808094789916277e+07
5.615829469046374410e+07
5.615800490686532855e+07
5.615771933701884747e+07
5.615758548663009703e+07
5.615728068771825731e+07
5.615671114117435366e+07
5.615618005154617131e+07
5.615549984659501165e+07
5.615474610768676549e+07
5.615374751548351347e+07
5.615252171597880870e+07
5.615103233844692260e+07
5.614948491621876508e+07
5.614829798081707209e+07
5.614779780188554525e+07
5.614803722146739811e+07
5.614915490620669723e+07
5.615097284727351367e+07
5.615312748413544148e+07
5.615516057304179668e+07
5.615657440505599231e+07
5.615721493461851776e+07
5.615753891670183092e+07
5.615758788845276088e+07
5.615738009436337650e+07
5.615707622030088305e+07
5.615690852016513050e+07
5.615676268593059480e+07
5.615702607955043018e+07
5.615781866992603987e+07
5.615859716663620621e+07
5.615879500990211219e+07
5.615820450096286088e+07
5.615731600351428241e+07
5.615626007000595331e+07
5.615509500910677016e+07
5.615386596689891070e+07
5.615293370713695884e+07
5.615234997193311155e+07
5.615187386745031178e+07
5.615190314574836940e+07
5.615239513337449729e+07
5.615352336216624081e+07
5.615515155729032308e+07
5.615688521885269880e+07
5.615837179142895341e+07
5.615904310211934149e+07
5.615901251614263654e+07
5.615884929609806836e+07
5.615851570972241461e+07
5.615799773094987124e+07
5.615760179248208553e+07
5.615765935543987900e+07
5.615827322208368033e+07
5.615940063870090246e+07
5.616035107114615291e+07
5.615995987579368055e+07
5.615856628784575313e+07
5.615691024723148346e+07
5.615567218365100026e+07
5.615430747052900493e+07
5.615212870815078914e+07
5.614970911956847459e+07
5.614763916849542409e+07
5.614621419545135647e+07
5.614566220735953748e+07
5.614591139530807734e+07
5.614714441654942185e+07
5.614976138912574202e+07
5.615264125102691352e+07
5.615489899270809442e+07
5.615521712580256909e+07
5.615442748666871339e+07
5.615307621871679276e+07
5.615137833158343285e+07
5.615014245138715953e+07
5.614951185801608115e+07
5.614956902327742428e+07
5.615060303178273141e+07
5.615234062600672245e+07
5.615477006414858252e+07
5.615679233889448643e+07
5.615776889509236813e+07
5.615753553067278117e+07
5.615637215794438124e+07
5.615484810152973235e+07
5.615337833550871909e+07
5.615220080211453140e+07
5.615155305154965818e+07
5.615147991529212892e+07
5.615235283401313424e+07
5.615399848786036670e+07
5.615608150853804499e+07
5.615833405933643132e+07
5.616006331364733726e+07
5.616104124534536898e+07
5.616157474479191750e+07
5.616112090628254414e+07
5.616008233070813119e+07
5.615898894710036367e+07
5.615821856406826526e+07
5.615800285042079538e+07
5.615870293780628592e+07
5.615997883570174128e+07
5.616129849213601649e+07
5.616183618132519722e+07
5.616190778644359857e+07
5.616181444358156621e+07
5.616107112724534422e+07
5.615958438327746093e+07
5.615761440404299647e+07
5.615536424750622362e+07
5.615310482241357863e+07
5.615138865511595458e+07
5.615097096803448349e+07
5.615197531417684257e+07
5.615375559283148497e+07
5.615526683023619652e+07
5.615655296751652658e+07
5.615758857556591183e+07
5.615812548923245072e+07
5.615782402059040964e+07
5.615710045350748301e+07
5.615601485600612313e+07
5.615494795254668593e+07
5.615427007965181768e+07
5.615431499495755881e+07
5.615468364491290599e+07
5.615524770982172340e+07
5.615615729716040194e+07
5.615713399618450552e+07
5.615712702347659320e+07
5.615614638650439680e+07
5.615504705832622200e+07
5.615407677093605697e+07
5.615302567388644069e+07
5.615163467350881547e+07
5.614995791277790070e+07
5.614837066185249388e+07
5.614739524875442684e+07
5.614754992695676535e+07
5.614802930545313656e+07
5.614888124318842590e+07
5.614965526926711947e+07
5.615020905547335744e+07
5.615091496566375345e+07
5.615158121651420742e+07
5.615170107761998475e+07
5.615138034172350913e+07
5.615109290791500360e+07
5.615076247341056913e+07
5.615057851669649780e+07
5.615078361650752276e+07
5.615177661644659191e+07
5.615298231207029521e+07
5.615396806539873779e+07
5.615441527673463523e+07
5.615446483591056615e+07
5.615446506000888348e+07
5.615384611444939673e+07
5.615247884544020891e+07
5.615130621321434528e+07
5.615086583418084681e+07
5.615133161251711100e+07
5.615314763110792637e+07
5.615495211471676081e+07
5.615709032064911723e+07
5.615836337427382916e+07
5.615859820851671696e+07
5.615777244083110243e+07
5.615613216508128494e+07
5.615429731328879297e+07
5.615300037799321860e+07
5.615163039333801717e+07
5.615009959864070266e+07
5.614945172373905778e+07
5.615028358959840983e+07
5.615193941497725248e+07
5.615405372410536557e+07
5.615635701504569501e+07
5.615807646262480319e+07
5.615875489015014470e+07
5.615814225201710314e+07
5.615682884278759360e+07
5.615552340136992186e+07
5.615414438476961106e+07
5.615263888526573777e+07
5.615170330097185075e+07
5.615136170875895023e+07
5.615185531215700507e+07
5.615344101482854038e+07
5.615548210044252872e+07
5.615700645523305237e+07
5.615699669242914766e+07
5.615522401618140936e+07
5.615278410450139642e+07
5.615000431672545522e+07
5.614771599686246365e+07
5.614631462279529124e+07
5.614582805295123160e+07
5.614613612425691634e+07
5.614714987254595011e+07
5.614816019479716569e+07
5.614901050627864152e+07
5.614981196310874075e+07
5.615056503148505092e+07
5.615083331269340217e+07
5.615139820190062374e+07
5.615154424134461582e+07
5.615124176493313909e+07
5.615020167405766249e+07
5.615153502282814682e+07
5.614964092737363279e+07
5.615064190299390256e+07
5.615135447701586038e+07
5.615286666412355006e+07
5.615394418309440464e+07
5.615436507363878191e+07
5.615317102101803571e+07
5.615118220899783075e+07
5.614896536117222160e+07
5.614738421286356449e+07
5.614580677784923464e+07
5.614449479227179289e+07
5.614366171251978725e+07
5.614380133569712192e+07
5.614459180268787593e+07
5.614608517014016956e+07
5.614814901406934112e+07
5.615023052032387257e+07
5.615147575052498281e+07
5.615201669520059973e+07
5.615225813945819438e+07
5.615244418879435956e+07
5.615271727329661697e+07
5.615344505158142745e+07
5.615441319426173717e+07
5.615572710945945233e+07
5.615675529690348357e+07
5.615728376298749447e+07
5.615773879850669205e+07
5.615772246563349664e+07
5.615678152098397911e+07
5.615499252964705974e+07
5.615314968112937361e+07
5.615177709257888049e+07
5.615056082340120524e+07
5.614904677895675600e+07
5.614820447160609812e+07
5.614822879614389688e+07
5.614877226192949712e+07
5.614935374849966913e+07
5.614961799908388406e+07
5.614986705047061294e+07
5.614974074812527001e+07
5.614901071414029598e+07
5.614814421979431063e+07
5.614799639062762260e+07
5.614851774533049762e+07
5.614937025496341288e+07
5.614994217978006601e+07
5.615000307377124578e+07
5.615017401480201632e+07
5.615092952837318927e+07
5.615180121255517751e+07
5.615204926954960823e+07
5.615187074945624918e+07
5.615122924546206743e+07
5.614976578259659559e+07
5.614805984492028505e+07
5.614638309422861785e+07
5.614480783926678449e+07
5.614385516572678834e+07
5.614333740222916752e+07
5.614288517822658271e+07
5.614269435399454087e+07
5.614309932869311422e+07
5.614387124340776354e+07
5.614495334577983618e+07
5.614626484049475193e+07
5.614741678980495781e+07
5.614822233201941103e+07
5.614895510203910619e+07
5.614945606990404427e+07
5.614997258049163967e+07
5.615028768974518031e+07
5.615046443431692570e+07
5.615060461027397215e+07
5.615111432117220014e+07
5.615185624843759835e+07
5.615249484488116950e+07
5.615264422389616817e+07
5.615239205817120522e+07
5.615172439672274888e+07
5.615110336335838586e+07
5.615032378013064712e+07
5.614960553233929724e+07
5.614883551245423406e+07
5.614859599198628217e+07
5.614846939743037522e+07
5.614879851887787133e+07
5.614908429835512489e+07
5.614968355821080506e+07
5.615024411099620163e+07
5.615137002655118704e+07
5.615187852175008506e+07
5.615308419649610668e+07
