1.242854833321315236e+07
1.242925513035761006e+07
1.242962493703716807e+07
1.242994482505363412e+07
1.243019860542922653e+07
1.243052195925024711e+07
1.243086524180709198e+07
1.243101413507448509e+07
1.243104093783789687e+07
1.243094337189372815e+07
1.243066681468754075e+07
1.242995075521971658e+07
1.242896682973741181e+07
1.242791815147664398e+07
1.242669917027137987e+07
1.242552040609755926e+07
1.242439419995953515e+07
1.242357614694537595e+07
1.242304531359645166e+07
1.242303013968132809e+07
1.242361003531733155e+07
1.242452187459948473e+07
1.242565985940088890e+07
1.242703778049134463e+07
1.242835998442270793e+07
1.242943339899162762e+07
1.243008742094879970e+07
1.243047677428190224e+07
1.243063655880539492e+07
1.243053766006977670e+07
1.243050056546955928e+07
1.243051999981055036e+07
1.243060515193562210e+07
1.243068318392900750e+07
1.243086735498597287e+07
1.243072351657782309e+07
1.243025021173314378e+07
1.242961294983556680e+07
1.242861394913635403e+07
1.242723744908769056e+07
1.242567420462995954e+07
1.242420270483757928e+07
1.242300831429263949e+07
1.242232158978822455e+07
1.242234952148292772e+07
1.242299207249545120e+07
1.242423699902147800e+07
1.242589892395538278e+07
1.242764363086602278e+07
1.242921808036581613e+07
1.243033545538035594e+07
1.243091868796511926e+07
1.243103319315342046e+07
1.243079764650516771e+07
1.243038767683212087e+07
1.242999130183553137e+07
1.242979396800860390e+07
1.242995427281477116e+07
1.243043359289762378e+07
1.243087349686264805e+07
1.243106556014488079e+07
1.243094365717632324e+07
1.243041122332607023e+07
1.242924248582831211e+07
1.242752813325244002e+07
1.242557076940091141e+07
1.242358274969751574e+07
1.242210701885895245e+07
1.242135187971566804e+07
1.242145197809799947e+07
1.242243865922835656e+07
1.242415480757139623e+07
1.242630732907761261e+07
1.242838723736099154e+07
1.243000226916001178e+07
1.243097508879717998e+07
1.243132510962573625e+07
1.243097740683647618e+07
1.243027534456515312e+07
1.242952616748896800e+07
1.242898656803398766e+07
1.242890604640032724e+07
1.242935606700150669e+07
1.243019731062768213e+07
1.243100746719675511e+07
1.243161269592427090e+07
1.243177093170593493e+07
1.243108566774301603e+07
1.242960582003459707e+07
1.242743498520701192e+07
1.242502496079663187e+07
1.242280694299627468e+07
1.242127725072712451e+07
1.242070847529616207e+07
1.242121036547617614e+07
1.242261812274440750e+07
1.242479966013949551e+07
1.242720931757889874e+07
1.242922069329534471e+07
1.243074269124943204e+07
1.243147757820689678e+07
1.243130666392219998e+07
1.243040119822602347e+07
1.242928348625348508e+07
1.242822685345036723e+07
1.242772659102020413e+07
1.242806379158862680e+07
1.242900118660963140e+07
1.243023782901340909e+07
1.243160978636325151e+07
1.243258451924062334e+07
1.243271035938432626e+07
1.243179021970931999e+07
1.242988420001847111e+07
1.242737161459992081e+07
1.242463427492849529e+07
1.242241091475180350e+07
1.242108711351120658e+07
1.242079863775445148e+07
1.242175341887307540e+07
1.242372597853403911e+07
1.242622431689202785e+07
1.242857027159107476e+07
1.243056955386907607e+07
1.243165107501963526e+07
1.243164336127332412e+07
1.243075659089238383e+07
1.242935415906677954e+07
1.242775703762856871e+07
1.242660211192737520e+07
1.242634947778651863e+07
1.242706414439788833e+07
1.242842493312256783e+07
1.243019879788502865e+07
1.243201378888699599e+07
1.243308785323417932e+07
1.243305368430690467e+07
1.243178497360898368e+07
1.242965853392818384e+07
1.242686043781982362e+07
1.242419156788901612e+07
1.242215847479965910e+07
1.242119591312580369e+07
1.242142551448628679e+07
1.242295876758163609e+07
1.242528517719154246e+07
1.242779147486759536e+07
1.243005530844353884e+07
1.243156116868782230e+07
1.243195417361332662e+07
1.243122446723135188e+07
1.242973640802587196e+07
1.242782819761917181e+07
1.242609143375123292e+07
1.242518930095567554e+07
1.242529033671140112e+07
1.242626278883467987e+07
1.242816395017204434e+07
1.243052175941799209e+07
1.243245921668482013e+07
1.243342520945557952e+07
1.243320989739065990e+07
1.243180724864028767e+07
1.242946703110147826e+07
1.242683064765818790e+07
1.242445315678749979e+07
1.242284034097296745e+07
1.242236588521211594e+07
1.242322580520000309e+07
1.242511273614025116e+07
1.242735492824420892e+07
1.242976481920969673e+07
1.243166996488090791e+07
1.243253450757057965e+07
1.243211527308235131e+07
1.243076637625939026e+07
1.242866134517600387e+07
1.242641847284436226e+07
1.242476859418685921e+07
1.242404329438102618e+07
1.242439474783645198e+07
1.242587259495395236e+07
1.242818231729916111e+07
1.243060207087045908e+07
1.243243315861023962e+07
1.243328286473756284e+07
1.243296201376353577e+07
1.243149673852151260e+07
1.242930429955333658e+07
1.242703718723427691e+07
1.242513431702405214e+07
1.242418104007718712e+07
1.242494157808711939e+07
1.242556357195812091e+07
1.242762977328556404e+07
1.242985118159391172e+07
1.243188495526996814e+07
1.243295067535920255e+07
1.243293709322974086e+07
1.243183900661915541e+07
1.242983004614519142e+07
1.242736461238029040e+07
1.242516144966095127e+07
1.242363443379523233e+07
1.242311838963201828e+07
1.242383032765709423e+07
1.242576950497608818e+07
1.242814068760279566e+07
1.243044184693386406e+07
1.243207499623057991e+07
1.243266688112972490e+07
1.243199743640390784e+07
1.243067823283449188e+07
1.242895750949393958e+07
1.242719514346650802e+07
1.242598528208237886e+07
1.242572920515043847e+07
1.242640233340057544e+07
1.242792302324055508e+07
1.242990155878766812e+07
1.243184094566272385e+07
1.243320533417774364e+07
1.243358233250309527e+07
1.243283348085452430e+07
1.243114193942171521e+07
1.242869555200178362e+07
1.242618425216296315e+07
1.242408886090772785e+07
1.242276170464118384e+07
1.242252778698735870e+07
1.242366040340457112e+07
1.242560070332992822e+07
1.242780839252968319e+07
1.242980905960886367e+07
1.243120025890085287e+07
1.243154918656849116e+07
1.243120661974261142e+07
1.243014668793975189e+07
1.242890944049293548e+07
1.242778665314025432e+07
1.242848111865898408e+07
1.242755791631252132e+07
1.242886404419490509e+07
1.243024021588226035e+07
1.243218535615365580e+07
1.243351498992441781e+07
1.243423651213825680e+07
1.243395931336486712e+07
1.243268414820981212e+07
1.243040861658017710e+07
1.242801591650525853e+07
1.242574114437289909e+07
1.242387205868860707e+07
1.242288309911819361e+07
1.242307236674143374e+07
1.242415789739722200e+07
1.242585037214723043e+07
1.242770369728708453e+07
1.242938390754162148e+07
1.243035914342601784e+07
1.243063189976130985e+07
1.243036364037163928e+07
1.242967344403810240e+07
1.242889978633593023e+07
1.242864928905845247e+07
1.242888605028485693e+07
1.242953452280914411e+07
1.243064331818019040e+07
1.243212384096792527e+07
1.243342707945181616e+07
1.243430826141344383e+07
1.243437930433936603e+07
1.243351977667238005e+07
1.243193783537952788e+07
1.242991242782286368e+07
1.242769133212511800e+07
1.242561313885644078e+07
1.242407665330413543e+07
1.242344720308213495e+07
1.242374565654210746e+07
1.242469675875908323e+07
1.242590754278406501e+07
1.242732238569505699e+07
1.242856993053931184e+07
1.242943033941445872e+07
1.242983958780294284e+07
1.242984677900212631e+07
1.242969884962318279e+07
1.242970989718433097e+07
1.242996153029550985e+07
1.243036795991630852e+07
1.243116523492339067e+07
1.243220783651215769e+07
1.243324387178819254e+07
1.243404806390264817e+07
1.243434190375096165e+07
1.243393297906452976e+07
1.243288143566048704e+07
1.243134346524100937e+07
1.242967137648129463e+07
1.242775930441014469e+07
1.242608558647410758e+07
1.242492860970844515e+07
1.242434810183302127e+07
1.242428476109239087e+07
1.242477553974906914e+07
1.242556331281367876e+07
1.242655560725419782e+07
1.242765609524977207e+07
1.242854535244459845e+07
1.242911562994401157e+07
1.242954200463496521e+07
1.242994091979376599e+07
1.243039944412371330e+07
1.243076955999681354e+07
1.243131254502033070e+07
1.243189386029477231e+07
1.243258764749760553e+07
1.243319933942702599e+07
1.243356747985223308e+07
1.243354571200951003e+07
1.243314626668066159e+07
1.243229116337387078e+07
1.243120173228821345e+07
1.242976271899451874e+07
1.242830388017825969e+07
1.242686707713418640e+07
1.242575593665114418e+07
1.242485549007166922e+07
1.242451858087820932e+07
1.242449428949359059e+07
1.242511075515702926e+07
1.242583758139484562e+07
1.242701878932886198e+07
1.242784475113521516e+07
1.242911579026575200e+07
