1.562117303803675622e+07
1.562090595450389571e+07
1.562142063737219572e+07
1.562152117734971270e+07
1.562175509627910890e+07
1.562189898648958839e+07
1.562225132621051557e+07
1.562230161859076656e+07
1.562240167411760613e+07
1.562217517300117016e+07
1.562186379440327547e+07
1.562125009756676108e+07
1.562010695854844339e+07
1.561881817490595952e+07
1.561758399332971126e+07
1.561620917420812324e+07
1.561524970288677141e+07
1.561456946558289602e+07
1.561456169545198604e+07
1.561521420733656362e+07
1.561652567834219709e+07
1.561786823176822811e+07
1.561934139574878663e+07
1.562090970882624388e+07
1.562237115693625808e+07
1.562351653327094391e+07
1.562442636696716398e+07
1.562520296448553167e+07
1.562575876711082086e+07
1.562602255481512658e+07
1.562602734366544336e+07
1.562599584287571907e+07
1.562617038266326487e+07
1.562610406328328885e+07
1.562605823444732279e+07
1.562560424797382392e+07
1.562481535118406266e+07
1.562387393643108383e+07
1.562263946590054780e+07
1.562106374017369188e+07
1.561937494229744375e+07
1.561772196162159182e+07
1.561642769155018404e+07
1.561579329578509927e+07
1.561604952543228865e+07
1.561670985516463220e+07
1.561769243268811889e+07
1.561917450695781410e+07
1.562059418907528371e+07
1.562172909450455569e+07
1.562270327217440866e+07
1.562347913207333535e+07
1.562390100162729807e+07
1.562394267612011172e+07
1.562363856047467142e+07
1.562337703893632069e+07
1.562350714569764398e+07
1.562384899885099195e+07
1.562459540710564889e+07
1.562520038710835017e+07
1.562524387550123967e+07
1.562495281945002638e+07
1.562421206108033657e+07
1.562266533346721530e+07
1.562065748217236623e+07
1.561847459778971970e+07
1.561639314114556089e+07
1.561496791342715174e+07
1.561448175927135535e+07
1.561489609645190649e+07
1.561616331311147846e+07
1.561819166070777923e+07
1.562057255885799602e+07
1.562268277786460333e+07
1.562401815497083217e+07
1.562468788448309153e+07
1.562462473308666050e+07
1.562396150569610856e+07
1.562304828597831167e+07
1.562221396557637677e+07
1.562178199587924406e+07
1.562175840131988749e+07
1.562235927399487421e+07
1.562323418222164735e+07
1.562396840927540325e+07
1.562434246992165036e+07
1.562420354188419878e+07
1.562321903155568056e+07
1.562140553343979456e+07
1.561904609233304113e+07
1.561657069367419928e+07
1.561446606575335003e+07
1.561333609619487636e+07
1.561322743862495571e+07
1.561414022520260327e+07
1.561603008189763874e+07
1.561850709764601849e+07
1.562091539183168113e+07
1.562283269509230368e+07
1.562413391456640884e+07
1.562464015101020224e+07
1.562419950085560419e+07
1.562325349540094286e+07
1.562214724792907573e+07
1.562133921220695600e+07
1.562108915421476401e+07
1.562170689916268364e+07
1.562288811331824772e+07
1.562419144829408638e+07
1.562546582519644313e+07
1.562623112281744741e+07
1.562604107792801224e+07
1.562482055865173228e+07
1.562269938875557855e+07
1.562000434428028390e+07
1.561728511644461006e+07
1.561534801402423531e+07
1.561426751048621908e+07
1.561418111351947114e+07
1.561541304453430884e+07
1.561762896255617961e+07
1.562022126994137280e+07
1.562254518348968402e+07
1.562429267146300338e+07
1.562512671841679886e+07
1.562490734891457669e+07
1.562391357319175266e+07
1.562253884845722467e+07
1.562122555441549234e+07
1.562053877275897190e+07
1.562088237496417575e+07
1.562203927883613482e+07
1.562372120621565171e+07
1.562566056684248708e+07
1.562739792423715815e+07
1.562832121221136488e+07
1.562791819386843592e+07
1.562635004668563977e+07
1.562392204408370890e+07
1.562098021031585522e+07
1.561840855982317217e+07
1.561669325676785968e+07
1.561595044592725113e+07
1.561653643930956349e+07
1.561846490375066362e+07
1.562111750682699680e+07
1.562379643751962669e+07
1.562606101424578205e+07
1.562721219354062714e+07
1.562725286215790734e+07
1.562641907727711089e+07
1.562492630033805035e+07
1.562314596190138347e+07
1.562172045919254050e+07
1.562124636550743692e+07
1.562174903997635841e+07
1.562297531566539221e+07
1.562520260969492234e+07
1.562766618997346237e+07
1.562934079889282770e+07
1.562988308846794069e+07
1.562943784263628721e+07
1.562788261284850352e+07
1.562533801322639920e+07
1.562275859644854814e+07
1.562057747246331535e+07
1.561917220266054757e+07
1.561884309336730093e+07
1.561995912404604070e+07
1.562203242103039287e+07
1.562428244911919162e+07
1.562654509985498339e+07
1.562799471952115558e+07
1.562822677919833921e+07
1.562736589183240011e+07
1.562569519894694351e+07
1.562336251311753690e+07
1.562122469736841507e+07
1.561983331053389236e+07
1.561942963168031164e+07
1.561999526256260090e+07
1.562159987409125455e+07
1.562388888007405587e+07
1.562616846567787416e+07
1.562759339193020388e+07
1.562796391838053986e+07
1.562711728196831420e+07
1.562531614893391170e+07
1.562287423990047164e+07
1.562064645030436851e+07
1.561874770864715427e+07
1.561824542414025217e+07
1.561941941830203682e+07
1.562003564027529210e+07
1.562232666622865200e+07
1.562454871568540484e+07
1.562638681028822064e+07
1.562709675303570367e+07
1.562674571477231011e+07
1.562529521692074463e+07
1.562316666861810349e+07
1.562045627286467515e+07
1.561820305120862089e+07
1.561699497242985666e+07
1.561677714190622419e+07
1.561783130376600474e+07
1.562009861675037630e+07
1.562257823811101541e+07
1.562481248331123590e+07
1.562627895913223922e+07
1.562640775167019293e+07
1.562539702763563953e+07
1.562394046471260488e+07
1.562224030009713210e+07
1.562050154644355550e+07
1.561957322467537969e+07
1.561977136674100719e+07
1.562085157332741655e+07
1.562249259159301594e+07
1.562454990723499469e+07
1.562647898703929968e+07
1.562758980992548913e+07
1.562760713368275017e+07
1.562662223111712746e+07
1.562464116079822741e+07
1.562210972827903181e+07
1.561963884564243816e+07
1.561768904296661168e+07
1.561672941457867250e+07
1.561704427151911892e+07
1.561839188456498832e+07
1.562064779070172459e+07
1.562295937761816010e+07
1.562498840274053067e+07
1.562611226285751536e+07
1.562627968707785942e+07
1.562555173699146323e+07
1.562460556858345121e+07
1.562314163751818240e+07
1.562243178721416369e+07
1.562248672081807442e+07
1.562285155238289945e+07
1.562420971547157131e+07
1.562591807312882878e+07
1.562773768577369489e+07
1.562907058121894859e+07
1.562956036399805732e+07
1.562887700605900027e+07
1.562727632025736012e+07
1.562484723107286170e+07
1.562237562066986598e+07
1.562021518367910571e+07
1.561857147481145896e+07
1.561798328140580840e+07
1.561859822384524345e+07
1.561996568073870614e+07
1.562187970294688083e+07
1.562393396235944703e+07
1.562553356460258737e+07
1.562636089655978419e+07
1.562639479017808661e+07
1.562594381052972376e+07
1.562518353608956374e+07
1.562439690518785827e+07
1.562423947361903079e+07
1.562470606481525861e+07
1.562551557514685951e+07
1.562678170900455117e+07
1.562825971627349593e+07
1.562945364011221565e+07
1.563020327236066759e+07
1.562988800719884969e+07
1.562848797918669321e+07
1.562655382529603317e+07
1.562423831468183361e+07
1.562182150130298920e+07
1.561974439610071480e+07
1.561824589243276976e+07
1.561778795565296151e+07
1.561818011859167553e+07
1.561904701585046947e+07
1.562024425252513960e+07
1.562155654605281167e+07
1.562254529933139123e+07
1.562315800991965272e+07
1.562326163179194927e+07
1.562302913018577360e+07
1.562291300993023999e+07
1.562300781547397189e+07
1.562339795775826834e+07
1.562413200990514643e+07
1.562513747496365197e+07
1.562631242713905685e+07
1.562735685080777109e+07
1.562808851085797325e+07
1.562823765895226039e+07
1.562769693271435797e+07
1.562630738835796155e+07
1.562458747078174725e+07
1.562280046960442141e+07
1.562084420924644358e+07
1.561915655864903145e+07
1.561817522162617184e+07
1.561775610499957576e+07
1.561784218881737068e+07
1.561853722693777084e+07
1.561956648235743120e+07
1.562069378791040555e+07
1.562187653027549200e+07
1.562272394875803404e+07
1.562311168974255398e+07
1.562357339467155002e+07
1.562405666591407359e+07
1.562448916289608553e+07
1.562492980901498161e+07
1.562556584937383607e+07
1.562623126120514050e+07
1.562690491324736737e+07
1.562747692533340678e+07
1.562764166215274855e+07
1.562746643513841741e+07
1.562689334666423872e+07
1.562591104425765015e+07
1.562457993404632434e+07
1.562299902777677216e+07
1.562142393470534310e+07
1.562000732882942446e+07
1.561890295200190879e+07
1.561813244634154253e+07
1.561787119846655615e+07
1.561797088422263972e+07
1.561851427384601720e+07
1.561935457044652477e+07
1.562034225602016225e+07
1.562109958888120577e+07
1.562201173577629402e+07
