1.074897103908886900e+06
1.077371602270495612e+06
1.077117965499855112e+06
1.077663529428074602e+06
1.077593558939441573e+06
1.078037370819438482e+06
1.078159964576110709e+06
1.078458923476360040e+06
1.078263072228770703e+06
1.078237199664604384e+06
1.077851857690324076e+06
1.077162248657081043e+06
1.075961068164487602e+06
1.074925289828697219e+06
1.073535482430423144e+06
1.072137735608618706e+06
1.070900370162267936e+06
1.069883720617434010e+06
1.069097294369197451e+06
1.069049545158686349e+06
1.069487645268755965e+06
1.070460952015161514e+06
1.071598166230276693e+06
1.073064639750072267e+06
1.074522018843108322e+06
1.075685327792232623e+06
1.076386340613624314e+06
1.076788918280368205e+06
1.076928634484434733e+06
1.076758838864805177e+06
1.076604350625385530e+06
1.076714368258861825e+06
1.076693993627283489e+06
1.076746539723399561e+06
1.077061388242547866e+06
1.077033370890085120e+06
1.076469456335331546e+06
1.075900248459443217e+06
1.074895345131087815e+06
1.073262156956892228e+06
1.071564761019294849e+06
1.069842823489682050e+06
1.068343781370474724e+06
1.067503968376073521e+06
1.067380261133166030e+06
1.067964920927728759e+06
1.069218406099411892e+06
1.070981227376346244e+06
1.072810491422822699e+06
1.074513819811580703e+06
1.075782437125719851e+06
1.076325105326099554e+06
1.076414652317648055e+06
1.076134254732656758e+06
1.075500688779778313e+06
1.075052047683276702e+06
1.074890089419087162e+06
1.075006666775024729e+06
1.075642669188677566e+06
1.076226391746586654e+06
1.076416029629272642e+06
1.076420446429511067e+06
1.075923825092046754e+06
1.074676773212781409e+06
1.072904385649267118e+06
1.070756971814695513e+06
1.068552343783776043e+06
1.066843449169541942e+06
1.066071864937463542e+06
1.066087954524420202e+06
1.067082952670370229e+06
1.068993370735187549e+06
1.071355747848467436e+06
1.073638464856231119e+06
1.075583562240276719e+06
1.076605588168813149e+06
1.077066777865076670e+06
1.076929092520953622e+06
1.076028030997048365e+06
1.075268510771469912e+06
1.074793497108917916e+06
1.074550827051769709e+06
1.075115041374237509e+06
1.076188095658650855e+06
1.077014834229016677e+06
1.077788088476519566e+06
1.078049892474884866e+06
1.077218111902407138e+06
1.075660967444373295e+06
1.073234143475245917e+06
1.070434149123981129e+06
1.067890764469372341e+06
1.066014866667380789e+06
1.065127281666048104e+06
1.065513014014470857e+06
1.066881518367881421e+06
1.068982425315821543e+06
1.071621732265092432e+06
1.073654973668538034e+06
1.075041280002390733e+06
1.075873939046635525e+06
1.075348969756163890e+06
1.074115542685447494e+06
1.072863584148736205e+06
1.071336214663411956e+06
1.070433328870337224e+06
1.070796711159847910e+06
1.071627295348316431e+06
1.072871100385346916e+06
1.074387061868629884e+06
1.075463752882827073e+06
1.075542703309953678e+06
1.074616955415639095e+06
1.072480416730932426e+06
1.069650290697861928e+06
1.066655256063795416e+06
1.063962634719464462e+06
1.062380696203088621e+06
1.061943824027201161e+06
1.062619692097363994e+06
1.064771170153573155e+06
1.067443685901657213e+06
1.069877346334144240e+06
1.072118429864303442e+06
1.073382993532537716e+06
1.073208994997895090e+06
1.072267693707544357e+06
1.070639434214151464e+06
1.068724770222620340e+06
1.067357439312270842e+06
1.066984920189446304e+06
1.067616967665358679e+06
1.069264416855092393e+06
1.071120885149230482e+06
1.073247447390926303e+06
1.074745190961060347e+06
1.074772933413132094e+06
1.073560743683861569e+06
1.071413013992672320e+06
1.068314247076730710e+06
1.065371883949373616e+06
1.063109881752718240e+06
1.061899041030070512e+06
1.062029391783397645e+06
1.063653957954924321e+06
1.066172254940948449e+06
1.068979396856522653e+06
1.071442941873176722e+06
1.073237714954653522e+06
1.073747005303455051e+06
1.072973801164855948e+06
1.071329433091134764e+06
1.069305826846972108e+06
1.067194796317171538e+06
1.066125460373077542e+06
1.066278983643422369e+06
1.067219312435144326e+06
1.069213720969318645e+06
1.072025586966949515e+06
1.074105893886863953e+06
1.075277845066060312e+06
1.075266546020027017e+06
1.073727774494129932e+06
1.071254703344465466e+06
1.068487673253659159e+06
1.065670424703100696e+06
1.063911323077523150e+06
1.063254149152596015e+06
1.064025113683236763e+06
1.066097353683796013e+06
1.068534921857454116e+06
1.071064636976872105e+06
1.073429749335155590e+06
1.074349023169473512e+06
1.073928139508330263e+06
1.072597847818407463e+06
1.070342384159249486e+06
1.067674035731264623e+06
1.065924082830924308e+06
1.064999529002075316e+06
1.065245959990639472e+06
1.066814685175155522e+06
1.069442991302724462e+06
1.072037926064764382e+06
1.074223060161674861e+06
1.075221999383318005e+06
1.074975355112788267e+06
1.073488264932636404e+06
1.071182097112149466e+06
1.068550771359301638e+06
1.066618924401435303e+06
1.065257716588890646e+06
1.065854452964385971e+06
1.066806701665254310e+06
1.068923018213932868e+06
1.071314116636259248e+06
1.073778945169907296e+06
1.074906807072824333e+06
1.074964889950135956e+06
1.074012963891270338e+06
1.071682963205089094e+06
1.069060548312894301e+06
1.066633447880737018e+06
1.064733615379903931e+06
1.064171531953043537e+06
1.064859185132051120e+06
1.066846033995874226e+06
1.069631792601433117e+06
1.072183777719577542e+06
1.074034616497390205e+06
1.075028816887408262e+06
1.074369802320828428e+06
1.073077817646153038e+06
1.071417279182765167e+06
1.069432360004747985e+06
1.068076184526854660e+06
1.067912415483723162e+06
1.068449210336471908e+06
1.070255740150182275e+06
1.072374165984263411e+06
1.074484386714859167e+06
1.076100671132679563e+06
1.076692950996506494e+06
1.075875251545035047e+06
1.074328444010632811e+06
1.071610637832284905e+06
1.068782441588884685e+06
1.066503439824108500e+06
1.065009275666361675e+06
1.064317410836441442e+06
1.065651901301507838e+06
1.067547167819388676e+06
1.069789024182384834e+06
1.071883684422246413e+06
1.073538940345235635e+06
1.073644309871807229e+06
1.073502884057804011e+06
1.071983931987985503e+06
1.070777900349857053e+06
1.068898049970728112e+06
1.065760581040398451e+06
1.069249746420416748e+06
1.069589957995656412e+06
1.071367898820485687e+06
1.072938854540608590e+06
1.074855811155659147e+06
1.075065622386748670e+06
1.075143162355301203e+06
1.073680668897472089e+06
1.071014201977308607e+06
1.068390159598432947e+06
1.066138057236075867e+06
1.063625572814491810e+06
1.062623389366477728e+06
1.062536037713097408e+06
1.063549732873337111e+06
1.065278906795797870e+06
1.067155073379698908e+06
1.068885736348009203e+06
1.070159037625026889e+06
1.070222442544533871e+06
1.069852653729150537e+06
1.068996256582713453e+06
1.067860799966655904e+06
1.067395824425333878e+06
1.067640062107606092e+06
1.067953898705269676e+06
1.069195687855380354e+06
1.070761340929213678e+06
1.072034101459792117e+06
1.073041641771312570e+06
1.073246215445545036e+06
1.072176914647139842e+06
1.070433630594566697e+06
1.068133080921395682e+06
1.065503793550162576e+06
1.063018667561519425e+06
1.061100639816061594e+06
1.059994735228515929e+06
1.060026552988175536e+06
1.060746888665886596e+06
1.061742413345005829e+06
1.063105839991489192e+06
1.064386590415084502e+06
1.065252852606740082e+06
1.065710055560367415e+06
1.065649818448300939e+06
1.065441737260675523e+06
1.065435358858979773e+06
1.065714175996108213e+06
1.066064559905677801e+06
1.066866918409402249e+06
1.068064127238572342e+06
1.069108020655118860e+06
1.069958077416950371e+06
1.070446346085355151e+06
1.070092648855688283e+06
1.069088136015841970e+06
1.067566035283523146e+06
1.065790783390160417e+06
1.063971301985058235e+06
1.061991283749616938e+06
1.060753376186225330e+06
1.060081992418423528e+06
1.059777103973582853e+06
1.060266263808307471e+06
1.061138084439866012e+06
1.062011492329827975e+06
1.063340364629769931e+06
1.064331815838558832e+06
1.064835691636235919e+06
1.065333970867347671e+06
1.065836313248155406e+06
1.066182780916171148e+06
1.066748767197673908e+06
1.067153214010836091e+06
1.067787452619207557e+06
1.068561820946306922e+06
1.069240789867077954e+06
1.069510231744859833e+06
1.069505554571185494e+06
1.068834322703009704e+06
1.068012488701783121e+06
1.066732069383329712e+06
1.065189418831599411e+06
1.063413600418504793e+06
1.061910294659306994e+06
1.060287692117723403e+06
1.059288500332851429e+06
1.058499165303985355e+06
1.058472098075057846e+06
1.058610072929169517e+06
1.059565306815172546e+06
1.060184090777063975e+06
1.061677764623447554e+06
1.061805669014547952e+06
