1.358648270495138690e+07
1.358753125426994637e+07
1.358775563888046890e+07
1.358817117397656851e+07
1.358833636190461181e+07
1.358874152945175208e+07
1.358906747155777179e+07
1.358928036672839150e+07
1.358925483958015032e+07
1.358909555128500797e+07
1.358864620409008488e+07
1.358785848453280330e+07
1.358672143911765888e+07
1.358563462405122630e+07
1.358447595731576718e+07
1.358331531583004445e+07
1.358231509427992441e+07
1.358161211073301174e+07
1.358121617762877047e+07
1.358135300216531195e+07
1.358209458088644408e+07
1.358307489991481602e+07
1.358420572627846710e+07
1.358551933105830476e+07
1.358671769003664330e+07
1.358766197330319509e+07
1.358819686471729912e+07
1.358858031141068600e+07
1.358873176479558088e+07
1.358867925922365673e+07
1.358866884090401046e+07
1.358872351007613167e+07
1.358879685216081515e+07
1.358893302147195861e+07
1.358904765926094726e+07
1.358878059006127529e+07
1.358814099224471115e+07
1.358735604968553595e+07
1.358628141941144690e+07
1.358485007507969625e+07
1.358329808845753595e+07
1.358195699503148720e+07
1.358092699535441212e+07
1.358041617878153920e+07
1.358070953594994731e+07
1.358149890143109486e+07
1.358275457816343941e+07
1.358437211664069071e+07
1.358600590226283111e+07
1.358738734041371942e+07
1.358841513823373429e+07
1.358889423724913970e+07
1.358892235890599154e+07
1.358869022283321433e+07
1.358830925833361596e+07
1.358797770075001195e+07
1.358788259801696613e+07
1.358807105373803154e+07
1.358854827945532091e+07
1.358898761914720759e+07
1.358896697895654850e+07
1.358864950585932843e+07
1.358793002791141160e+07
1.358660317439379916e+07
1.358483796351028793e+07
1.358291252107404359e+07
1.358108687074653432e+07
1.357981003779274784e+07
1.357938374803598225e+07
1.357973983766531944e+07
1.358087059179531969e+07
1.358265595120660029e+07
1.358473121028443426e+07
1.358664029003271274e+07
1.358802241816976108e+07
1.358886978267448768e+07
1.358906066091521457e+07
1.358866968926829658e+07
1.358800263970528729e+07
1.358731074525791034e+07
1.358691699420015141e+07
1.358697696084189415e+07
1.358755032909587026e+07
1.358839372772708908e+07
1.358913199766040221e+07
1.358951391994785517e+07
1.358937118543064408e+07
1.358847545950622112e+07
1.358678780544949137e+07
1.358460027887747623e+07
1.358226192769444734e+07
1.358017115409479849e+07
1.357892652609678730e+07
1.357870707190218754e+07
1.357941600960427523e+07
1.358104722539762780e+07
1.358328529205975309e+07
1.358553741167544015e+07
1.358733055971197970e+07
1.358857180895136856e+07
1.358906345101505145e+07
1.358872705805617012e+07
1.358783878044730611e+07
1.358674444293993525e+07
1.358590599048242345e+07
1.358560590486241132e+07
1.358611616862232797e+07
1.358717841557529569e+07
1.358837329559364356e+07
1.358955779539551400e+07
1.359030350618787669e+07
1.359010332791792788e+07
1.358889189133958332e+07
1.358683616083785146e+07
1.358431132539119013e+07
1.358170093455214053e+07
1.357978137898970395e+07
1.357879511139822751e+07
1.357881616874891147e+07
1.358003133608111925e+07
1.358211727213138342e+07
1.358453925901943818e+07
1.358674197935666330e+07
1.358847349286531471e+07
1.358924867321074381e+07
1.358900183359952271e+07
1.358798934562295116e+07
1.358659285147370398e+07
1.358515998663306795e+07
1.358424668664092012e+07
1.358432542758166417e+07
1.358520597569598071e+07
1.358663214793947153e+07
1.358834515883799084e+07
1.358991707774661668e+07
1.359069936039021425e+07
1.359030506417434663e+07
1.358880906910291128e+07
1.358651740100032836e+07
1.358370405487794243e+07
1.358121465497572720e+07
1.357953943015146442e+07
1.357887691906295530e+07
1.357943096079703234e+07
1.358119467323421687e+07
1.358358898458726332e+07
1.358598824505013973e+07
1.358802414309806377e+07
1.358917499433051236e+07
1.358918335623571277e+07
1.358825596531150863e+07
1.358669213544499688e+07
1.358480708987809531e+07
1.358330139480215125e+07
1.358277054783960804e+07
1.358312312728327885e+07
1.358426396532093175e+07
1.358625509254875965e+07
1.358850514158855192e+07
1.359015452180498280e+07
1.359073034846333973e+07
1.359020913193790242e+07
1.358858329364274070e+07
1.358613028009939566e+07
1.358355440938297845e+07
1.358140178750094399e+07
1.358010403983603418e+07
1.357994188405076228e+07
1.358110159190164879e+07
1.358312580611518398e+07
1.358538265318833664e+07
1.358764539409059286e+07
1.358924640155944414e+07
1.358967165449137054e+07
1.358898498430966027e+07
1.358749555242471583e+07
1.358534726216006465e+07
1.358321881338423863e+07
1.358189325852058828e+07
1.358148542022164352e+07
1.358212935088855401e+07
1.358377591192627512e+07
1.358616767133161426e+07
1.358843830195590109e+07
1.358999732403654791e+07
1.359046181679742783e+07
1.358985156662259437e+07
1.358818561389743909e+07
1.358597667220698856e+07
1.358378937978491560e+07
1.358207139998142794e+07
1.358143678583066724e+07
1.358241591633481160e+07
1.358337222406186350e+07
1.358553787066496722e+07
1.358773339870401472e+07
1.358950903588503040e+07
1.359025611084900051e+07
1.358990891340228356e+07
1.358851910168418474e+07
1.358643152768482827e+07
1.358393329145572335e+07
1.358190013028804399e+07
1.358071538526791520e+07
1.358054029983016849e+07
1.358149725875844806e+07
1.358364465370429121e+07
1.358601814178509638e+07
1.358818878638895974e+07
1.358958799272094853e+07
1.358982841305246390e+07
1.358887428749047965e+07
1.358745560361064225e+07
1.358570539043885469e+07
1.358402047093401290e+07
1.358299163872589543e+07
1.358307717956519313e+07
1.358402699955794401e+07
1.358562956460283138e+07
1.358760586770471185e+07
1.358946254475295916e+07
1.359049983291415125e+07
1.359054898942777514e+07
1.358948562441560067e+07
1.358755308991003036e+07
1.358502002776394784e+07
1.358267382784818485e+07
1.358075396505353972e+07
1.357978156608169526e+07
1.357990017323125154e+07
1.358126310691354796e+07
1.358330792762931623e+07
1.358553164355169609e+07
1.358731020288540237e+07
1.358850037528957054e+07
1.358855824283326045e+07
1.358801463278897852e+07
1.358681745101518743e+07
1.358561223528580368e+07
1.358442997987016290e+07
1.358501552113332041e+07
1.358486446838997118e+07
1.358624527768403478e+07
1.358781164401834831e+07
1.358959845723771490e+07
1.359079976925196126e+07
1.359125546100902744e+07
1.359059004116180539e+07
1.358901771088414267e+07
1.358666821624099836e+07
1.358425149495641515e+07
1.358210448362019658e+07
1.358047892285225354e+07
1.357977555414770730e+07
1.358024199524218962e+07
1.358150810443563387e+07
1.358328857276658900e+07
1.358518332570799068e+07
1.358668806455790810e+07
1.358744297177140974e+07
1.358747029175079986e+07
1.358707503163194284e+07
1.358634092535931990e+07
1.358556977513661794e+07
1.358548009797894396e+07
1.358587344371333532e+07
1.358665921456772089e+07
1.358788231231809780e+07
1.358933275516481139e+07
1.359052872868417576e+07
1.359127340207364969e+07
1.359105784691357240e+07
1.358992328141740337e+07
1.358813284514023177e+07
1.358598831724744663e+07
1.358372285182205401e+07
1.358178378944447450e+07
1.358042972196934186e+07
1.358008881126363017e+07
1.358058280901688524e+07
1.358159160102070682e+07
1.358290749397877045e+07
1.358431073122959025e+07
1.358543163330295496e+07
1.358617801052583382e+07
1.358637350313524529e+07
1.358621479033822194e+07
1.358602232549993508e+07
1.358607535384506173e+07
1.358637090440889820e+07
1.358693632829331048e+07
1.358779604912863486e+07
1.358887439728391357e+07
1.358986337031210959e+07
1.359056360498565435e+07
1.359065145768510737e+07
1.359006010191237926e+07
1.358876576612811722e+07
1.358713608181863464e+07
1.358540100228188001e+07
1.358346049516409449e+07
1.358184995698821731e+07
1.358089752017968334e+07
1.358049008414531872e+07
1.358056818771049753e+07
1.358117783386702649e+07
1.358209681714520045e+07
1.358310098982121982e+07
1.358416127246334217e+07
1.358489926459933817e+07
1.358524980647290871e+07
1.358563680552680604e+07
1.358599779837534204e+07
1.358640083518967405e+07
1.358681696865864471e+07
1.358743082668593712e+07
1.358806982748881169e+07
1.358880821909737960e+07
1.358942132957247831e+07
1.358966366237267479e+07
1.358947058981662616e+07
1.358890051627693139e+07
1.358796309922191873e+07
1.358673364163044468e+07
1.358523090964206122e+07
1.358376126981332526e+07
1.358238599247741513e+07
1.358135324595482647e+07
1.358063572173962928e+07
1.358046354188852012e+07
1.358063552716306970e+07
1.358129182176443562e+07
1.358217667949560843e+07
1.358323753919849172e+07
1.358401388243296184e+07
1.358505285982641205e+07
