1.801587564742996916e+07
1.801520450182008743e+07
1.801584325386175886e+07
1.801581061155529693e+07
1.801619174304839224e+07
1.801639826314976811e+07
1.801693271464247257e+07
1.801699521820324659e+07
1.801704267160633206e+07
1.801676884708505124e+07
1.801646692095829546e+07
1.801560552181036398e+07
1.801455973975074291e+07
1.801330037815971300e+07
1.801184537744586170e+07
1.801040203597727418e+07
1.800930713135183603e+07
1.800844954748414084e+07
1.800800737753595784e+07
1.800808394372353703e+07
1.800883435130170360e+07
1.800976973087853566e+07
1.801102707048458979e+07
1.801251459279780835e+07
1.801403072460739687e+07
1.801534552736688033e+07
1.801629359727065638e+07
1.801697262335074320e+07
1.801746257452046871e+07
1.801764501558445022e+07
1.801791183042611927e+07
1.801816963582168147e+07
1.801844339659696072e+07
1.801859041860507056e+07
1.801859436001277715e+07
1.801807066685133055e+07
1.801719258254949749e+07
1.801617441311213374e+07
1.801498537427220866e+07
1.801346921556589007e+07
1.801188507931901515e+07
1.801049633559741080e+07
1.800944032684629038e+07
1.800896241815344617e+07
1.800924837421240285e+07
1.801008447954128310e+07
1.801141717976878211e+07
1.801300682976540551e+07
1.801456992871478572e+07
1.801584593376574293e+07
1.801680065758181363e+07
1.801722737988301367e+07
1.801725304320986941e+07
1.801695889495476335e+07
1.801651998258860782e+07
1.801610152491743863e+07
1.801592213140670583e+07
1.801605940486897156e+07
1.801646710942704976e+07
1.801686817942252010e+07
1.801692419191068038e+07
1.801670221399363503e+07
1.801610777447459102e+07
1.801488181117771566e+07
1.801323170321274549e+07
1.801133576415101439e+07
1.800950127235547453e+07
1.800817923066150025e+07
1.800764630295278132e+07
1.800793984400545806e+07
1.800904493469357863e+07
1.801079276334741339e+07
1.801288294860618562e+07
1.801483602659187838e+07
1.801637613252184168e+07
1.801731089038218558e+07
1.801758419421578571e+07
1.801719067288312688e+07
1.801644105461673066e+07
1.801574152945808321e+07
1.801528242637475953e+07
1.801529610796831176e+07
1.801588835821338370e+07
1.801675709989659488e+07
1.801754216081463918e+07
1.801799182270740718e+07
1.801801829429284856e+07
1.801721874945495278e+07
1.801562523256756738e+07
1.801343832222437114e+07
1.801109856837445870e+07
1.800892586047219485e+07
1.800745475000348687e+07
1.800703254018403590e+07
1.800768648195238411e+07
1.800925165763907135e+07
1.801154801467376575e+07
1.801395200591213256e+07
1.801593020343504474e+07
1.801740431009351462e+07
1.801812798029834405e+07
1.801806998159848154e+07
1.801739746158350259e+07
1.801647819347554445e+07
1.801572867334860563e+07
1.801554712543344125e+07
1.801620302187535912e+07
1.801729378864992037e+07
1.801849113022176921e+07
1.801975222771338373e+07
1.802046927103767917e+07
1.802034776462993771e+07
1.801918135396441445e+07
1.801711560087558255e+07
1.801450022757958621e+07
1.801180283581268787e+07
1.800973378868476674e+07
1.800864861220296100e+07
1.800855469054416940e+07
1.800974298881980777e+07
1.801190273297730461e+07
1.801450540072544664e+07
1.801682834307872131e+07
1.801874971969399974e+07
1.801976726646991447e+07
1.801966922744791955e+07
1.801863436237016320e+07
1.801714790445057303e+07
1.801552896197903901e+07
1.801438215177758038e+07
1.801416729388581216e+07
1.801490343023230135e+07
1.801623849068270624e+07
1.801797420022844151e+07
1.801965309920027852e+07
1.802058140345018730e+07
1.802040435944966227e+07
1.801905847024929523e+07
1.801684963687106967e+07
1.801407743698302284e+07
1.801152269995342568e+07
1.800970841991297901e+07
1.800895230389279872e+07
1.800947154922466725e+07
1.801119725059102476e+07
1.801360808370384574e+07
1.801608082433747128e+07
1.801827786894122511e+07
1.801961276538154483e+07
1.801984094487948716e+07
1.801895936947231740e+07
1.801741059826822579e+07
1.801551945358147100e+07
1.801393346918755025e+07
1.801319633491637558e+07
1.801345979133735970e+07
1.801452643394848704e+07
1.801652582938898727e+07
1.801888089012524486e+07
1.802075254624744132e+07
1.802159237404917553e+07
1.802129782487949729e+07
1.801982667018404976e+07
1.801750834613987431e+07
1.801494854141087458e+07
1.801275458016144857e+07
1.801125668244842067e+07
1.801099620232854038e+07
1.801207072207527608e+07
1.801413444427519292e+07
1.801647893926214054e+07
1.801893729225463420e+07
1.802079162684904039e+07
1.802156826572469622e+07
1.802107936584471166e+07
1.801972797644785047e+07
1.801758201865731552e+07
1.801539843488165364e+07
1.801385969689022005e+07
1.801331884076970071e+07
1.801367651646375284e+07
1.801510274108782411e+07
1.801734145377918333e+07
1.801966173398951441e+07
1.802129329944020882e+07
1.802194970128085464e+07
1.802136044482248649e+07
1.801976212604279816e+07
1.801749131226860359e+07
1.801532590140780807e+07
1.801343912060464546e+07
1.801285636759352684e+07
1.801409872740985453e+07
1.801442013082455471e+07
1.801674010550553352e+07
1.801902824962336570e+07
1.802108333017040417e+07
1.802204001059856638e+07
1.802194741382601485e+07
1.802069734635404125e+07
1.801865494833022729e+07
1.801617670094129443e+07
1.801405785292908549e+07
1.801270175713043287e+07
1.801237478002386913e+07
1.801329975981499627e+07
1.801541313500871137e+07
1.801788982122506574e+07
1.802015246523906291e+07
1.802172030253027380e+07
1.802218901286400482e+07
1.802147990254782885e+07
1.802011428906571120e+07
1.801841217649853602e+07
1.801673232308538258e+07
1.801565105856408179e+07
1.801560351370325685e+07
1.801650002302851900e+07
1.801812441596908122e+07
1.802013803710220754e+07
1.802194600132028013e+07
1.802314573093098402e+07
1.802328823147767782e+07
1.802239102245818451e+07
1.802047257105091214e+07
1.801796989782654494e+07
1.801541056302142888e+07
1.801344407831824943e+07
1.801226346592435986e+07
1.801229090168363601e+07
1.801353395619385317e+07
1.801567788548676670e+07
1.801790987088279426e+07
1.802000896833581477e+07
1.802126437603912875e+07
1.802166975105128810e+07
1.802115825254819170e+07
1.802029062766358256e+07
1.801882638121975958e+07
1.801823155969361588e+07
1.801855874377617240e+07
1.801807211691147462e+07
1.801941625263398141e+07
1.802084403248891234e+07
1.802266587580952793e+07
1.802394974126204848e+07
1.802449880705305934e+07
1.802401979515063018e+07
1.802256034605498984e+07
1.802016930874614790e+07
1.801767658708567917e+07
1.801539311687237769e+07
1.801360942782130092e+07
1.801272775094283745e+07
1.801303972848288342e+07
1.801420744306694716e+07
1.801589806108225510e+07
1.801775243598863482e+07
1.801937431717350334e+07
1.802038031194606796e+07
1.802069231344600767e+07
1.802042746862740442e+07
1.801976387879741192e+07
1.801906951231243461e+07
1.801890415052979067e+07
1.801904988068431616e+07
1.801961393851447478e+07
1.802065880657829344e+07
1.802201452936754748e+07
1.802317664588016644e+07
1.802390133249492198e+07
1.802378209127942845e+07
1.802279178451658785e+07
1.802116091447478905e+07
1.801916198027754202e+07
1.801700178078252450e+07
1.801510993755080923e+07
1.801376358892398700e+07
1.801322700834971294e+07
1.801357362962017208e+07
1.801458703543561697e+07
1.801594003285845742e+07
1.801744336754114181e+07
1.801875455387364700e+07
1.801970592273853347e+07
1.802007711845246330e+07
1.802001899905852601e+07
1.801978807749904320e+07
1.801976283880147338e+07
1.801997291196290776e+07
1.802041509218901023e+07
1.802121707125764713e+07
1.802230974700918794e+07
1.802332534020641074e+07
1.802406618516898528e+07
1.802434261268562824e+07
1.802380108262133226e+07
1.802235984150903672e+07
1.802045273056314141e+07
1.801855434566958994e+07
1.801655173033067212e+07
1.801490163671782613e+07
1.801387314404014125e+07
1.801348423483914509e+07
1.801359486256132647e+07
1.801427026214099303e+07
1.801533711176125705e+07
1.801658755906403810e+07
1.801793639624534175e+07
1.801879516369336471e+07
1.801916155459640548e+07
1.801951864173329622e+07
1.801992336055970937e+07
1.802040214553853497e+07
1.802086419092910737e+07
1.802147343383523449e+07
1.802211969771575555e+07
1.802285066784044728e+07
1.802343658610988408e+07
1.802371132043116540e+07
1.802353469345116243e+07
1.802298156312849373e+07
1.802202085813131556e+07
1.802084195450759679e+07
1.801938351990588754e+07
1.801789246738311276e+07
1.801645920249293000e+07
1.801535226232694462e+07
1.801449008470884711e+07
1.801416423104478046e+07
1.801419569717176259e+07
1.801477158085552230e+07
1.801549227660545707e+07
1.801656970447802544e+07
1.801742700040229782e+07
1.801873140941765532e+07
