5.614691504223719239e+07
5.614885753320045024e+07
5.614978017281197757e+07
5.615019031404266506e+07
5.614999221473459899e+07
5.614990609703256190e+07
5.614999112327149510e+07
5.614994378111880273e+07
5.614942812660020590e+07
5.614886097990633547e+07
5.614820444576807320e+07
5.614751023658131063e+07
5.614665314593303949e+07
5.614612418609552085e+07
5.614546125552977622e+07
5.614461969850813597e+07
5.614383807872297615e+07
5.614322508751151711e+07
5.614285063928773254e+07
5.614310399894219637e+07
5.614393875372948498e+07
5.614510126159169525e+07
5.614656091467815638e+07
5.614838272828321904e+07
5.615000720023140311e+07
5.615118628086643666e+07
5.615209957928795367e+07
5.615309258276777714e+07
5.615384812096552551e+07
5.615406136771008372e+07
5.615376856356367469e+07
5.615348521912920475e+07
5.615335258143779635e+07
5.615304672938892245e+07
5.615247703844919801e+07
5.615194706156059355e+07
5.615126482685122639e+07
5.615051532647216320e+07
5.614951721597062051e+07
5.614829067066556215e+07
5.614680194802756608e+07
5.614525156645262986e+07
5.614406623390927166e+07
5.614356627396000922e+07
5.614380439624788612e+07
5.614492221296715736e+07
5.614673802126967162e+07
5.614889275714875758e+07
5.615092363047488779e+07
5.615234010137616843e+07
5.615298266777204722e+07
5.615330306853056699e+07
5.615335513793628663e+07
5.615314562128543109e+07
5.615284110922640562e+07
5.615267468523877859e+07
5.615252823739697039e+07
5.615279339159209281e+07
5.615358520113297552e+07
5.615436135836328566e+07
5.615456052983088046e+07
5.615396742082081735e+07
5.615308104482479393e+07
5.615202450271993130e+07
5.615086213238319010e+07
5.614963073929008842e+07
5.614869756262965500e+07
5.614811425171872228e+07
5.614763993366322666e+07
5.614766618510945141e+07
5.614815821044647694e+07
5.614928668412447721e+07
5.615091368350087851e+07
5.615264682236526906e+07
5.615413383799339831e+07
5.615480600911822170e+07
5.615477583968840539e+07
5.615461158944441378e+07
5.615427794553437829e+07
5.615376472576769441e+07
5.615336434027241170e+07
5.615342238288009912e+07
5.615403509546625614e+07
5.615516521500952542e+07
5.615611064216069877e+07
5.615572251029758155e+07
5.615433322044047713e+07
5.615267472348178178e+07
5.615143691222944111e+07
5.615007063787200302e+07
5.614789663982293010e+07
5.614547210432714224e+07
5.614340447449196130e+07
5.614197953929732740e+07
5.614143022566883266e+07
5.614167688948033005e+07
5.614290912062140554e+07
5.614552939866711199e+07
5.614840841570772976e+07
5.615066457446917146e+07
5.615098085609696060e+07
5.615019547466180474e+07
5.614884420697712153e+07
5.614714499441268295e+07
5.614590786624444276e+07
5.614527917090266198e+07
5.614533543779322505e+07
5.614636947394242138e+07
5.614810668021918088e+07
5.615053475201299787e+07
5.615255509854163975e+07
5.615353287920473516e+07
5.615330089587651193e+07
5.615213691233760118e+07
5.615061029574573785e+07
5.614914207507131994e+07
5.614796408792488277e+07
5.614731374685776234e+07
5.614724144924690574e+07
5.614811302502981573e+07
5.614976025000672042e+07
5.615184452200073004e+07
5.615409681673290581e+07
5.615582568015409261e+07
5.615680428857883066e+07
5.615733678996012360e+07
5.615688255436124653e+07
5.615584393436510116e+07
5.615474904902848601e+07
5.615397852037642151e+07
5.615376398363897949e+07
5.615446318876372278e+07
5.615574202514711022e+07
5.615705733514028788e+07
5.615759744780417532e+07
5.615766902741163224e+07
5.615757449880080670e+07
5.615683312771018595e+07
5.615534499742099643e+07
5.615337555717325956e+07
5.615112304614870995e+07
5.614886615942228585e+07
5.614715270511975884e+07
5.614673308319283277e+07
5.614773676499589533e+07
5.614951651694483310e+07
5.615102890416457504e+07
5.615231449252137542e+07
5.615334854883175343e+07
5.615388663221240789e+07
5.615358533058568835e+07
5.615285780510555953e+07
5.615177431025169790e+07
5.615071059001988918e+07
5.615003343773230910e+07
5.615007558516766131e+07
5.615044499873947352e+07
5.615100869325143099e+07
5.615191982479727268e+07
5.615289725272724032e+07
5.615288966957663745e+07
5.615191169607992470e+07
5.615080865533538163e+07
5.614983782666001469e+07
5.614878458086147904e+07
5.614739570731112361e+07
5.614571970903173834e+07
5.614413371702054888e+07
5.614315689006152004e+07
5.614331538500485569e+07
5.614379427886687964e+07
5.614464966656837612e+07
5.614542397414744645e+07
5.614597554498296231e+07
5.614668276080468297e+07
5.614734728937128186e+07
5.614746509635248780e+07
5.614714513449970633e+07
5.614685620842953026e+07
5.614652672935602069e+07
5.614634167608773708e+07
5.614654906723333150e+07
5.614754242243261635e+07
5.614874831795720011e+07
5.614973554804015905e+07
5.615018237292108685e+07
5.615022927556916326e+07
5.615023034892168641e+07
5.614960905376135558e+07
5.614824127609841526e+07
5.614706970941075683e+07
5.614662637846844643e+07
5.614709420292038471e+07
5.614890822511912137e+07
5.615071418473119289e+07
5.615285198381560296e+07
5.615412592602284253e+07
5.615436100337032229e+07
5.615353616682628542e+07
5.615189656160838902e+07
5.615006110348135978e+07
5.614876433368621767e+07
5.614738993514750898e+07
5.614586127727644891e+07
5.614521438431129605e+07
5.614604734208947420e+07
5.614769876578312367e+07
5.614981536602697521e+07
5.615211852821769565e+07
5.615383365884920210e+07
5.615451476380732656e+07
5.615390433624096960e+07
5.615258863752026111e+07
5.615128600403459370e+07
5.614990665591019392e+07
5.614840024588839710e+07
5.614746563770139962e+07
5.614712531000355631e+07
5.614761972181636840e+07
5.614920625946825743e+07
5.615124588537588716e+07
5.615277038448140770e+07
5.615275801572522521e+07
5.615098543216479570e+07
5.614854855623185635e+07
5.614576847320953012e+07
5.614348124939829111e+07
5.614207645776433498e+07
5.614159243053756654e+07
5.614189703699440509e+07
5.614291482438438386e+07
5.614392474633891135e+07
5.614477495564021170e+07
5.614557660095763206e+07
5.614633085939964652e+07
5.614659889795349538e+07
5.614716252466651052e+07
5.614730810577812046e+07
5.614700528353238106e+07
5.614596760090681165e+07
5.614729937134262174e+07
5.614540659633759409e+07
5.614640238996112347e+07
5.614712023349878937e+07
5.614863012345530093e+07
5.614970643573503196e+07
5.615012833723884821e+07
5.614893529597272724e+07
5.614694693857693672e+07
5.614473210723906010e+07
5.614314988043064624e+07
5.614157260248101503e+07
5.614026117748760432e+07
5.613942543496464193e+07
5.613956778950291127e+07
5.614035799286438525e+07
5.614184963402903825e+07
5.614391404767896980e+07
5.614599315067179501e+07
5.614723949734536558e+07
5.614778167810253799e+07
5.614802108756267279e+07
5.614820745462836325e+07
5.614848074748521298e+07
5.614920705575539917e+07
5.615017381349587440e+07
5.615148877518384159e+07
5.615251913603220135e+07
5.615304490373654664e+07
5.615350254080794752e+07
5.615348392799698561e+07
5.615254387463665009e+07
5.615075613373220712e+07
5.614891348145890236e+07
5.614754242246138304e+07
5.614632147752135992e+07
5.614480735928456485e+07
5.614396627672893554e+07
5.614399202913597971e+07
5.614453368647389114e+07
5.614511525102733076e+07
5.614538177176799625e+07
5.614562900623101741e+07
5.614550461133839935e+07
5.614477671389822662e+07
5.614390828271567076e+07
5.614376436979844421e+07
5.614428271356696635e+07
5.614513349096442014e+07
5.614570833233863860e+07
5.614576834659844637e+07
5.614594022501992434e+07
5.614669512236900628e+07
5.614756704320995510e+07
5.614781467878646404e+07
5.614763706127600372e+07
5.614699532104005665e+07
5.614553333307132870e+07
5.614382696682696044e+07
5.614215440981298685e+07
5.614057253813504428e+07
5.613962475779752433e+07
5.613910613311032951e+07
5.613865172394468635e+07
5.613846223374600708e+07
5.613886686294893920e+07
5.613963895431905985e+07
5.614071962218852341e+07
5.614203151238920540e+07
5.614318174510955811e+07
5.614398786206998676e+07
5.614471883287455887e+07
5.614522152381328493e+07
5.614573602223529667e+07
5.614605177766352147e+07
5.614622810181201994e+07
5.614636996234092861e+07
5.614687712118624151e+07
5.614761949514564127e+07
5.614825862600992620e+07
5.614840656147263944e+07
5.614815730583728105e+07
5.614748857634903491e+07
5.614686757095143944e+07
5.614608597046587616e+07
5.614536822184457630e+07
5.614459858123719692e+07
5.614435617870857567e+07
5.614423284011288732e+07
5.614456188845820725e+07
5.614484646330942959e+07
5.614544507768323272e+07
5.614600465980905294e+07
5.614713117659467459e+07
5.614763898909268528e+07
5.614884423558562249e+07
