2.545334826791137457e+07
2.545488734520917758e+07
2.545462094253432378e+07
2.545480796889040619e+07
2.545425844891607761e+07
2.545417219291663170e+07
2.545406985927063227e+07
2.545399754807331786e+07
2.545353160350332782e+07
2.545364885253164172e+07
2.545353942028287426e+07
2.545337336889794096e+07
2.545291751449890435e+07
2.545213765536908433e+07
2.545077690027549490e+07
2.544935186442264169e+07
2.544765861891483888e+07
2.544614777364372835e+07
2.544489499085120857e+07
2.544435953126743063e+07
2.544418371814722568e+07
2.544479750695326552e+07
2.544595464577220380e+07
2.544775824571166560e+07
2.544963399682343379e+07
2.545147483536944911e+07
2.545293898659903556e+07
2.545389683415632322e+07
2.545433237652532011e+07
2.545428451861016080e+07
2.545401533854443207e+07
2.545384204743320867e+07
2.545363947223226354e+07
2.545378912348972633e+07
2.545408798014304787e+07
2.545454708324870840e+07
2.545490385711627826e+07
2.545467650753208622e+07
2.545393570402346924e+07
2.545268800715875998e+07
2.545081476254969090e+07
2.544854859487619996e+07
2.544634887603934854e+07
2.544462365833653510e+07
2.544366270388151705e+07
2.544371840162116662e+07
2.544481227681430802e+07
2.544651907168206573e+07
2.544842189198900387e+07
2.545056176627240330e+07
2.545245650579764694e+07
2.545396526757089049e+07
2.545478880130817741e+07
2.545457642303527892e+07
2.545385800853612646e+07
2.545283662611958012e+07
2.545168427552261576e+07
2.545086407659275830e+07
2.545081074665872753e+07
2.545130595224636048e+07
2.545186196099770069e+07
2.545222014846378565e+07
2.545226371349070966e+07
2.545212945237597823e+07
2.545146372018132731e+07
2.544949724117382616e+07
2.544675233240186051e+07
2.544422503988441080e+07
2.544219392232456058e+07
2.544104249859968945e+07
2.544125800918917730e+07
2.544270416521050781e+07
2.544487819589595497e+07
2.544730137208934501e+07
2.544964577016434819e+07
2.545137928202139959e+07
2.545274166468156502e+07
2.545333913062227890e+07
2.545258436114768311e+07
2.545107396247654408e+07
2.544967592137290910e+07
2.544862530035824701e+07
2.544807284670516849e+07
2.544830660920342430e+07
2.544935088776436076e+07
2.545064827214632183e+07
2.545166098449699953e+07
2.545192154039490223e+07
2.545152166964654252e+07
2.545044545015538484e+07
2.544847300127878040e+07
2.544584736539242044e+07
2.544332480282258615e+07
2.544130978368468583e+07
2.544052159662618488e+07
2.544109510635063052e+07
2.544298769114628434e+07
2.544536072798752785e+07
2.544793648729936033e+07
2.545022889088586718e+07
2.545214451082906872e+07
2.545331986628536507e+07
2.545286721903419122e+07
2.545136895803179219e+07
2.544942056708126143e+07
2.544777061859279871e+07
2.544693257118662447e+07
2.544714959566932544e+07
2.544855301601873711e+07
2.545066760312681645e+07
2.545275985124050453e+07
2.545446195846771076e+07
2.545517141370835900e+07
2.545448312032014877e+07
2.545241056835569069e+07
2.544922261652428657e+07
2.544583507436722144e+07
2.544286120958250389e+07
2.544092713430285826e+07
2.544060339778592065e+07
2.544174407476768643e+07
2.544401337427564338e+07
2.544684897945243493e+07
2.544949498834161088e+07
2.545187203759808838e+07
2.545329441106577590e+07
2.545316893986929581e+07
2.545171958327845111e+07
2.544970455953992903e+07
2.544759290483108908e+07
2.544622446669379994e+07
2.544603689165201038e+07
2.544687062822884694e+07
2.544840511937418580e+07
2.545058844184489176e+07
2.545238193026280403e+07
2.545350384759868309e+07
2.545341410194749385e+07
2.545207241526150331e+07
2.544946265090717375e+07
2.544626004129172117e+07
2.544318816960133612e+07
2.544098627873522043e+07
2.544026874719756842e+07
2.544094312470701709e+07
2.544261748495268449e+07
2.544554067437520623e+07
2.544873824340526015e+07
2.545160205843341723e+07
2.545363146690972894e+07
2.545440907007449493e+07
2.545368078135550022e+07
2.545183088634506240e+07
2.544938724075348675e+07
2.544740548093104362e+07
2.544606060991373658e+07
2.544590512176248804e+07
2.544712040874006972e+07
2.544914290276366845e+07
2.545146408366409317e+07
2.545354075674042478e+07
2.545460417218524218e+07
2.545431837678821385e+07
2.545256114947384223e+07
2.544998128155424073e+07
2.544706008652848750e+07
2.544429514205915481e+07
2.544238144652554020e+07
2.544154732912198454e+07
2.544207544784427062e+07
2.544391065966645628e+07
2.544672714762184024e+07
2.544955890122472495e+07
2.545152751325775683e+07
2.545237545885484666e+07
2.545214226636548713e+07
2.545081650951725617e+07
2.544833715964908525e+07
2.544568160117252916e+07
2.544371590781227872e+07
2.544297530143915489e+07
2.544366565912754834e+07
2.544568997408160567e+07
2.544821235371406749e+07
2.545070900789001212e+07
2.545261712471607700e+07
2.545356703668570146e+07
2.545343567627209425e+07
2.545225146313491836e+07
2.545029964701830968e+07
2.544814853807852790e+07
2.544608505466262624e+07
2.544579027444617450e+07
2.544532649811616167e+07
2.544677008301828057e+07
2.544892943994554132e+07
2.545125256247915700e+07
2.545329870971068740e+07
2.545440718606702238e+07
2.545440743970966712e+07
2.545296333907324821e+07
2.545012784543592483e+07
2.544704215875757113e+07
2.544411170628152788e+07
2.544223017580809072e+07
2.544182123964218795e+07
2.544305127251583710e+07
2.544543475727316365e+07
2.544823424541791901e+07
2.545062194982210919e+07
2.545229472401233017e+07
2.545247045883816108e+07
2.545168177899698541e+07
2.545014805894315988e+07
2.544774799607251957e+07
2.544531142215214297e+07
2.544349967368637770e+07
2.544315423253744841e+07
2.544418834368031099e+07
2.544632584256558493e+07
2.544907334373644367e+07
2.545122031993735209e+07
2.545282800798220560e+07
2.545334579392976314e+07
2.545280082783301547e+07
2.545085377293062583e+07
2.544864838929951563e+07
2.544579000339466333e+07
2.544330917608264089e+07
2.544161821325690299e+07
2.544178825956114754e+07
2.544328258585552871e+07
2.544595168727003038e+07
2.544826771417237818e+07
2.545026167543102801e+07
2.545135806272595376e+07
2.545242375083246827e+07
2.545222999244159833e+07
2.545168535166448355e+07
2.544959785995455831e+07
2.544880121325362846e+07
2.544771866550962254e+07
2.544777568122435361e+07
2.544862856313529983e+07
2.545022556350321695e+07
2.545184563619849086e+07
2.545321112439355254e+07
2.545361226264080405e+07
2.545320406658533588e+07
2.545204463271080330e+07
2.545046159916102514e+07
2.544798490666157752e+07
2.544557403449865058e+07
2.544353067720760778e+07
2.544269519075243920e+07
2.544297485666527227e+07
2.544475480022796988e+07
2.544701132344144583e+07
2.544868481080031022e+07
2.544990727954636142e+07
2.545067973841756582e+07
2.545097387849635258e+07
2.545076673243659362e+07
2.545017281768359616e+07
2.544955549663818628e+07
2.544912695164267346e+07
2.544914020892048627e+07
2.544952182467388362e+07
2.545054242747620121e+07
2.545210705931081623e+07
2.545331302680691704e+07
2.545410783521803096e+07
2.545425642550485954e+07
2.545335169480589777e+07
2.545197531219679117e+07
2.544998251303005219e+07
2.544754294970741495e+07
2.544511696992404014e+07
2.544346928643491864e+07
2.544282056276237592e+07
2.544314263926800713e+07
2.544412529001965374e+07
2.544563426967457309e+07
2.544706653981931880e+07
2.544852500468102843e+07
2.544973787684258819e+07
2.545075497763223201e+07
2.545083839637056366e+07
2.545027296479503438e+07
2.544967598361900449e+07
2.544919523380935937e+07
2.544937582718550786e+07
2.545012619521046057e+07
2.545095177681837603e+07
2.545189755509648100e+07
2.545258312761512399e+07
2.545287347408440337e+07
2.545275933142193034e+07
2.545222126102634147e+07
2.545150464767878503e+07
2.545053966369012371e+07
2.544943640634453669e+07
2.544808838942148909e+07
2.544690135824268311e+07
2.544606181052972749e+07
2.544574536493013054e+07
2.544582249342918396e+07
2.544634164481732994e+07
2.544719256379320472e+07
2.544814031822361797e+07
2.544928252105631679e+07
2.545036785682172701e+07
2.545120002034634724e+07
2.545166762678867206e+07
2.545165684812972322e+07
2.545176001851249114e+07
2.545183989278442040e+07
2.545196160415389389e+07
2.545210708718271181e+07
2.545236623265206441e+07
2.545243216621060297e+07
2.545219107065873966e+07
2.545184584996482730e+07
2.545135663881018385e+07
2.545040868174512312e+07
2.544905986945547536e+07
2.544759713870367780e+07
2.544602043824798241e+07
2.544451673232757673e+07
2.544355181954437122e+07
2.544323736433450505e+07
2.544371568880683556e+07
2.544453868149406090e+07
2.544568086363924667e+07
2.544687653022887558e+07
2.544843099945450574e+07
