6.094751911835382134e+07
6.094691238215409964e+07
6.094574443681439757e+07
6.094457882724377513e+07
6.094348002646611631e+07
6.094312759876830131e+07
6.094345908693990111e+07
6.094413354251781851e+07
6.094424318120890111e+07
6.094432260905911028e+07
6.094455811348057538e+07
6.094393612763663381e+07
6.094277510560061038e+07
6.094150242651008815e+07
6.094027402158059925e+07
6.093900378169006109e+07
6.093776891287028790e+07
6.093692632055607438e+07
6.093643917600792646e+07
6.093668586545233428e+07
6.093781145472510904e+07
6.093923538965999335e+07
6.094063975576844066e+07
6.094181695761339366e+07
6.094290453485248238e+07
6.094369214550680667e+07
6.094397232300027460e+07
6.094382061052429676e+07
6.094358902117112279e+07
6.094323013422496617e+07
6.094300155050420016e+07
6.094288889717260748e+07
6.094296021502280235e+07
6.094296834663651139e+07
6.094263951668057591e+07
6.094194503159934282e+07
6.094106659829924256e+07
6.094022166974401474e+07
6.093929264483471215e+07
6.093811945256553590e+07
6.093688115180369467e+07
6.093586692892450094e+07
6.093513382245896757e+07
6.093498141876060516e+07
6.093553696482049674e+07
6.093630031293287873e+07
6.093741351020985097e+07
6.093875095324748009e+07
6.094000819789720327e+07
6.094095382464432716e+07
6.094178121236439794e+07
6.094224452585391700e+07
6.094223352494792640e+07
6.094194292935270071e+07
6.094155573516768217e+07
6.094125019101551175e+07
6.094109275997074693e+07
6.094108490186712891e+07
6.094124953349004686e+07
6.094131246551963687e+07
6.094107821709817648e+07
6.094073476438952237e+07
6.094022135975382477e+07
6.093926670509424061e+07
6.093811587277624756e+07
6.093718387948057801e+07
6.093631404116406292e+07
6.093566568349646032e+07
6.093563162455761433e+07
6.093608490358035266e+07
6.093702151595505327e+07
6.093833899605847895e+07
6.093980285339731723e+07
6.094094020158936083e+07
6.094184738795854896e+07
6.094272833994159102e+07
6.094317742654529959e+07
6.094306050230534375e+07
6.094248820737899840e+07
6.094203481737537682e+07
6.094232689061360806e+07
6.094306660093759000e+07
6.094397509378968179e+07
6.094459290522395074e+07
6.094469305533572286e+07
6.094446792305065691e+07
6.094407656784693897e+07
6.094325769392231852e+07
6.094193869134690613e+07
6.094036730037521571e+07
6.093874214942793548e+07
6.093801290131863952e+07
6.093862170780650526e+07
6.093898305450703949e+07
6.093962727835961431e+07
6.094144670805507153e+07
6.094393949713985622e+07
6.094659479264943302e+07
6.094935347094457597e+07
6.095092524158133566e+07
6.095157112804874033e+07
6.095124835350228846e+07
6.095047995951140672e+07
6.094957185536187142e+07
6.094917188652589917e+07
6.094948194083452970e+07
6.095073918528320640e+07
6.095174026618301123e+07
6.095181101851179451e+07
6.095128109597646445e+07
6.095054590875618160e+07
6.094932856763519347e+07
6.094780364765736461e+07
6.094573192028547078e+07
6.094369168581477553e+07
6.094248886185561866e+07
6.094159271540532261e+07
6.094062159244585037e+07
6.094046607931011915e+07
6.094211527678379416e+07
6.094498193352527171e+07
6.094799181179735065e+07
6.095009683452361077e+07
6.095094687226556242e+07
6.095088748641331494e+07
6.094977056762573868e+07
6.094910823841993511e+07
6.094875892964864522e+07
6.094832411496878415e+07
6.094796516748929769e+07
6.094799720658645034e+07
6.094886951736785471e+07
6.095017610664659739e+07
6.095087315185655653e+07
6.095133270039603859e+07
6.095185762244299054e+07
6.095165460555934906e+07
6.095077401546448469e+07
6.094921813349464536e+07
6.094669971429368109e+07
6.094424858853891492e+07
6.094216845401363820e+07
6.094110590452291816e+07
6.094111857635159045e+07
6.094270680161046237e+07
6.094473583619713783e+07
6.094586444626637548e+07
6.094627396845849603e+07
6.094588787030414492e+07
6.094546238412504643e+07
6.094481201026194543e+07
6.094472973408520222e+07
6.094413122010915726e+07
6.094284075107568502e+07
6.094178600597900897e+07
6.094160895122739673e+07
6.094259430699423701e+07
6.094485591515359282e+07
6.094735794594783336e+07
6.094880034540948272e+07
6.094881585872253031e+07
6.094763010703846067e+07
6.094569253988695890e+07
6.094318141729455441e+07
6.094117376474364847e+07
6.094051107506771386e+07
6.094081483087615669e+07
6.094155615108296275e+07
6.094229090808957070e+07
6.094354465731339157e+07
6.094508192016839981e+07
6.094676965506940335e+07
6.094804216098360717e+07
6.094810687413380295e+07
6.094722166868095100e+07
6.094552919151192158e+07
6.094342073759628087e+07
6.094143187448956817e+07
6.094006099777924269e+07
6.093956287822251767e+07
6.094022131722842157e+07
6.094201289243332297e+07
6.094461930751767009e+07
6.094733795175890625e+07
6.094949567314123362e+07
6.095067789261473715e+07
6.095041343984304368e+07
6.094900700354737788e+07
6.094659429493225366e+07
6.094433183397813141e+07
6.094206764294848591e+07
6.094074485967878252e+07
6.094163950060386211e+07
6.094130663446738571e+07
6.094322289625045657e+07
6.094449146073958278e+07
6.094536258732724935e+07
6.094560977063903213e+07
6.094507057508079708e+07
6.094420071256875247e+07
6.094393807318889350e+07
6.094290144788602740e+07
6.094131225856468827e+07
6.093965753972689062e+07
6.093816622011356056e+07
6.093786061891304702e+07
6.093931163221839070e+07
6.094169077712029964e+07
6.094458963705176860e+07
6.094711080625454336e+07
6.094836155159806460e+07
6.094779309687764198e+07
6.094687682636293024e+07
6.094511618554592878e+07
6.094351131246668845e+07
6.094329343600356579e+07
6.094368692074588686e+07
6.094397435285200924e+07
6.094496565372392535e+07
6.094661944955287129e+07
6.094857239904716611e+07
6.095010377009218186e+07
6.095064560192868114e+07
6.094983003535663337e+07
6.094827895051244646e+07
6.094611733122924715e+07
6.094414784503374994e+07
6.094255158341704309e+07
6.094195451379711181e+07
6.094266410658867657e+07
6.094430130453705043e+07
6.094615357124856114e+07
6.094751321324736625e+07
6.094887344435677677e+07
6.094988851530546695e+07
6.094991780608519912e+07
6.094931200212948024e+07
6.094857092598544061e+07
6.094784966136813164e+07
6.094698211334176362e+07
6.094301112133654207e+07
6.094626840679480880e+07
6.094501307062615454e+07
6.094569614048516750e+07
6.094549951679681242e+07
6.094539391447835416e+07
6.094457327764748782e+07
6.094407337894384563e+07
6.094287996310059726e+07
6.094168830142530054e+07
6.094018728880892694e+07
6.093928868077540398e+07
6.093862656410367042e+07
6.093843547431764752e+07
6.093865509117088467e+07
6.093948761832680553e+07
6.094051024864347279e+07
6.094151673494250327e+07
6.094189133978887647e+07
6.094170496980921179e+07
6.094106842937835306e+07
6.094111255314779282e+07
6.094170315135913342e+07
6.094240069451355189e+07
6.094234362042155117e+07
6.094235935065239668e+07
6.094336026211906970e+07
6.094464766733467579e+07
6.094630668734181672e+07
6.094794782832146436e+07
6.094783706925773621e+07
6.094640430408684909e+07
6.094419868383288383e+07
6.094185642468909919e+07
6.093960851426551491e+07
6.093748670947981626e+07
6.093603789746705443e+07
6.093543988223993033e+07
6.093532192204432189e+07
6.093567490263663232e+07
6.093661075772942603e+07
6.093832328821238130e+07
6.093990546411197633e+07
6.094144593947894871e+07
6.094212711110077798e+07
6.094202955999277532e+07
6.094171308890383691e+07
6.094132794098864496e+07
6.094098346257873625e+07
6.094078651066053659e+07
6.094076400249417871e+07
6.094093665221934766e+07
6.094133519107121974e+07
6.094184501345904171e+07
6.094232355762149394e+07
6.094247394837238640e+07
6.094226473630537838e+07
6.094143924191392958e+07
6.094064924786932766e+07
6.094017341493912041e+07
6.093966524999637902e+07
6.093934412944512069e+07
6.093901419764886051e+07
6.093850689775222540e+07
6.093830442195971310e+07
6.093839631550478190e+07
6.093874602579138428e+07
6.093936936748099327e+07
6.094015882190604508e+07
6.094042289562473446e+07
6.094034672855039686e+07
6.094050952610640228e+07
6.094099074843357503e+07
6.094187583511286229e+07
6.094322136660511792e+07
6.094445559451421350e+07
6.094523076037427038e+07
6.094587588141309470e+07
6.094651478902846575e+07
6.094635477282242477e+07
6.094582399822495878e+07
6.094470768635649234e+07
6.094327581290100515e+07
6.094137026271554083e+07
6.093944893954674900e+07
6.093735757522821426e+07
6.093598848357827216e+07
6.093538605485259742e+07
6.093575851110117137e+07
6.093594843878905475e+07
6.093712856126801670e+07
6.093803360122175515e+07
6.093922993907387555e+07
6.093960656461138278e+07
6.094030668153046072e+07
6.093944351323914528e+07
