5.556938964723436534e+07
5.556885373322000355e+07
5.556801295162358135e+07
5.556789388940454274e+07
5.556770981155478954e+07
5.556786846605312079e+07
5.556802879568151385e+07
5.556814020244774222e+07
5.556806256373603642e+07
5.556784731544911116e+07
5.556737944366727769e+07
5.556658853113108873e+07
5.556550694324920326e+07
5.556446053789678961e+07
5.556329710025481880e+07
5.556217230418843031e+07
5.556114349489954114e+07
5.556040764006499201e+07
5.555999287798623741e+07
5.556010526263095438e+07
5.556080082913329452e+07
5.556176672883883864e+07
5.556292560594919324e+07
5.556425486047112942e+07
5.556551780512655526e+07
5.556653239677885920e+07
5.556717866093681753e+07
5.556760479474761337e+07
5.556778073072072864e+07
5.556774124012705684e+07
5.556774809422841668e+07
5.556777914880332351e+07
5.556782834735695273e+07
5.556790137380333245e+07
5.556798859960932285e+07
5.556772724220649153e+07
5.556714558699108660e+07
5.556639489884490520e+07
5.556537070732311904e+07
5.556401553955358267e+07
5.556252382021025568e+07
5.556118247156147659e+07
5.556014693157871813e+07
5.555962480956902355e+07
5.555986495580112189e+07
5.556065128823308647e+07
5.556196803964190930e+07
5.556364359613589942e+07
5.556536488183055073e+07
5.556685408702025563e+07
5.556792725310921669e+07
5.556845942866504192e+07
5.556858126271011680e+07
5.556838504900999367e+07
5.556805075832978636e+07
5.556774163901167363e+07
5.556767531883631647e+07
5.556791117490808666e+07
5.556842889464765042e+07
5.556887214309807122e+07
5.556897498950268328e+07
5.556876442082721740e+07
5.556817830260242522e+07
5.556697248529274762e+07
5.556533065386796743e+07
5.556351068692001700e+07
5.556180968076248467e+07
5.556059664246180654e+07
5.556019599158939719e+07
5.556059417150911689e+07
5.556177286167352647e+07
5.556361988210492581e+07
5.556581601106470078e+07
5.556784977912124246e+07
5.556939411253192276e+07
5.557032301040625572e+07
5.557068736218223721e+07
5.557045502123823762e+07
5.556991975085483491e+07
5.556932056045386195e+07
5.556895052858964354e+07
5.556901608545216173e+07
5.556957213231456280e+07
5.557037176588312536e+07
5.557113369531528652e+07
5.557157308420059830e+07
5.557158138772284240e+07
5.557080795047096163e+07
5.556926750347775966e+07
5.556721841561809927e+07
5.556507890489921719e+07
5.556314330603037775e+07
5.556189240215823054e+07
5.556148789143345505e+07
5.556207118492498249e+07
5.556349701842413843e+07
5.556555068744684756e+07
5.556764576015775651e+07
5.556946557417193055e+07
5.557070288379303366e+07
5.557115678881876171e+07
5.557086621665534377e+07
5.557002652002663165e+07
5.556896703682353348e+07
5.556808637942841649e+07
5.556746954189836979e+07
5.556766202334655821e+07
5.556849659997184575e+07
5.556965074495943636e+07
5.557092950730493665e+07
5.557167912182515115e+07
5.557155981599364430e+07
5.557058410155820101e+07
5.556877080689939857e+07
5.556635459410921484e+07
5.556368189883525670e+07
5.556163459376472980e+07
5.556048163272322714e+07
5.556032443403321505e+07
5.556131041786767542e+07
5.556319230905673653e+07
5.556547770589344203e+07
5.556763374249318987e+07
5.556936439945387095e+07
5.557028144402290136e+07
5.557022767227784544e+07
5.556940067216955870e+07
5.556815494755822420e+07
5.556680314200031757e+07
5.556588170134548098e+07
5.556583889037873596e+07
5.556662793653241545e+07
5.556797319965700805e+07
5.556970874222913384e+07
5.557142146553429961e+07
5.557223766519864649e+07
5.557203792488195002e+07
5.557069182795435935e+07
5.556858036737468839e+07
5.556591405471460521e+07
5.556352601750595123e+07
5.556178457037875056e+07
5.556105825132493675e+07
5.556147631454283744e+07
5.556313789148392528e+07
5.556545460247766227e+07
5.556784008771760762e+07
5.556991799545028061e+07
5.557121909919486940e+07
5.557142884031268209e+07
5.557064862472065538e+07
5.556917773570092767e+07
5.556738214394065738e+07
5.556570591846323758e+07
5.556494475735128671e+07
5.556522804040387273e+07
5.556637407478428632e+07
5.556831184764973819e+07
5.557056752880547941e+07
5.557227302192756534e+07
5.557301600290128589e+07
5.557249364005286992e+07
5.557092264849720150e+07
5.556851550356705487e+07
5.556600653686327487e+07
5.556390649505741894e+07
5.556261361899607629e+07
5.556232953499206901e+07
5.556328216750839353e+07
5.556500283689709008e+07
5.556706931140625477e+07
5.556921579038103670e+07
5.557082768342760205e+07
5.557131136902923882e+07
5.557071589729500562e+07
5.556925979580801725e+07
5.556722376437329501e+07
5.556516825389357656e+07
5.556382736296328902e+07
5.556335789001184702e+07
5.556396223188084364e+07
5.556555563350400329e+07
5.556791718966183066e+07
5.557017500049649924e+07
5.557176013228491694e+07
5.557230636352723092e+07
5.557176096928443015e+07
5.557012835314831883e+07
5.556799954879415035e+07
5.556582174928568304e+07
5.556413719583641738e+07
5.556329291708949953e+07
5.556421970468155295e+07
5.556492838351353258e+07
5.556694538182199746e+07
5.556897248899552226e+07
5.557069290176572651e+07
5.557148724215131253e+07
5.557125756032276899e+07
5.557004451080290228e+07
5.556814945860031247e+07
5.556590248087500036e+07
5.556395247528339177e+07
5.556274799716092646e+07
5.556253692711888254e+07
5.556356921860593557e+07
5.556572897728639841e+07
5.556809262976603210e+07
5.557032334063162655e+07
5.557179178579352051e+07
5.557216338910630345e+07
5.557133883580385149e+07
5.556999275307279080e+07
5.556834744983772933e+07
5.556684668486808240e+07
5.556587437623439729e+07
5.556569171526667476e+07
5.556641883446238935e+07
5.556787803491549939e+07
5.556971519719113410e+07
5.557152642519126087e+07
5.557252559861824661e+07
5.557268142993041873e+07
5.557172747471199185e+07
5.556992502523329109e+07
5.556747012062334269e+07
5.556517246129575372e+07
5.556324713215897232e+07
5.556217301943227649e+07
5.556210996735130250e+07
5.556329648520398140e+07
5.556512733503743261e+07
5.556724369946694374e+07
5.556901665515007079e+07
5.557029169985215366e+07
5.557050501659792662e+07
5.557015190816548467e+07
5.556898018440538645e+07
5.556793161946113408e+07
5.556681115776327997e+07
5.556774569029556960e+07
5.556715745094793290e+07
5.556855903863812238e+07
5.557003092085463554e+07
5.557182243673478067e+07
5.557299786062683165e+07
5.557355554387547076e+07
5.557308394278261811e+07
5.557173501190785319e+07
5.556946057508001477e+07
5.556713762973619998e+07
5.556501858143155277e+07
5.556347324006459862e+07
5.556274175695188344e+07
5.556317793415363878e+07
5.556437009661478549e+07
5.556596747356040776e+07
5.556778589374404401e+07
5.556930042016548663e+07
5.557020354238337278e+07
5.557038321012894064e+07
5.557004770685310662e+07
5.556938995543476194e+07
5.556871657240022719e+07
5.556866557699520886e+07
5.556909560252135992e+07
5.556989271455884725e+07
5.557095813948636502e+07
5.557231909237018973e+07
5.557347099814496189e+07
5.557418218069010228e+07
5.557404878027285635e+07
5.557304212822078913e+07
5.557134162038766593e+07
5.556929504076500982e+07
5.556713933855827153e+07
5.556529331491876394e+07
5.556395079750861228e+07
5.556354140954966843e+07
5.556394403947298229e+07
5.556483735032452643e+07
5.556608032931753248e+07
5.556745017327336222e+07
5.556865643309473246e+07
5.556952061187376827e+07
5.556979201509489864e+07
5.556974196496730298e+07
5.556961943007367104e+07
5.556965675039331615e+07
5.556996599477499723e+07
5.557046786971830577e+07
5.557130362894127518e+07
5.557235918881378323e+07
5.557334197968795151e+07
5.557406952908815444e+07
5.557421373809802532e+07
5.557365229527705163e+07
5.557241901736414433e+07
5.557076563598693907e+07
5.556896054884486645e+07
5.556696261210707575e+07
5.556537811912494153e+07
5.556432323720272630e+07
5.556382758096106350e+07
5.556384915122242272e+07
5.556423942241616547e+07
5.556498642202223837e+07
5.556588496939849108e+07
5.556689376608366519e+07
5.556769558004820347e+07
5.556815072174227238e+07
5.556856220714629441e+07
5.556898665099103004e+07
5.556943987349617481e+07
5.556987404136771709e+07
5.557048009474445879e+07
5.557112909978632629e+07
5.557186522840868682e+07
5.557245602898063511e+07
5.557272087060926110e+07
5.557252258697737753e+07
5.557195885580211133e+07
5.557096074753290415e+07
5.556971754968965799e+07
5.556821433498083800e+07
5.556676334491365403e+07
5.556541702864392102e+07
5.556441838908457011e+07
5.556369868964363635e+07
5.556352849414602667e+07
5.556365166975515336e+07
5.556431311086069793e+07
5.556511110885834694e+07
5.556622775189162046e+07
5.556699034833348542e+07
5.556816616617882252e+07
