1.632251943272724375e+07
1.632390457421172410e+07
1.632432647370957956e+07
1.632480014323948324e+07
1.632485497417675517e+07
1.632524747331981175e+07
1.632561554777394421e+07
1.632583464356628805e+07
1.632581486505313404e+07
1.632554629390206747e+07
1.632496870708421990e+07
1.632408367424777523e+07
1.632280007639935613e+07
1.632166471424607933e+07
1.632045292922390439e+07
1.631931220882666484e+07
1.631843633738156222e+07
1.631796544001806714e+07
1.631789066705643013e+07
1.631824172491996363e+07
1.631904263542933203e+07
1.632008164825242013e+07
1.632127693631507084e+07
1.632265970895811543e+07
1.632372753275021911e+07
1.632456663586076349e+07
1.632514970018551312e+07
1.632571482950417511e+07
1.632594823612826318e+07
1.632584655238742009e+07
1.632573829835985042e+07
1.632579965679165535e+07
1.632586642958438024e+07
1.632578351609061845e+07
1.632570758108551614e+07
1.632535237277590483e+07
1.632475963500531204e+07
1.632401916224383563e+07
1.632301970143890753e+07
1.632180437320949137e+07
1.632036339532326348e+07
1.631908630541140772e+07
1.631792630185472779e+07
1.631738311138920486e+07
1.631774730096339993e+07
1.631858473914683051e+07
1.631983953151236288e+07
1.632148774597663060e+07
1.632309137481172755e+07
1.632435428221398406e+07
1.632530644864807092e+07
1.632574624426578730e+07
1.632592245114115812e+07
1.632569275709844381e+07
1.632528257147409581e+07
1.632483579250716791e+07
1.632473194150174223e+07
1.632504777121246792e+07
1.632560820282669924e+07
1.632606654792540334e+07
1.632581542688849196e+07
1.632531417912848666e+07
1.632448492395174690e+07
1.632298269523255154e+07
1.632095228672199510e+07
1.631895596414347924e+07
1.631729661352478340e+07
1.631627050949813612e+07
1.631621434241223522e+07
1.631701565665839426e+07
1.631837378102607466e+07
1.632029823257099092e+07
1.632245970389426313e+07
1.632430782841496356e+07
1.632558194350527599e+07
1.632628545002884790e+07
1.632643958100485429e+07
1.632602060070742667e+07
1.632521328415942751e+07
1.632454526805016398e+07
1.632408771199668013e+07
1.632416604924059473e+07
1.632486282383857481e+07
1.632572056907247193e+07
1.632654117146573588e+07
1.632699166076220013e+07
1.632652871853177063e+07
1.632491400457178429e+07
1.632231568213056400e+07
1.631937429988602363e+07
1.631651143413775973e+07
1.631418252595899068e+07
1.631291696113762259e+07
1.631278701543197595e+07
1.631382251391408220e+07
1.631562528040672839e+07
1.631793954867799953e+07
1.632014714584046230e+07
1.632171105732744373e+07
1.632282360059317946e+07
1.632326785335175693e+07
1.632283580612237193e+07
1.632204762300129049e+07
1.632114450569937192e+07
1.632059099439347163e+07
1.632038324762061611e+07
1.632092417720837519e+07
1.632195970517472364e+07
1.632305873177243583e+07
1.632408334632121585e+07
1.632463233968763612e+07
1.632435370881909132e+07
1.632317552194933407e+07
1.632117336901357584e+07
1.631862948109809123e+07
1.631611581203515828e+07
1.631430662283939868e+07
1.631363233564433083e+07
1.631398183963141590e+07
1.631564251176927984e+07
1.631820670917913690e+07
1.632079041354041174e+07
1.632291359510920011e+07
1.632463174260935187e+07
1.632514992226216383e+07
1.632464915920336358e+07
1.632343916732943989e+07
1.632182681031842344e+07
1.632042295253108814e+07
1.631952250184834376e+07
1.631970152467793040e+07
1.632076333801292069e+07
1.632247521569498070e+07
1.632419834822665155e+07
1.632589548630015925e+07
1.632666469294232316e+07
1.632613164007895999e+07
1.632425067020207271e+07
1.632145162749416381e+07
1.631835874454801530e+07
1.631580485671894811e+07
1.631418051408621669e+07
1.631364442654684000e+07
1.631434143868404068e+07
1.631628522390772402e+07
1.631892706753165275e+07
1.632154579541227967e+07
1.632370414300039969e+07
1.632491224108031578e+07
1.632503157882031426e+07
1.632413094286135212e+07
1.632258496467291936e+07
1.632066873966319859e+07
1.631915974767394364e+07
1.631862325665428862e+07
1.631897190659945272e+07
1.632027881383872405e+07
1.632242479844009690e+07
1.632472013273144886e+07
1.632630027598485537e+07
1.632679633110601455e+07
1.632614278333166614e+07
1.632452104461852275e+07
1.632207239494666643e+07
1.631951748446665891e+07
1.631743854707357287e+07
1.631622074915829487e+07
1.631631436107675545e+07
1.631780362207420729e+07
1.632005943824240007e+07
1.632249885516169108e+07
1.632487030241078325e+07
1.632626601599721983e+07
1.632642692575783655e+07
1.632551309323946014e+07
1.632394460699098743e+07
1.632174636185354367e+07
1.631959369224886410e+07
1.631825100769332238e+07
1.631783746802650392e+07
1.631864534232464805e+07
1.632043676277045161e+07
1.632289021998309530e+07
1.632522988959103450e+07
1.632668735376043990e+07
1.632692097895138338e+07
1.632607193632781878e+07
1.632431603019977547e+07
1.632215675504631549e+07
1.631999768761925586e+07
1.631842744765383936e+07
1.631791508258999884e+07
1.631891475459752232e+07
1.632024331616071984e+07
1.632261404623435251e+07
1.632483498034248687e+07
1.632651157676343992e+07
1.632704897297485918e+07
1.632643991061275266e+07
1.632473880140183121e+07
1.632245990755200014e+07
1.631998092085424811e+07
1.631816302242132276e+07
1.631722870484670065e+07
1.631719600391401537e+07
1.631855340578202717e+07
1.632099139584543556e+07
1.632346649384580366e+07
1.632533711392761581e+07
1.632645049944960326e+07
1.632645581354559213e+07
1.632506925967534259e+07
1.632330909386825189e+07
1.632144490794332325e+07
1.631992263714576326e+07
1.631896057887193188e+07
1.631917313897532411e+07
1.632038191446514800e+07
1.632222797752030753e+07
1.632461148699023202e+07
1.632664041465733573e+07
1.632768753293557838e+07
1.632756600002884679e+07
1.632636291714853980e+07
1.632435499077903479e+07
1.632162475945585966e+07
1.631908613592158258e+07
1.631714552803284861e+07
1.631631968528662436e+07
1.631678628713641874e+07
1.631841743445868045e+07
1.632064065215673111e+07
1.632275979422076233e+07
1.632417809271018766e+07
1.632512827333636768e+07
1.632507959623750858e+07
1.632454326056270674e+07
1.632316450980092771e+07
1.632184068505318835e+07
1.632043948412527516e+07
1.632047776195762679e+07
1.632079160038482957e+07
1.632211640050366335e+07
1.632389774989168346e+07
1.632570066848502122e+07
1.632689118465660512e+07
1.632728128520821594e+07
1.632645875484045967e+07
1.632463216769311763e+07
1.632217910004092380e+07
1.631975384683507122e+07
1.631761498396332562e+07
1.631589306954512000e+07
1.631522731030388549e+07
1.631591867582438327e+07
1.631740561397241428e+07
1.631946573300463893e+07
1.632161656566745602e+07
1.632332366076737270e+07
1.632405999126131460e+07
1.632388595657928474e+07
1.632321372172621451e+07
1.632223499936432019e+07
1.632132378571840189e+07
1.632128511477173679e+07
1.632176540306914039e+07
1.632257351924053766e+07
1.632395077158980072e+07
1.632560586538273469e+07
1.632693428396383300e+07
1.632768271225974336e+07
1.632725202327106521e+07
1.632590191372114234e+07
1.632388588485921547e+07
1.632155045109143481e+07
1.631923756827870943e+07
1.631735092397994734e+07
1.631590820031927712e+07
1.631555840979532897e+07
1.631613766747228429e+07
1.631755389528237842e+07
1.631912486941246875e+07
1.632081443492471613e+07
1.632205347990084626e+07
1.632293246255938336e+07
1.632313222940181568e+07
1.632277620573759079e+07
1.632249784930915013e+07
1.632249331918600015e+07
1.632300153222890757e+07
1.632395833496450074e+07
1.632523545166919567e+07
1.632657374629755691e+07
1.632757963271000423e+07
1.632796100953298807e+07
1.632777168742586672e+07
1.632702571453356557e+07
1.632557132567877695e+07
1.632356013153202832e+07
1.632156631956400909e+07
1.631950755051564239e+07
1.631788161549902521e+07
1.631708742569375038e+07
1.631694088854996674e+07
1.631730447180403769e+07
1.631773240650730208e+07
1.631837053932764940e+07
1.631908508300773986e+07
1.631985537624348141e+07
1.632026102217711508e+07
1.632057983991074003e+07
1.632109566125323437e+07
1.632166609118619934e+07
1.632238487902182713e+07
1.632311391142097674e+07
1.632383143774734065e+07
1.632446177551843598e+07
1.632536551922934875e+07
1.632566563751912303e+07
1.632546594879519939e+07
1.632494188117504492e+07
1.632411979464480095e+07
1.632297554550454021e+07
1.632168432537896559e+07
1.632033973121105693e+07
1.631894296367125213e+07
1.631784592443729006e+07
1.631715012516980246e+07
1.631646262087973021e+07
1.631624258208199032e+07
1.631651067571236566e+07
1.631724674497477151e+07
1.631794194899464026e+07
1.631848965745118819e+07
1.631918349331191368e+07
1.632004616454793140e+07
