1.420559495874554478e+07
1.420659058327764086e+07
1.420688927327226475e+07
1.420729302622192726e+07
1.420743400098059140e+07
1.420789589741101488e+07
1.420821704547074437e+07
1.420837761606307141e+07
1.420836858566265553e+07
1.420815075458301045e+07
1.420764346631893143e+07
1.420688742546431534e+07
1.420564833752944879e+07
1.420447126448887400e+07
1.420326696280468442e+07
1.420202134721217118e+07
1.420102289855529182e+07
1.420027099559783936e+07
1.419985204267980345e+07
1.420002218157490343e+07
1.420085256585308723e+07
1.420186049908869527e+07
1.420305578452827409e+07
1.420441739775574394e+07
1.420574069908409193e+07
1.420675808341315202e+07
1.420734671099923179e+07
1.420775450592067838e+07
1.420786977018166892e+07
1.420778388473145291e+07
1.420779870416129939e+07
1.420788645979667641e+07
1.420796131048724242e+07
1.420810414047100767e+07
1.420821884023251943e+07
1.420792941281707026e+07
1.420721612944181450e+07
1.420638685094602779e+07
1.420524559485606849e+07
1.420370863678936660e+07
1.420206710210568830e+07
1.420066149641667120e+07
1.419963635998807289e+07
1.419913413286735676e+07
1.419946880705972761e+07
1.420030836185038276e+07
1.420163762222363055e+07
1.420345289751878008e+07
1.420523416321330331e+07
1.420664888951465115e+07
1.420777883609618060e+07
1.420818809694144316e+07
1.420812125549945608e+07
1.420792684832927026e+07
1.420746510717128403e+07
1.420714030660377070e+07
1.420713689884949848e+07
1.420730889921814762e+07
1.420782098058423586e+07
1.420830733474575169e+07
1.420821971924667805e+07
1.420787193152292632e+07
1.420720855675723031e+07
1.420574869652391970e+07
1.420386327447920479e+07
1.420179729371496849e+07
1.419982903269669414e+07
1.419849883660797589e+07
1.419810007980199158e+07
1.419846743760263547e+07
1.419971733882589824e+07
1.420167346300558001e+07
1.420391352566973865e+07
1.420593668298856728e+07
1.420731509604685009e+07
1.420816977545112744e+07
1.420825565617280453e+07
1.420780207730298862e+07
1.420707462265218422e+07
1.420632638884690031e+07
1.420595492362659052e+07
1.420604245745182410e+07
1.420669374864907935e+07
1.420755086433090270e+07
1.420829768315318786e+07
1.420864792759639956e+07
1.420849358675289527e+07
1.420750419503298029e+07
1.420565632447789982e+07
1.420323967296017148e+07
1.420078656897323020e+07
1.419859550786450692e+07
1.419740428850532509e+07
1.419725574862431549e+07
1.419796833281945437e+07
1.419974155379235931e+07
1.420217758309086040e+07
1.420456920158997178e+07
1.420644349418969825e+07
1.420771160563953966e+07
1.420819755850067176e+07
1.420773569800613634e+07
1.420673619053939916e+07
1.420553640458638407e+07
1.420464104186000489e+07
1.420436011110374331e+07
1.420495142470135167e+07
1.420610089065869153e+07
1.420740994137822464e+07
1.420867613020624407e+07
1.420945174152969196e+07
1.420918842769973166e+07
1.420780547636783868e+07
1.420559783397345617e+07
1.420285483017763682e+07
1.420008172943596356e+07
1.419815031800485402e+07
1.419717969107647054e+07
1.419730021504643187e+07
1.419860156762159988e+07
1.420091750059317611e+07
1.420353174697533622e+07
1.420588744233056717e+07
1.420760806116694398e+07
1.420841784605387412e+07
1.420802622051632777e+07
1.420691716229432635e+07
1.420535968042447977e+07
1.420385746186595969e+07
1.420294376276997849e+07
1.420306787693676725e+07
1.420404008565315045e+07
1.420561950239454396e+07
1.420753177199335955e+07
1.420923324801924080e+07
1.421009130591537245e+07
1.420954209993399866e+07
1.420789834106102772e+07
1.420539871290405281e+07
1.420235845821269602e+07
1.419978785217601247e+07
1.419813314178823307e+07
1.419748607707615010e+07
1.419810102602108382e+07
1.420006935502946377e+07
1.420268159638553485e+07
1.420525353015244752e+07
1.420733476361923665e+07
1.420852941009593010e+07
1.420847524008693546e+07
1.420745327650137246e+07
1.420568350278835557e+07
1.420364320690705255e+07
1.420205622308313660e+07
1.420157662260148674e+07
1.420205819225139916e+07
1.420327296111315489e+07
1.420541338404133543e+07
1.420791252663211152e+07
1.420967845060550049e+07
1.421021252469800413e+07
1.420958773069184273e+07
1.420774092090902850e+07
1.420506510149439238e+07
1.420230062495469861e+07
1.420003050847911090e+07
1.419883249222271144e+07
1.419871965523134358e+07
1.420006048765015043e+07
1.420226014096191525e+07
1.420465626918959804e+07
1.420710506490635127e+07
1.420878714247328043e+07
1.420907851442749053e+07
1.420831768575641885e+07
1.420669833659714088e+07
1.420433428357416764e+07
1.420210756591070443e+07
1.420073279782571830e+07
1.420035170452001691e+07
1.420111288449501060e+07
1.420288756697020680e+07
1.420548522726914473e+07
1.420795297385569476e+07
1.420959856137610786e+07
1.421001247713829949e+07
1.420924904655881040e+07
1.420740492219340801e+07
1.420502506538628787e+07
1.420271347506017052e+07
1.420088122891712002e+07
1.420032424712322839e+07
1.420148821849856712e+07
1.420249526985720731e+07
1.420487466191140376e+07
1.420725090945811570e+07
1.420912129575558752e+07
1.420981518891717121e+07
1.420938682855799608e+07
1.420782682740957662e+07
1.420564285936103202e+07
1.420292666036173515e+07
1.420075595265090093e+07
1.419963758841370046e+07
1.419947514612392709e+07
1.420048607306956314e+07
1.420282503271518461e+07
1.420539286315338872e+07
1.420772975337807089e+07
1.420921901570342109e+07
1.420930265869041532e+07
1.420821064973663911e+07
1.420667846731992438e+07
1.420480157601496205e+07
1.420298502727938071e+07
1.420195261458367109e+07
1.420213657503508776e+07
1.420323039726615138e+07
1.420494789207158610e+07
1.420701644431085885e+07
1.420908554514411651e+07
1.421014957817922346e+07
1.421010615195304714e+07
1.420894216089212708e+07
1.420685417807273567e+07
1.420414862447994202e+07
1.420162527212490328e+07
1.419958272282336652e+07
1.419863662049481645e+07
1.419886151855318807e+07
1.420033208376220614e+07
1.420258922520641051e+07
1.420498073599261977e+07
1.420694842858186364e+07
1.420815402363521047e+07
1.420811257527076453e+07
1.420740629382576607e+07
1.420617114228875935e+07
1.420485436322118714e+07
1.420360630164073966e+07
1.420438710691959597e+07
1.420416110099263862e+07
1.420565684239844792e+07
1.420729679353855923e+07
1.420919202914845757e+07
1.421049403701734729e+07
1.421099168551746011e+07
1.421014617990947701e+07
1.420843983745297790e+07
1.420588416611423157e+07
1.420334871224614792e+07
1.420110174102299847e+07
1.419936929260365665e+07
1.419869408621479198e+07
1.419931377944987454e+07
1.420065206385378726e+07
1.420253863015059009e+07
1.420458169240734167e+07
1.420615824122477137e+07
1.420695300591062941e+07
1.420690873814527877e+07
1.420643838036793098e+07
1.420561808355689421e+07
1.420472156558117084e+07
1.420460924528554268e+07
1.420515533536955900e+07
1.420597755907947756e+07
1.420731250218370557e+07
1.420883889590032026e+07
1.421008878692056797e+07
1.421090118672941625e+07
1.421062361244037189e+07
1.420925995383993350e+07
1.420739099240205251e+07
1.420512390270996094e+07
1.420271327201493457e+07
1.420068237782245688e+07
1.419922590536559001e+07
1.419889268226994015e+07
1.419949064518855885e+07
1.420054500813075528e+07
1.420196573732745647e+07
1.420350185867616348e+07
1.420469272087800875e+07
1.420542760552714393e+07
1.420560513590915129e+07
1.420534191262774356e+07
1.420517682047190890e+07
1.420516742944456078e+07
1.420546911769211665e+07
1.420610293560066633e+07
1.420699362342877127e+07
1.420812423503938317e+07
1.420917932451156899e+07
1.420990465900205635e+07
1.421000061722590029e+07
1.420937612774345838e+07
1.420791609729042649e+07
1.420620086184395291e+07
1.420437316982954927e+07
1.420234608325152099e+07
1.420062309325659089e+07
1.419962948789075390e+07
1.419922058460330404e+07
1.419933410487237759e+07
1.420004114631058276e+07
1.420100423976394907e+07
1.420213024915036000e+07
1.420327224634251557e+07
1.420406288180111162e+07
1.420440396268479712e+07
1.420482121585161425e+07
1.420524571001236513e+07
1.420565350259954296e+07
1.420608598225781508e+07
1.420670969189950265e+07
1.420737710829092562e+07
1.420815353071311675e+07
1.420884727454405092e+07
1.420906297057257779e+07
1.420890757692103460e+07
1.420828869931194186e+07
1.420725355867399089e+07
1.420596742946663499e+07
1.420438277587400004e+07
1.420282452393128537e+07
1.420139462705093250e+07
1.420033663709713891e+07
1.419957194354513474e+07
1.419944197606400028e+07
1.419962435625389405e+07
1.420034059904128872e+07
1.420129755500969850e+07
1.420244349209036306e+07
1.420326647637560405e+07
1.420443175797210261e+07
