2.468556353482678905e+07
2.468464522515276447e+07
2.468598213803193346e+07
2.468623068044042215e+07
2.468707633146797121e+07
2.468741824218194559e+07
2.468756360810538381e+07
2.468715668144367263e+07
2.468734147808306292e+07
2.468730171647184715e+07
2.468756388173688948e+07
2.468677420996375754e+07
2.468575785089676082e+07
2.468458406381587684e+07
2.468337113260300085e+07
2.468185834097400308e+07
2.468048329937568679e+07
2.467925551276652142e+07
2.467842026778004691e+07
2.467799272377044708e+07
2.467824495430110022e+07
2.467900187774677575e+07
2.468049200116676837e+07
2.468226482447697222e+07
2.468436979999797046e+07
2.468604010792414472e+07
2.468733610680255294e+07
2.468797040253106505e+07
2.468815051648904011e+07
2.468785830428595841e+07
2.468768585302328691e+07
2.468786031205518544e+07
2.468815775587423891e+07
2.468861968507300690e+07
2.468905253592836112e+07
2.468878850354340300e+07
2.468818264837969467e+07
2.468714090110623464e+07
2.468570069059389085e+07
2.468414486052381620e+07
2.468230145474282280e+07
2.468041881776501611e+07
2.467883611670746282e+07
2.467778639137599245e+07
2.467748427365735173e+07
2.467790052439942583e+07
2.467900631754240766e+07
2.468062505087492615e+07
2.468244541380398721e+07
2.468427701731448621e+07
2.468582314943290129e+07
2.468702655696095899e+07
2.468786581880312040e+07
2.468800607285964862e+07
2.468772751938591152e+07
2.468711337602726743e+07
2.468665066265872493e+07
2.468676593734840676e+07
2.468727291410379857e+07
2.468763310714652762e+07
2.468780230847660080e+07
2.468778554795585573e+07
2.468769204860818759e+07
2.468689523706010729e+07
2.468523256358138472e+07
2.468308829312820733e+07
2.468073076729643717e+07
2.467923813763750345e+07
2.467844691736808047e+07
2.467839158735724911e+07
2.467921605534527823e+07
2.468069607373844460e+07
2.468292959169538319e+07
2.468448203771173581e+07
2.468540373731807992e+07
2.468640911722943559e+07
2.468697049750692770e+07
2.468689056965998560e+07
2.468640016360272840e+07
2.468591574642382562e+07
2.468528527215819433e+07
2.468524354914294556e+07
2.468551420323299989e+07
2.468566257659608871e+07
2.468613491429920867e+07
2.468649878326247260e+07
2.468663761543477699e+07
2.468607809664430097e+07
2.468503060984936729e+07
2.468262875299257040e+07
2.467958884565383196e+07
2.467697652746650577e+07
2.467503702339144796e+07
2.467396615535464138e+07
2.467388886411942169e+07
2.467497333143288642e+07
2.467698496549345553e+07
2.467938323129414022e+07
2.468162466631678119e+07
2.468355812116882578e+07
2.468498849702201784e+07
2.468566269070918858e+07
2.468569541991902143e+07
2.468530437678047270e+07
2.468458588433873653e+07
2.468415183559544757e+07
2.468466968527252972e+07
2.468589274474076927e+07
2.468689863771703094e+07
2.468800996943215281e+07
2.468845263987434283e+07
2.468832497017948702e+07
2.468742107592111453e+07
2.468558054669392109e+07
2.468352205634012818e+07
2.468120178703517467e+07
2.467914578082200140e+07
2.467804656166944653e+07
2.467775720338711888e+07
2.467814512578846887e+07
2.467955683774747699e+07
2.468175639720612019e+07
2.468418059407696873e+07
2.468619116840576008e+07
2.468718836450424790e+07
2.468764349051164463e+07
2.468760249507423863e+07
2.468652983127195761e+07
2.468495200894971937e+07
2.468370035584016144e+07
2.468306487056075782e+07
2.468361453760090470e+07
2.468485591941551119e+07
2.468681688073286042e+07
2.468906611979056895e+07
2.469074227749430761e+07
2.469149752803933620e+07
2.469085747244933620e+07
2.468893392686475068e+07
2.468620440978974476e+07
2.468327317239993066e+07
2.468076416390987858e+07
2.467921532322629169e+07
2.467899610758870095e+07
2.468012495215451717e+07
2.468234725962704048e+07
2.468496332584935054e+07
2.468763344118354097e+07
2.468981518390980735e+07
2.469119855912828445e+07
2.469131347481103241e+07
2.469028904813730344e+07
2.468865405933512747e+07
2.468692366871286929e+07
2.468549631213384494e+07
2.468484954636067152e+07
2.468507604726616666e+07
2.468638618477400392e+07
2.468833912997306511e+07
2.469017539496000484e+07
2.469121995888414234e+07
2.469126350728416815e+07
2.469026232811031863e+07
2.468862119860467687e+07
2.468636417012504488e+07
2.468419281408264861e+07
2.468246177800921351e+07
2.468141740594159067e+07
2.468155131615583226e+07
2.468298130560620129e+07
2.468510636231996119e+07
2.468760185565295815e+07
2.468977819764854014e+07
2.469119826133369654e+07
2.469128091292099282e+07
2.469058676948057488e+07
2.468891952638780698e+07
2.468707098274653777e+07
2.468530034958272800e+07
2.468427866370960325e+07
2.468411569106590748e+07
2.468524554419661313e+07
2.468738131227694079e+07
2.468995144253775105e+07
2.469191702260211855e+07
2.469312030676588416e+07
2.469307411287426949e+07
2.469207177913938463e+07
2.469015057905790582e+07
2.468802779264250025e+07
2.468579899067149684e+07
2.468478846078291535e+07
2.468549747257538512e+07
2.468539061609080806e+07
2.468747755779596791e+07
2.468974724582428858e+07
2.469194357707047090e+07
2.469335717800335586e+07
2.469382053628664091e+07
2.469309602683130279e+07
2.469121188070242107e+07
2.468892644098458812e+07
2.468676864405578002e+07
2.468490334041392058e+07
2.468392743651064858e+07
2.468414701952178031e+07
2.468558568979890272e+07
2.468772373852884769e+07
2.468989278130224347e+07
2.469167001646354795e+07
2.469249470449650288e+07
2.469237325557290390e+07
2.469158017398250848e+07
2.469011470321027935e+07
2.468823817777246237e+07
2.468679133859840035e+07
2.468599165822695196e+07
2.468621182669130713e+07
2.468729852724739909e+07
2.468919608766892925e+07
2.469108879153056815e+07
2.469279924051575735e+07
2.469363761419278011e+07
2.469357835640408099e+07
2.469235892690517753e+07
2.469024728755404800e+07
2.468713663185994700e+07
2.468387999326786026e+07
2.468165473595960811e+07
2.468070189876761660e+07
2.468106077134187892e+07
2.468284574128190055e+07
2.468527998219918087e+07
2.468780942944340780e+07
2.468977347042287141e+07
2.469114028687221557e+07
2.469138820359439775e+07
2.469117167370369658e+07
2.469011649733633175e+07
2.468989750026241690e+07
2.468654097739629075e+07
2.468956674086126313e+07
2.468951812701320648e+07
2.469131401603627577e+07
2.469274359936759248e+07
2.469450250270127878e+07
2.469527740547389165e+07
2.469567220673011988e+07
2.469455039284261316e+07
2.469277704772797599e+07
2.469005139900205284e+07
2.468736207127825543e+07
2.468491481435128301e+07
2.468343497450470179e+07
2.468298436371941119e+07
2.468415706621509045e+07
2.468602249688877538e+07
2.468820642653460056e+07
2.469020991588800028e+07
2.469171635184823722e+07
2.469252831147729233e+07
2.469285516190272197e+07
2.469207777349042147e+07
2.469102191860357672e+07
2.469044740788739920e+07
2.469046812578171119e+07
2.469106672421804070e+07
2.469221386293045804e+07
2.469353259454040602e+07
2.469492994133508950e+07
2.469593813682901487e+07
2.469637132496626303e+07
2.469580150475985184e+07
2.469445807999545708e+07
2.469268461960971728e+07
2.468979949905674532e+07
2.468626325801048800e+07
2.468347595685242862e+07
2.468220774576037750e+07
2.468226310281150788e+07
2.468325562817930430e+07
2.468464206653624400e+07
2.468650591699331999e+07
2.468817732595142350e+07
2.468968478164311871e+07
2.469064724551331997e+07
2.469143595427284017e+07
2.469061751522297412e+07
2.468931119431028515e+07
2.468893347444423661e+07
2.468905122366438434e+07
2.468998125709426403e+07
2.469122789066976309e+07
2.469252917788898945e+07
2.469374289492597803e+07
2.469463993124758452e+07
2.469476127939003333e+07
2.469411480981051549e+07
2.469296378167062998e+07
2.469112113973175734e+07
2.468840476379707828e+07
2.468617898472747207e+07
2.468457379525994137e+07
2.468337394681917876e+07
2.468273269892432541e+07
2.468267032789519429e+07
2.468320190891663358e+07
2.468426294502707198e+07
2.468583782305279002e+07
2.468729656019550189e+07
2.468848889614618570e+07
2.468940440719256178e+07
2.469029974127224833e+07
2.469099407936503366e+07
2.469160847096488625e+07
2.469230622725104168e+07
2.469306397991011664e+07
2.469302736972955614e+07
2.469237384302556515e+07
2.469165527290827036e+07
2.469081048370041698e+07
2.468981181420295686e+07
2.468875029654268175e+07
2.468764111853272095e+07
2.468642524095743150e+07
2.468490610440384969e+07
2.468362660176709667e+07
2.468255327815673128e+07
2.468234404855440930e+07
2.468191926614270732e+07
2.468132644608219713e+07
2.468078109511144832e+07
2.468106903384229541e+07
2.468133345489851758e+07
2.468256742943977937e+07
2.468280853074239939e+07
