3.118356879883816466e+07
3.118426906938666850e+07
3.118512566939412057e+07
3.118540444211424142e+07
3.118559770306882262e+07
3.118587047937366366e+07
3.118605187706622481e+07
3.118590326533528045e+07
3.118590810748044774e+07
3.118583441086520627e+07
3.118552737192854285e+07
3.118492092558206618e+07
3.118409191887187585e+07
3.118322599321243912e+07
3.118236810408264026e+07
3.118149627361936495e+07
3.118016594335446507e+07
3.117869481254350767e+07
3.117748607424079999e+07
3.117701609713404626e+07
3.117708417290421203e+07
3.117792158876640722e+07
3.117924996857814491e+07
3.118079167979936302e+07
3.118205564638341218e+07
3.118300122362606972e+07
3.118356656083905324e+07
3.118382258895746246e+07
3.118387885970626026e+07
3.118374167321723700e+07
3.118386555272252113e+07
3.118377935885516182e+07
3.118359685896607488e+07
3.118358548351748660e+07
3.118370882558122277e+07
3.118354343090166524e+07
3.118322297305767238e+07
3.118275582006160542e+07
3.118220029500503466e+07
3.118080959891613200e+07
3.117931543907682225e+07
3.117815992899096385e+07
3.117718749458518624e+07
3.117686657664729655e+07
3.117705780546049029e+07
3.117792678481644019e+07
3.117912254150917381e+07
3.118090651597165689e+07
3.118271658170660958e+07
3.118440784595500678e+07
3.118553054925860837e+07
3.118609871165468916e+07
3.118629976969315484e+07
3.118601494767852873e+07
3.118551560592337698e+07
3.118514219537321106e+07
3.118491446268680692e+07
3.118498905355444178e+07
3.118529849841618910e+07
3.118562507800284773e+07
3.118563188696451485e+07
3.118546758505979925e+07
3.118505373584474623e+07
3.118397208845504746e+07
3.118233062555287778e+07
3.118054531264988333e+07
3.117894667284487933e+07
3.117766927141344175e+07
3.117715895795527846e+07
3.117761038312785327e+07
3.117868540484092385e+07
3.118050693166132644e+07
3.118278104533559456e+07
3.118482856321483105e+07
3.118624390890184790e+07
3.118692910151199996e+07
3.118708911834311858e+07
3.118682020159983262e+07
3.118620499794902280e+07
3.118538478516472876e+07
3.118453546178156883e+07
3.118429606866256520e+07
3.118472888615844771e+07
3.118553049419492856e+07
3.118625616372951120e+07
3.118658165458033606e+07
3.118660627002244070e+07
3.118594080997823551e+07
3.118460189112760872e+07
3.118265288656404614e+07
3.118053404260701314e+07
3.117865163159124926e+07
3.117735321483942866e+07
3.117725202983952686e+07
3.117808733276388422e+07
3.117963380868970230e+07
3.118158912245898321e+07
3.118358645060876757e+07
3.118499707533148304e+07
3.118635622171467915e+07
3.118693723285786808e+07
3.118674172621187195e+07
3.118605953474273160e+07
3.118515898906295374e+07
3.118424737807106227e+07
3.118389001749506220e+07
3.118425887950137630e+07
3.118522890375882387e+07
3.118654654125231877e+07
3.118790415658063069e+07
3.118894358446750045e+07
3.118921055531731993e+07
3.118842467291832715e+07
3.118678424460112676e+07
3.118423394414206967e+07
3.118160418584651127e+07
3.117932477866618708e+07
3.117822165153792500e+07
3.117808792578180507e+07
3.117910856049336493e+07
3.118093423735618964e+07
3.118324574173006043e+07
3.118500583327164873e+07
3.118665851544108614e+07
3.118771414920922369e+07
3.118766604983730242e+07
3.118693522153297067e+07
3.118606862875092402e+07
3.118471459963706508e+07
3.118408962893606722e+07
3.118402018134058267e+07
3.118448398000163585e+07
3.118534722101904079e+07
3.118677732887664437e+07
3.118826697065256909e+07
3.118895105428782478e+07
3.118883083498164639e+07
3.118745597619523853e+07
3.118525872172437608e+07
3.118246750273955986e+07
3.117985150481273606e+07
3.117789624617197737e+07
3.117685844676817581e+07
3.117706045494212955e+07
3.117883907422024757e+07
3.118172736572213098e+07
3.118435566580040008e+07
3.118642926386135817e+07
3.118760880287836120e+07
3.118772228597238287e+07
3.118678540312264115e+07
3.118522551468620822e+07
3.118353624423657730e+07
3.118213915857176110e+07
3.118144111579959840e+07
3.118156263179044798e+07
3.118238812547475472e+07
3.118400939084122330e+07
3.118591957344836742e+07
3.118768152299553528e+07
3.118861714084471762e+07
3.118846112378798798e+07
3.118744160831296816e+07
3.118590572842412442e+07
3.118356263605804369e+07
3.118162357991180569e+07
3.118013433733826131e+07
3.117964929324777424e+07
3.118027151399909332e+07
3.118176602324907482e+07
3.118365180414956808e+07
3.118542095089342818e+07
3.118692508430583030e+07
3.118773968625624478e+07
3.118738640768238902e+07
3.118631401272235438e+07
3.118452389135703817e+07
3.118233020618626103e+07
3.118065720387445018e+07
3.118036674809893221e+07
3.118111474692453817e+07
3.118306882495345548e+07
3.118556050578817353e+07
3.118779651335770264e+07
3.118919533990402520e+07
3.118947723090263829e+07
3.118891171299792081e+07
3.118758200080101565e+07
3.118550481948899105e+07
3.118360664351264760e+07
3.118176358483203501e+07
3.118069691661398485e+07
3.118108002414251119e+07
3.118105196881597489e+07
3.118294438715402782e+07
3.118489988532523438e+07
3.118672293834339082e+07
3.118770016156515479e+07
3.118773586001284048e+07
3.118695998037634417e+07
3.118578224647960812e+07
3.118360973476645350e+07
3.118116573310091719e+07
3.117966776775052026e+07
3.117885865765231848e+07
3.117924358471467718e+07
3.118070202437466756e+07
3.118311109653155878e+07
3.118519946831160411e+07
3.118677765725367144e+07
3.118732853293553740e+07
3.118660336836903915e+07
3.118504436159908772e+07
3.118334404708240181e+07
3.118167868793490529e+07
3.118063328987074271e+07
3.118083919335236028e+07
3.118245885302232578e+07
3.118412201305612177e+07
3.118586863689783216e+07
3.118730238487124816e+07
3.118815077168843895e+07
3.118826898218713701e+07
3.118750338692189381e+07
3.118584872252139822e+07
3.118379890184857696e+07
3.118165036748003215e+07
3.118005929722640663e+07
3.117909084562816098e+07
3.117884391823543981e+07
3.118001560312754288e+07
3.118195242226279527e+07
3.118412800094083697e+07
3.118625059637336805e+07
3.118755145005913824e+07
3.118773425840727985e+07
3.118720114462750405e+07
3.118603322599000856e+07
3.118463414422105625e+07
3.118348660033410043e+07
3.118392525684938207e+07
3.118303201772374660e+07
3.118399630037384108e+07
3.118517839543641731e+07
3.118677877794972435e+07
3.118790371248065680e+07
3.118842705722137913e+07
3.118800056417454034e+07
3.118670928259291500e+07
3.118469673453487083e+07
3.118272968849031255e+07
3.118119063105256483e+07
3.117936582347124070e+07
3.117856038267279789e+07
3.117895673959717155e+07
3.118034259976025671e+07
3.118208754741047695e+07
3.118420335625634342e+07
3.118614456252480298e+07
3.118703475487753376e+07
3.118722519363800064e+07
3.118666137079272047e+07
3.118578583864688501e+07
3.118483255147898197e+07
3.118446111568915471e+07
3.118455668595727533e+07
3.118526130406809598e+07
3.118659252740570530e+07
3.118806747733300552e+07
3.118929151908219233e+07
3.118981990992046148e+07
3.118973425660250708e+07
3.118879218391856551e+07
3.118716678520885482e+07
3.118525020950138941e+07
3.118344336417141184e+07
3.118151502394565567e+07
3.118009383995993808e+07
3.117977928193748370e+07
3.118037511070795730e+07
3.118163875534785539e+07
3.118306438563488796e+07
3.118402463700718060e+07
3.118475216802892461e+07
3.118503053062498942e+07
3.118471534672594443e+07
3.118440401945691556e+07
3.118403323931625858e+07
3.118422879627772048e+07
3.118478999596035853e+07
3.118564994134595618e+07
3.118689387855601311e+07
3.118827323618096486e+07
3.118912280867293105e+07
3.118946581408043578e+07
3.118930411803111061e+07
3.118875689148828015e+07
3.118747022323793545e+07
3.118584534517858550e+07
3.118413692270328850e+07
3.118236644182218984e+07
3.118086131030265242e+07
3.117980101526321098e+07
3.117929756209480017e+07
3.117918544910960644e+07
3.117990087258625776e+07
3.118092161630669236e+07
3.118197415521824360e+07
3.118312015155819058e+07
3.118412463704759255e+07
3.118447301287663728e+07
3.118477106314308569e+07
3.118523619416623935e+07
3.118578216441546008e+07
3.118611617284532636e+07
3.118669701796697453e+07
3.118704419018251821e+07
3.118785240854248405e+07
3.118841775881376117e+07
3.118874638211158291e+07
3.118874838090218976e+07
3.118832097805419937e+07
3.118749455255626515e+07
3.118623272416443005e+07
3.118484746310824901e+07
3.118373689124419913e+07
3.118237384946862236e+07
3.118102130390941352e+07
3.118011606789994612e+07
3.117968072407925129e+07
3.117943969824473187e+07
3.118012717951855063e+07
3.118129377942374721e+07
3.118299978380751982e+07
3.118379684474354237e+07
3.118467092664827779e+07
