1.618385770024732314e+07
1.618294675840361603e+07
1.618431136391186714e+07
1.618465828966016881e+07
1.618575201320657134e+07
1.618708979263257049e+07
1.618909644674551487e+07
1.619020602852004394e+07
1.619140852567800321e+07
1.619341332289671153e+07
1.619554105642676353e+07
1.619736344571727514e+07
1.619975539298633486e+07
1.620241515806698799e+07
1.620493307478055917e+07
1.620661503225802816e+07
1.620785445585295931e+07
1.620864703619137965e+07
1.620949191274424084e+07
1.621041872690154053e+07
1.621184676645163447e+07
1.621325671646085940e+07
1.621476652429111116e+07
1.621636610811257176e+07
1.621745221631839313e+07
1.621741787539451197e+07
1.621620381564143114e+07
1.621405678984070010e+07
1.621105753982688487e+07
1.620809728039634041e+07
1.620595278581683710e+07
1.620386932829986885e+07
1.620200551185205579e+07
1.620048710884534381e+07
1.619904504587209970e+07
1.619740097848676890e+07
1.619526965700311400e+07
1.619194540480205603e+07
1.618856483543860726e+07
1.618572093385807611e+07
1.618282174878903478e+07
1.617980676190390438e+07
1.617742218414770439e+07
1.617523837517722882e+07
1.617395461462694220e+07
1.617366474764776416e+07
1.617441036669656821e+07
1.617572288046964817e+07
1.617732529988531955e+07
1.617913653903979808e+07
1.618101793936782330e+07
1.618206219296165928e+07
1.618229928378403001e+07
1.618240804453225806e+07
1.618241142217034474e+07
1.618238600651505589e+07
1.618245926568079554e+07
1.618208322498827428e+07
1.618306657570113428e+07
1.618406933990797587e+07
1.618532551953584328e+07
1.618649966573573835e+07
1.618744293651153892e+07
1.618713905880984664e+07
1.618580451524915174e+07
1.618352909524389915e+07
1.618105404479679279e+07
1.617946062902589515e+07
1.617828405677138828e+07
1.617735972758129053e+07
1.617879174515357614e+07
1.618098179236607626e+07
1.618271321129615977e+07
1.618375080635757186e+07
1.618427245054108277e+07
1.618407176538065635e+07
1.618349603650020622e+07
1.618276891100021824e+07
1.618205910810115188e+07
1.618170358476186730e+07
1.618158023355660215e+07
1.618216637517128885e+07
1.618376832380910218e+07
1.618602362410006672e+07
1.618711601017459482e+07
1.618726272812789679e+07
1.618695605915542319e+07
1.618628158648848720e+07
1.618534777163183130e+07
1.618491467301634513e+07
1.618452314872718230e+07
1.618378970482266322e+07
1.618331633483259194e+07
1.618323263131220080e+07
1.617901330733891577e+07
1.617211597348152660e+07
1.616871131223124824e+07
1.616873332983313687e+07
1.616859831334774382e+07
1.616841522336640395e+07
1.616766318049057573e+07
1.616619064739798009e+07
1.616494780553861149e+07
1.616390957341100276e+07
1.616326617777242325e+07
1.616308783288832381e+07
1.616354116879379191e+07
1.616433734673798643e+07
1.616530387881486863e+07
1.616639014606474340e+07
1.616695000385951623e+07
1.616693419705270417e+07
1.616615893631084636e+07
1.616439019736155681e+07
1.616217820362030715e+07
1.615984190038560890e+07
1.615777275453034788e+07
1.615618091029140726e+07
1.615547092595988326e+07
1.615600432991787978e+07
1.615763419730674848e+07
1.616001881878233142e+07
1.616295527963630110e+07
1.616568142327893525e+07
1.616640969604771584e+07
1.616601573757464625e+07
1.616493886447907612e+07
1.616372071380520426e+07
1.616261618981835991e+07
1.616201821428940445e+07
1.616209364579314739e+07
1.616300368490185216e+07
1.616466714896652475e+07
1.616672966926502809e+07
1.616928288977835514e+07
1.617130844360687211e+07
1.617201887408072874e+07
1.617170682950875908e+07
1.617076253344984353e+07
1.616958704271320812e+07
1.616868357242698781e+07
1.616854813274376653e+07
1.616912867788078450e+07
1.617080783516957052e+07
1.617354480482812785e+07
1.617692049254516326e+07
1.618003691970981658e+07
1.618267725507232733e+07
1.618469014114660397e+07
1.618573775078415871e+07
1.618594582275112718e+07
1.618548825097507425e+07
1.618465829902664758e+07
1.618407080783027969e+07
1.618435101782507449e+07
1.618525243078554794e+07
1.618660309512929991e+07
1.618862155505688488e+07
1.619064552460810728e+07
1.619215686365601607e+07
1.619256461880283989e+07
1.619197429034289531e+07
1.619059537884460762e+07
1.618862397342578508e+07
1.618658867670550384e+07
1.618519373229885846e+07
1.618454856212889403e+07
1.618506422602265887e+07
1.618655279511453211e+07
1.618816717707766034e+07
1.618956257217309996e+07
1.619161158565513045e+07
1.619291234391302057e+07
1.619319544704654254e+07
1.619261993134078756e+07
1.619156101894969866e+07
1.618957866261558793e+07
1.618743968379298784e+07
1.618570879638597183e+07
1.618428918137567863e+07
1.618427534510477446e+07
1.618528460416222364e+07
1.618687411463438347e+07
1.618850688548816741e+07
1.618932797400938720e+07
1.618920212249008007e+07
1.618806831525925174e+07
1.618621011140180752e+07
1.618339645314035565e+07
1.618071386207065918e+07
1.617834303468135558e+07
1.617764855260227993e+07
1.617935826573284715e+07
1.617840109250581451e+07
1.618050723371092789e+07
1.618221663197734021e+07
1.618393533199850284e+07
1.618437878600327857e+07
1.618390975515193120e+07
1.618235817859282717e+07
1.618050444761431590e+07
1.617900720107494481e+07
1.617922889733921923e+07
1.618038968034872785e+07
1.618078427620757930e+07
1.618101316596288234e+07
1.618171804402495921e+07
1.618278217805805802e+07
1.618413964787778258e+07
1.618518477044337988e+07
1.618552024620187655e+07
1.618489958192155883e+07
1.618380377448816784e+07
1.618248164064001292e+07
1.618092560272555612e+07
1.617975579826079123e+07
1.617922647771582752e+07
1.617901502717547119e+07
1.617952769445578009e+07
1.618094102119949833e+07
1.618277625004289858e+07
1.618413813006079569e+07
1.618475370379040018e+07
1.618479711141135544e+07
1.618403585761472769e+07
1.618260267223474011e+07
1.618088604897099175e+07
1.617973433200071193e+07
1.617950506807015277e+07
1.618040187680803612e+07
1.618200790193809010e+07
1.618420655450047553e+07
1.618628722352799401e+07
1.618784991582660004e+07
1.618848070603429712e+07
1.618856552812403813e+07
1.618765865907873027e+07
1.618674088749852031e+07
1.618526255348714814e+07
1.618559161004796624e+07
1.620617949081051350e+07
1.618470194565077126e+07
1.619138662452593446e+07
1.618970031334388442e+07
1.619372274152117968e+07
1.619368577158732526e+07
1.619702708914070949e+07
1.619728058398058824e+07
1.619831867751928978e+07
1.619694866789779440e+07
1.619847703544555418e+07
1.619914453789158352e+07
1.620146480936493538e+07
1.620238195070594363e+07
1.620473697507623397e+07
1.620711568992241099e+07
1.621124101105082966e+07
1.621465512509826757e+07
1.621849794163872115e+07
1.622119484262732044e+07
1.622348041866061464e+07
1.622399054204417206e+07
1.622429020996978693e+07
1.622284031590754166e+07
1.622156253347815014e+07
1.621961457413527928e+07
1.621772255958197080e+07
1.621510261744189635e+07
1.621295163493555970e+07
1.621050772228751145e+07
1.620835735247080959e+07
1.620572429375676811e+07
1.620344037753513455e+07
1.620084310840025172e+07
1.619855197615754604e+07
1.619627643561067991e+07
1.619427368336178362e+07
1.619223147237064876e+07
1.619130773556779139e+07
1.619101217237184569e+07
1.619118007291213796e+07
1.619154802730440721e+07
1.619259130843500420e+07
1.619379920570271276e+07
1.619592058995299041e+07
1.619825064850601368e+07
1.620014893178194761e+07
1.620176061634842120e+07
1.620370110644618981e+07
1.620559334617589600e+07
1.620707105274561606e+07
1.620835907970472239e+07
1.620959947399535403e+07
1.621038762626526132e+07
1.621015506693623029e+07
1.620946838155529834e+07
1.620828850785010122e+07
1.620685962227734551e+07
1.620513534879471920e+07
1.620370976683237031e+07
1.620208986305976845e+07
1.620099526271631382e+07
1.620016576159035973e+07
1.620021162577569671e+07
1.620055434957843088e+07
1.620172624827748537e+07
1.620298094062770531e+07
1.620474604700070247e+07
1.620612014682546258e+07
1.620764182280293666e+07
1.620840116337117366e+07
1.620939491240288503e+07
1.620994021977254562e+07
1.621133564693243988e+07
1.621237017190711573e+07
1.621426378483116068e+07
1.621562711636717245e+07
1.621774065302517079e+07
1.621909703780368529e+07
1.622087661251962744e+07
1.622149361387887225e+07
1.622259286453408562e+07
1.622235433401791751e+07
1.622286209387964569e+07
1.622191878098025732e+07
1.622203030411763117e+07
1.622077407160535455e+07
1.622113378356195986e+07
1.621993219280978106e+07
1.622097059554721974e+07
1.622016418900332041e+07
1.622228988851320557e+07
1.622137214845471643e+07
1.622448684047182836e+07
1.622212851113842800e+07
1.622828312737394311e+07
