6.003079158187657595e+07
6.002870239862838387e+07
6.002955401446225494e+07
6.002908719317809492e+07
6.002938504295929521e+07
6.002916655328851938e+07
6.002940452223658562e+07
6.002904887231137604e+07
6.002887290551751107e+07
6.002826144760089368e+07
6.002782178754504770e+07
6.002693856071747839e+07
6.002613730965120345e+07
6.002534852096849680e+07
6.002495595804439485e+07
6.002471363588215411e+07
6.002523094734657556e+07
6.002603966093878448e+07
6.002705820200143009e+07
6.002786930515440553e+07
6.002865990122881532e+07
6.002910335926237702e+07
6.002949696854575723e+07
6.002971760253145546e+07
6.002994083044367284e+07
6.002993695370232314e+07
6.002989064412156492e+07
6.002970619682125002e+07
6.002959454304141551e+07
6.002926151462422311e+07
6.002902679805356264e+07
6.002901050024388731e+07
6.002949157513515651e+07
6.003031187035447359e+07
6.003136852965618670e+07
6.003198965125321597e+07
6.003225403026385605e+07
6.003201328867154568e+07
6.003142877666047961e+07
6.003051555222014338e+07
6.002967822200904042e+07
6.002888371622768790e+07
6.002803645981291682e+07
6.002722841075839102e+07
6.002684278510422260e+07
6.002676075979150832e+07
6.002713462796351314e+07
6.002782206320236623e+07
6.002873005904010683e+07
6.002959093897671252e+07
6.003049839518934488e+07
6.003132996394739300e+07
6.003216233673328906e+07
6.003303492699622363e+07
6.003429799861104786e+07
6.003579134091489762e+07
6.003699614629617333e+07
6.003757838492208719e+07
6.003769568694628030e+07
6.003722918898246437e+07
6.003638658387815207e+07
6.003526306855544448e+07
6.003393203269334137e+07
6.003241027204516530e+07
6.003100885299299657e+07
6.002996675354695320e+07
6.002959855925761163e+07
6.003000266889985651e+07
6.003092951659429818e+07
6.003209390612109005e+07
6.003357633377771825e+07
6.003545361365928501e+07
6.003739989431071281e+07
6.003875367230123281e+07
6.003941468914832175e+07
6.003953775047267973e+07
6.003932436624085158e+07
6.003879634699292481e+07
6.003814158467499912e+07
6.003754598374903202e+07
6.003717088592187315e+07
6.003700372988393158e+07
6.003698957892303914e+07
6.003705814171943069e+07
6.003724978877492249e+07
6.003762647198580950e+07
6.003793196679196507e+07
6.003800382868900150e+07
6.003797003439152241e+07
6.003773973682148010e+07
6.003726204773642123e+07
6.003659104229148477e+07
6.003630037111581117e+07
6.003666601572124660e+07
6.003723973857539147e+07
6.003787285409345478e+07
6.003856649081744999e+07
6.003904517740784585e+07
6.003920104921526462e+07
6.003911571767273545e+07
6.003883180230948329e+07
6.003828003391373903e+07
6.003758413645020127e+07
6.003737330194340646e+07
6.003747152588945627e+07
6.003766981066249311e+07
6.003831682422928512e+07
6.003958964152348787e+07
6.004101140676097572e+07
6.004183709769106656e+07
6.004190648524551839e+07
6.004128440627513081e+07
6.004011041194065660e+07
6.003884382233988494e+07
6.003773894442305714e+07
6.003657395716755092e+07
6.003561563304024190e+07
6.003512165084043890e+07
6.003526834004786611e+07
6.003608189097463340e+07
6.003741329580024630e+07
6.003892438135918975e+07
6.004041699489559978e+07
6.004172921861488372e+07
6.004257455635141581e+07
6.004278907766096294e+07
6.004226942991321534e+07
6.004132845505175740e+07
6.004031277882232517e+07
6.003966524631725252e+07
6.003970197746752203e+07
6.004037994160856307e+07
6.004108851166377962e+07
6.004178556176564842e+07
6.004219751078111678e+07
6.004196399471482635e+07
6.004104367544115335e+07
6.003955881317725033e+07
6.003781289102195203e+07
6.003602664787240326e+07
6.003437606954708695e+07
6.003295338107001036e+07
6.003198537091729790e+07
6.003202752521588653e+07
6.003302874387670308e+07
6.003468908219016343e+07
6.003675731736001372e+07
6.003904781978573650e+07
6.004082514172646403e+07
6.004167016067191213e+07
6.004137156014580280e+07
6.004060583842044324e+07
6.003949156909514219e+07
6.003865956401813030e+07
6.003850119842112809e+07
6.003892726039369404e+07
6.003960934683448821e+07
6.004039910555257648e+07
6.004116926577660441e+07
6.004179541611785442e+07
6.004179814030987769e+07
6.004136813571480662e+07
6.004057120781220496e+07
6.003937892225600034e+07
6.003798492994132638e+07
6.003696374215094745e+07
6.003642483119606227e+07
6.003650602058032155e+07
6.003673606336887181e+07
6.003693076920294762e+07
6.003693927371563762e+07
6.003693597833801061e+07
6.003651790171731263e+07
6.003566427193800360e+07
6.003418436279809475e+07
6.003247972151040286e+07
6.003064839292951673e+07
6.002919539739362150e+07
6.002834003035787493e+07
6.002852108756698668e+07
6.002954777098622918e+07
6.003140162423022836e+07
6.003330686152295023e+07
6.003477510621687025e+07
6.003548677319733053e+07
6.003567920660950989e+07
6.003492643375182897e+07
6.003357176517549157e+07
6.003176907610628754e+07
6.003030513910529017e+07
6.002868094640608132e+07
6.002809398227499425e+07
6.002908205787222087e+07
6.002758147507064044e+07
6.002886398647996783e+07
6.002984648763081431e+07
6.003093159894784540e+07
6.003133762143711001e+07
6.003132272678634524e+07
6.003067896047636122e+07
6.002963838599100709e+07
6.002828473594895750e+07
6.002722468041081727e+07
6.002662055555384606e+07
6.002640022847819328e+07
6.002668137048746645e+07
6.002757412913906574e+07
6.002863783982492238e+07
6.002957116913443059e+07
6.003004086188931018e+07
6.002973815318817645e+07
6.002868831099002063e+07
6.002739290112756938e+07
6.002619881579709798e+07
6.002526666594356298e+07
6.002500809937403351e+07
6.002565134616847336e+07
6.002712361608548462e+07
6.002881745568419993e+07
6.003057862157969922e+07
6.003192139597573131e+07
6.003272731605681032e+07
6.003278349791608751e+07
6.003237767360980809e+07
6.003133548991761357e+07
6.003009746165797859e+07
6.002878688388873637e+07
6.002782644715016335e+07
6.002732457377029955e+07
6.002784135254641622e+07
6.002909908314333856e+07
6.003119830364555120e+07
6.003315207694964856e+07
6.003510044489040226e+07
6.003631223637684435e+07
6.003720181626556069e+07
6.003706857789994031e+07
6.003698229158809781e+07
6.003589405054219812e+07
6.003599218382085860e+07
6.003859953220061958e+07
6.003523293962781131e+07
6.003799104534441233e+07
6.003928676674015075e+07
6.004120528645756096e+07
6.004184416308829933e+07
6.004257209615564346e+07
6.004257605113495886e+07
6.004238109196782857e+07
6.004112084369588643e+07
6.003988222348959744e+07
6.003834034095238149e+07
6.003720088090614229e+07
6.003652048011247069e+07
6.003719708413343132e+07
6.003859482224632800e+07
6.004030917938444763e+07
6.004126333031679690e+07
6.004151669498600066e+07
6.004093200561362505e+07
6.004008584397838265e+07
6.003900570136849582e+07
6.003838733884173632e+07
6.003832739246594161e+07
6.003913581939635426e+07
6.004007046702177078e+07
6.004108254579286277e+07
6.004190817937522382e+07
6.004268972620267421e+07
6.004298293359594792e+07
6.004293951962614805e+07
6.004220596212281287e+07
6.004095778959221393e+07
6.003930619866340607e+07
6.003752469867753983e+07
6.003575856795916706e+07
6.003438787641120702e+07
6.003360580285946280e+07
6.003378218595968187e+07
6.003460325107725710e+07
6.003575887703543901e+07
6.003675068340035528e+07
6.003738661595889181e+07
6.003760416967736930e+07
6.003745070203514397e+07
6.003696247720229626e+07
6.003645737357604504e+07
6.003640051714769751e+07
6.003701728755162656e+07
6.003783349284851551e+07
6.003864941015350819e+07
6.003933917979466170e+07
6.003979237331920117e+07
6.004012226594201475e+07
6.004008185213536024e+07
6.003942230140964687e+07
6.003822689137466997e+07
6.003680004421760142e+07
6.003540565467450768e+07
6.003406324664283544e+07
6.003254549886070937e+07
6.003132440980992466e+07
6.003061811471082270e+07
6.003073009124333411e+07
6.003140086474519223e+07
6.003256404761488736e+07
6.003396542648546398e+07
6.003527757712697238e+07
6.003627455106215924e+07
6.003691355467448384e+07
6.003701027237780392e+07
6.003704011967386305e+07
6.003680693407309800e+07
6.003645571007507294e+07
6.003590585642938316e+07
6.003562055592145771e+07
6.003536499927587062e+07
6.003536244748359174e+07
6.003523524154322594e+07
6.003502970364969224e+07
6.003438193673227727e+07
6.003372331873283535e+07
6.003290328333915025e+07
6.003247567265769094e+07
6.003219506500196457e+07
6.003218516757442057e+07
6.003193208296068013e+07
6.003233189955960959e+07
6.003293863610251248e+07
6.003425906795341522e+07
6.003543679507310688e+07
6.003717096402675658e+07
6.003827705531628430e+07
6.003983011274977773e+07
6.004003396605773270e+07
6.004189118242687732e+07
