1.584362872704649530e+07
1.584417928942725062e+07
1.584343266135062091e+07
1.584335952927496284e+07
1.584300437713077292e+07
1.584342256461473182e+07
1.584357108563705534e+07
1.584333715335291997e+07
1.584295968273777887e+07
1.584271856230815873e+07
1.584215640483382344e+07
1.584138297517669201e+07
1.584015911054452322e+07
1.583917279863411933e+07
1.583821747759943269e+07
1.583724943849311955e+07
1.583632553244803473e+07
1.583583548762454465e+07
1.583552453915739991e+07
1.583587232575746439e+07
1.583675056961452030e+07
1.583741817381619290e+07
1.583819921110526845e+07
1.583934877707595937e+07
1.584046883804792911e+07
1.584144895610010065e+07
1.584223083877317049e+07
1.584279635385138355e+07
1.584291469591705687e+07
1.584312581341340393e+07
1.584359412246263959e+07
1.584401563358439878e+07
1.584414938735222444e+07
1.584424390167212673e+07
1.584435515423929133e+07
1.584422212012875825e+07
1.584376972068215162e+07
1.584320672638203949e+07
1.584223612967804447e+07
1.584098572211256064e+07
1.583958645953790657e+07
1.583845536333609559e+07
1.583749478313346766e+07
1.583707245510293543e+07
1.583729987028950080e+07
1.583810371994984709e+07
1.583938925535318442e+07
1.584109524152024835e+07
1.584278704423964210e+07
1.584433100290416367e+07
1.584553206402592361e+07
1.584632972265489586e+07
1.584655475963655114e+07
1.584645594719762355e+07
1.584609213974599168e+07
1.584591603928071633e+07
1.584595300155840255e+07
1.584627699617697485e+07
1.584682508575327508e+07
1.584754025071913190e+07
1.584790728926599212e+07
1.584808591169210710e+07
1.584786410469998792e+07
1.584707241786651127e+07
1.584571499777339585e+07
1.584428655210475251e+07
1.584282485572931170e+07
1.584196022211520001e+07
1.584193499749241956e+07
1.584276592578333803e+07
1.584424696770969220e+07
1.584619216356010735e+07
1.584834459533624724e+07
1.585037872556425817e+07
1.585170014308335446e+07
1.585245913090546429e+07
1.585268056163348071e+07
1.585258048158147186e+07
1.585230156246501207e+07
1.585209939561678842e+07
1.585214695585988835e+07
1.585293808311952278e+07
1.585390140066817589e+07
1.585485285333906673e+07
1.585587388836537115e+07
1.585658155901518092e+07
1.585676045848378725e+07
1.585583928763279133e+07
1.585394298162519932e+07
1.585170334627757221e+07
1.584910991225679591e+07
1.584709346797951683e+07
1.584601026351349987e+07
1.584580152372041531e+07
1.584601480302467197e+07
1.584715203027427569e+07
1.584908708329458348e+07
1.585129717435679585e+07
1.585305299681000225e+07
1.585453196827970073e+07
1.585524482729408331e+07
1.585513785612544231e+07
1.585441909689895995e+07
1.585342022557125241e+07
1.585243582269963808e+07
1.585173913283837959e+07
1.585190063210299611e+07
1.585290408940688334e+07
1.585397510466950759e+07
1.585472731377233192e+07
1.585473009110208414e+07
1.585407430551250465e+07
1.585266294470306858e+07
1.585038797569273598e+07
1.584775931143340282e+07
1.584543205835765600e+07
1.584325578408999927e+07
1.584178366059298813e+07
1.584136189847412333e+07
1.584215633729228377e+07
1.584421337520138361e+07
1.584698862716800347e+07
1.584917922569627687e+07
1.585078903243802488e+07
1.585133767712979205e+07
1.585082526629771292e+07
1.584955592045840248e+07
1.584818966999426857e+07
1.584692475588939153e+07
1.584642291458750889e+07
1.584661807975754328e+07
1.584773498721464351e+07
1.584935873799991980e+07
1.585136396448022313e+07
1.585337717862105183e+07
1.585415290002992377e+07
1.585352414802063443e+07
1.585177498195158876e+07
1.584915066313167848e+07
1.584622121922843531e+07
1.584386103317861632e+07
1.584279655351826362e+07
1.584265986956336722e+07
1.584344188143322617e+07
1.584541749343368784e+07
1.584780750620298088e+07
1.585022691008595563e+07
1.585229823170390911e+07
1.585341919125789963e+07
1.585334838653055951e+07
1.585227385078235529e+07
1.585079146398973465e+07
1.584894524626221880e+07
1.584692300605608337e+07
1.584597351688466035e+07
1.584603031148399971e+07
1.584706362553197145e+07
1.584890792585954443e+07
1.585104099175202847e+07
1.585257593326717988e+07
1.585316914589150622e+07
1.585271583693919890e+07
1.585116009811185673e+07
1.584885005599245988e+07
1.584651360935278423e+07
1.584467799937093258e+07
1.584394189754536003e+07
1.584421936053940840e+07
1.584550635563829914e+07
1.584754252381818742e+07
1.584971062622419931e+07
1.585179835002239980e+07
1.585342545456647128e+07
1.585407140533303656e+07
1.585379750003844686e+07
1.585283295323623531e+07
1.585137870812314749e+07
1.584991980397159606e+07
1.584946138674457557e+07
1.584984614808643609e+07
1.585102813181853667e+07
1.585309723732674867e+07
1.585559123482408002e+07
1.585793252448459156e+07
1.585955303661731817e+07
1.586010464615587890e+07
1.585963249617541581e+07
1.585816780745241605e+07
1.585643947660389543e+07
1.585441422257525846e+07
1.585267878972550109e+07
1.585151118724806793e+07
1.585024793187213689e+07
1.585322293759039044e+07
1.585477492538481019e+07
1.585703451120515540e+07
1.585822877521707490e+07
1.585847384056445025e+07
1.585761746052364260e+07
1.585616387084481679e+07
1.585478487160739675e+07
1.585316755845553800e+07
1.585136265501319245e+07
1.584988602744594775e+07
1.584918297939451225e+07
1.584968786102766357e+07
1.585171021412089840e+07
1.585405871623202786e+07
1.585628584230600111e+07
1.585786320038507879e+07
1.585779242276429571e+07
1.585671970889515989e+07
1.585523505148753710e+07
1.585312896473405138e+07
1.585020968718675524e+07
1.584734633811104856e+07
1.584555687198919803e+07
1.584518589837316610e+07
1.584575406305604242e+07
1.584709208732143976e+07
1.584851991225526668e+07
1.584923645896219090e+07
1.584882012951259129e+07
1.584740797815257870e+07
1.584518817134309933e+07
1.584251180697483942e+07
1.583996567464126460e+07
1.583806337942435220e+07
1.583703507827601023e+07
1.583708885334817693e+07
1.583827920920958742e+07
1.584028800080157444e+07
1.584243351200498082e+07
1.584426953465879522e+07
1.584554529643542692e+07
1.584588608757649176e+07
1.584565995889449492e+07
1.584494714897041954e+07
1.584422773326627165e+07
1.584347134619832784e+07
1.585125529184367321e+07
1.584375346124988608e+07
1.584751051246821694e+07
1.584836306930371933e+07
1.585116588652890362e+07
1.585190022588196024e+07
1.585297885739536397e+07
1.585208812752948329e+07
1.585108199486491643e+07
1.584861172148527578e+07
1.584662951654493250e+07
1.584435182549517415e+07
1.584299701364293136e+07
1.584213083022871614e+07
1.584286860119989514e+07
1.584411415899977647e+07
1.584622423569054343e+07
1.584821664665551856e+07
1.585013734184079990e+07
1.585106980899853446e+07
1.585148415504874848e+07
1.585111870429544337e+07
1.585053884104614891e+07
1.584973179648893699e+07
1.584979410126510262e+07
1.585007927360352315e+07
1.585080061163222790e+07
1.585179972411589697e+07
1.585328942282031104e+07
1.585445179508795030e+07
1.585529322167186067e+07
1.585519042735835537e+07
1.585427673665931448e+07
1.585252473499497212e+07
1.585048287858560495e+07
1.584835672029735334e+07
1.584668778305915184e+07
1.584548632697450183e+07
1.584533305932379328e+07
1.584597394595691748e+07
1.584718742911387794e+07
1.584853125803679228e+07
1.585008567134709284e+07
1.585141696203534491e+07
1.585244366095725074e+07
1.585290607483160496e+07
1.585297634643868916e+07
1.585305335525251552e+07
1.585333523296249099e+07
1.585386706521755457e+07
1.585465255216704309e+07
1.585578136661094800e+07
1.585712625045510009e+07
1.585847807201934047e+07
1.585944203021763451e+07
1.585959874227200635e+07
1.585880222785533965e+07
1.585733384719300829e+07
1.585551711881497130e+07
1.585370022093407437e+07
1.585170126108706184e+07
1.585012850071099959e+07
1.584911044355553947e+07
1.584877982415940426e+07
1.584884156296711974e+07
1.584957228827773407e+07
1.585053508258234896e+07
1.585178780303812586e+07
1.585298408170182817e+07
1.585407338408696651e+07
1.585466643086856045e+07
1.585535224876583740e+07
1.585584470191884041e+07
1.585651639251285978e+07
1.585699605198670365e+07
1.585788399958756380e+07
1.585857504668140225e+07
1.585952256074686721e+07
1.586015121311895736e+07
1.586072810102671385e+07
1.586059549288350530e+07
1.586034466078994051e+07
1.585943181825371645e+07
1.585861500143895485e+07
1.585714874924371578e+07
1.585612346587658860e+07
1.585470541943835095e+07
1.585407671140638925e+07
1.585312400171632692e+07
1.585341204968529753e+07
1.585325110052178428e+07
1.585448879247283563e+07
1.585480153493553586e+07
1.585650400236986391e+07
1.585609128431086801e+07
1.585902491971628554e+07
