2.389631991777887568e+06
2.392890131513165310e+06
2.392297325065185316e+06
2.393089114566627890e+06
2.392857077637725510e+06
2.393372072430210188e+06
2.393389829181042034e+06
2.393696500458643772e+06
2.393475831013442483e+06
2.393470884287048131e+06
2.392965314678021707e+06
2.392292089529772755e+06
2.391068176531508565e+06
2.390037812607494183e+06
2.388602596045418177e+06
2.387347191422792617e+06
2.386047450113958213e+06
2.385093810168304015e+06
2.384368200434606522e+06
2.384323534449980129e+06
2.384747178546767216e+06
2.385677231775879394e+06
2.386752438997392077e+06
2.388148866644863971e+06
2.389441773507880978e+06
2.390506848747773096e+06
2.391094232319888659e+06
2.391515488668017089e+06
2.391636617717601359e+06
2.391489026720327791e+06
2.391370551523848902e+06
2.391462453206004109e+06
2.391411305352046620e+06
2.391491046901791822e+06
2.391650427182563115e+06
2.391529645485682879e+06
2.390938446824406274e+06
2.390278337855416350e+06
2.389153246231095400e+06
2.387638106057540514e+06
2.385967987116608769e+06
2.384363270591925364e+06
2.383015796744136140e+06
2.382227690951404627e+06
2.382136173347834498e+06
2.382742817999943160e+06
2.383966280347509310e+06
2.385695137423730921e+06
2.387439709598352201e+06
2.389053362012584694e+06
2.390176049991028383e+06
2.390708840881392825e+06
2.390787542304376140e+06
2.390503456015333068e+06
2.389979996910040732e+06
2.389533627157558221e+06
2.389320823286454193e+06
2.389435783316415269e+06
2.389936898983033374e+06
2.390417561107084621e+06
2.390574842178967781e+06
2.390473756283738185e+06
2.389893650177602191e+06
2.388661686259702779e+06
2.386848817119183019e+06
2.384762314686024096e+06
2.382643018458352424e+06
2.381002029246860649e+06
2.380202114111550618e+06
2.380236450831868220e+06
2.381182358904706314e+06
2.382906095441553742e+06
2.385071686849669088e+06
2.387156352123036049e+06
2.388836533868608531e+06
2.389784857999800704e+06
2.390097078672914300e+06
2.389780585696301423e+06
2.388961924016448669e+06
2.388151118212052155e+06
2.387584033307325095e+06
2.387424192430689465e+06
2.387902452670789324e+06
2.388834089604691137e+06
2.389663922548360191e+06
2.390309083229744807e+06
2.390469878792685457e+06
2.389702336014479864e+06
2.388166574323597364e+06
2.385881178868616465e+06
2.383327002442320809e+06
2.381008356928755995e+06
2.379388299570487812e+06
2.378735620605079457e+06
2.379236056703154929e+06
2.380653525334201753e+06
2.382870623918840662e+06
2.385403390066394582e+06
2.387462686365633737e+06
2.388985764838198200e+06
2.389779677008885425e+06
2.389505178439599928e+06
2.388572276024641469e+06
2.387424458946241066e+06
2.386235948348444887e+06
2.385612495662748814e+06
2.386037376198652200e+06
2.387007186103358399e+06
2.388308720327638555e+06
2.389728660926681478e+06
2.390778881396700628e+06
2.390875457948259544e+06
2.389976111396326218e+06
2.387972066949846223e+06
2.385398975710907485e+06
2.382570209762332961e+06
2.380227929114763159e+06
2.378823946103971452e+06
2.378491743940106127e+06
2.379352650442285463e+06
2.381374512047480792e+06
2.383915896587542258e+06
2.386322534001040738e+06
2.388354852173406165e+06
2.389479185168366414e+06
2.389450179497819394e+06
2.388529638670167886e+06
2.387054348077319562e+06
2.385389320646695793e+06
2.384166135324955452e+06
2.383901314976377413e+06
2.384604385862153023e+06
2.386076736467103940e+06
2.387869012757895980e+06
2.389807992522664368e+06
2.390963146600083448e+06
2.390950313245495781e+06
2.389644979800891131e+06
2.387500357920673676e+06
2.384555575831380207e+06
2.381804861083056778e+06
2.379673939058705699e+06
2.378621757386455778e+06
2.378782243827066384e+06
2.380344568219115492e+06
2.382709555028252304e+06
2.385298324475766625e+06
2.387581748051587027e+06
2.389171448124908376e+06
2.389559314214437734e+06
2.388806666904776823e+06
2.387219478630325757e+06
2.385279349498904310e+06
2.383387866879492998e+06
2.382462098972588778e+06
2.382545625737467781e+06
2.383521548285732511e+06
2.385424056153350510e+06
2.387922256586872973e+06
2.389855270765588153e+06
2.390908392198661808e+06
2.390710562950142194e+06
2.389264149538504891e+06
2.386847556856124662e+06
2.384165190807702951e+06
2.381621253217125311e+06
2.379960757872172631e+06
2.379365291345112957e+06
2.380211667815846391e+06
2.382090155619226862e+06
2.384406601456874982e+06
2.386810117415896151e+06
2.388854749909795821e+06
2.389655457128774840e+06
2.389240656818441115e+06
2.387820970662824810e+06
2.385674963782195002e+06
2.383238080270910170e+06
2.381579548245318700e+06
2.380709186056196224e+06
2.381044308898018207e+06
2.382466677254493814e+06
2.384900098796469625e+06
2.387296860933762975e+06
2.389293495987552218e+06
2.390093222131610382e+06
2.389823455982508138e+06
2.388239207595739514e+06
2.386072154812034220e+06
2.383545953201562166e+06
2.381744979850232601e+06
2.380375786582847126e+06
2.380636200842299964e+06
2.381981928043665364e+06
2.383874017024085391e+06
2.386213050928859971e+06
2.388327435844929423e+06
2.389413701023264322e+06
2.389397745215406176e+06
2.388295770598635543e+06
2.386167106042050757e+06
2.383582376501456834e+06
2.381264903468194883e+06
2.379553748696834780e+06
2.378991875318913721e+06
2.379608970575757325e+06
2.381553184586958494e+06
2.383981214903955813e+06
2.386308365605532192e+06
2.387921825626777485e+06
2.388587693836273625e+06
2.387808643907788675e+06
2.386458150731382892e+06
2.384647179840663448e+06
2.382747316213260870e+06
2.381373902048000600e+06
2.381103779398296028e+06
2.381655460767449811e+06
2.383252815278000198e+06
2.385150295756848995e+06
2.387152855242296588e+06
2.388513568746766075e+06
2.388977739322556648e+06
2.388142161957433447e+06
2.386511465588840190e+06
2.383833442339494359e+06
2.381254450265283231e+06
2.378972819124997128e+06
2.377635285466456320e+06
2.377106313874734566e+06
2.378358869278940838e+06
2.380114473783407826e+06
2.382441915717800148e+06
2.384289127947897650e+06
2.385917920633343980e+06
2.385992763917925768e+06
2.385948044641656801e+06
2.384369529193360824e+06
2.383578390568139963e+06
2.381431118523268029e+06
2.380989879049212206e+06
2.381913056205595378e+06
2.382815481168888044e+06
2.384395584971208591e+06
2.386163249917365145e+06
2.387718451488720719e+06
2.388266749852967449e+06
2.388069830217745155e+06
2.386655005376356188e+06
2.384293021474007983e+06
2.381820354968645144e+06
2.379540663496748544e+06
2.377451300719230901e+06
2.376416183937985916e+06
2.376451523426961154e+06
2.377483968491940293e+06
2.379115021047519054e+06
2.380963251689550467e+06
2.382626985126025043e+06
2.383705660786652472e+06
2.383894508434037678e+06
2.383608961120092310e+06
2.382891218866066542e+06
2.382042443459518719e+06
2.381726743787111249e+06
2.381950034046343528e+06
2.382514472916763276e+06
2.383652688698479440e+06
2.385121255984311923e+06
2.386404737255061977e+06
2.387321592107265722e+06
2.387413445746285375e+06
2.386496939645699691e+06
2.384873139718140941e+06
2.382784241213971283e+06
2.380473408754500095e+06
2.378328403790786862e+06
2.376694294701781124e+06
2.375930535925149452e+06
2.376130851540300529e+06
2.376988312955107074e+06
2.378132458015081473e+06
2.379527951088041998e+06
2.380761030943301506e+06
2.381650677631406579e+06
2.382020748165418394e+06
2.381963116063597146e+06
2.381758502783553675e+06
2.381733696143849287e+06
2.381957424115560018e+06
2.382301942335160915e+06
2.383047542525768280e+06
2.384078713158509228e+06
2.385044699330310803e+06
2.385802077540447470e+06
2.386113531674141530e+06
2.385692742071294226e+06
2.384621017591841519e+06
2.383040663976747543e+06
2.381311634873610456e+06
2.379381016907110810e+06
2.377577494108560029e+06
2.376333606071334798e+06
2.375645623865620699e+06
2.375442478301298805e+06
2.375861855914794374e+06
2.376627371489818208e+06
2.377569769044902176e+06
2.378743800467188004e+06
2.379637037964613643e+06
2.380164392607057001e+06
2.380608662540744059e+06
2.381037852392281871e+06
2.381445868138735183e+06
2.381894328178626485e+06
2.382365375942841638e+06
2.382961628639375325e+06
2.383677526467277668e+06
2.384322076887100004e+06
2.384674026324220002e+06
2.384671932526906952e+06
2.384226728037069552e+06
2.383460314832029399e+06
2.382339476388607174e+06
2.380945027708305977e+06
2.379431129371941555e+06
2.378030785491268151e+06
2.376767193870967720e+06
2.375895320998672396e+06
2.375427888263348956e+06
2.375422452581911813e+06
2.375862256553440355e+06
2.376695555813076906e+06
2.377677528128808830e+06
2.378803036582522560e+06
2.379673434886856936e+06
