4.425096624494508654e+07
4.425043621633673459e+07
4.425242974965247512e+07
4.425356457101477683e+07
4.425609000349532813e+07
4.425789188163792342e+07
4.425845691358339787e+07
4.425717232252251357e+07
4.425573291573695093e+07
4.425412723057286441e+07
4.425347571854472160e+07
4.425303368377241492e+07
4.425326142521549016e+07
4.425320937833063304e+07
4.425301744874987006e+07
4.425285404063528031e+07
4.425244618727839738e+07
4.425231171567444503e+07
4.425305610592477769e+07
4.425313371483808011e+07
4.425322099421871454e+07
4.425315124393052608e+07
4.425260829821117967e+07
4.425223361368247122e+07
4.425217165273299813e+07
4.425228542098765075e+07
4.425236372750626504e+07
4.425204898967714608e+07
4.425165745617936552e+07
4.425149615840482712e+07
4.425244503321599215e+07
4.425423957427465916e+07
4.425526229451188445e+07
4.425581228833832592e+07
4.425624406926587224e+07
4.425599042860677093e+07
4.425532757123736292e+07
4.425456626605516672e+07
4.425386726700476557e+07
4.425277683752218634e+07
4.425135657985188067e+07
4.424951183022289723e+07
4.424772678219430894e+07
4.424633214625385404e+07
4.424549378660244495e+07
4.424536950837834179e+07
4.424585223366916180e+07
4.424676375606677681e+07
4.424776372617024183e+07
4.424891952010142058e+07
4.425024905840409547e+07
4.425166095946285874e+07
4.425346701292674243e+07
4.425487931860512495e+07
4.425614755131239444e+07
4.425712720773500949e+07
4.425698158215321600e+07
4.425640344030852616e+07
4.425608216309573501e+07
4.425556617895095795e+07
4.425469822566065937e+07
4.425401877418007702e+07
4.425323465461092442e+07
4.425194683238472044e+07
4.425042077895260602e+07
4.424888466335600615e+07
4.424773062926825881e+07
4.424674637809800357e+07
4.424584831732892245e+07
4.424535302458947152e+07
4.424550154755707830e+07
4.424619727068076283e+07
4.424732351223389804e+07
4.424863884714365751e+07
4.424962943417874724e+07
4.424999990106671304e+07
4.425003151904261112e+07
4.424972744867905229e+07
4.424920373296695203e+07
4.424868539536604285e+07
4.424838863799319416e+07
4.424826179692939669e+07
4.424856049586560577e+07
4.424929457092116028e+07
4.424999565748720616e+07
4.425072291943737119e+07
4.425150437764608115e+07
4.425208428161704540e+07
4.425248001069089025e+07
4.425219056624017656e+07
4.425104107425267249e+07
4.424970095462197810e+07
4.424845146972537041e+07
4.424732385392240435e+07
4.424668415129169822e+07
4.424670432830743492e+07
4.424739790050420910e+07
4.424846272810772061e+07
4.424947543129452318e+07
4.425008568399416655e+07
4.425012107809662074e+07
4.424972649839796871e+07
4.424886421475511789e+07
4.424779304496700317e+07
4.424697635813538730e+07
4.424702256236933172e+07
4.424882477268955857e+07
4.425193433270815015e+07
4.425424292511204630e+07
4.425542121294400841e+07
4.425548873553433269e+07
4.425479090089208633e+07
4.425329810713341832e+07
4.425125877418113500e+07
4.424885105649936199e+07
4.424620085137566924e+07
4.424389913640900701e+07
4.424246933053872734e+07
4.424205107034746557e+07
4.424267253832145035e+07
4.424397705392400175e+07
4.424568907101841271e+07
4.424734367303191870e+07
4.424923427089139074e+07
4.425105231574715674e+07
4.425204247782851011e+07
4.425195879926587641e+07
4.425141324229425937e+07
4.425042684174360335e+07
4.424916884273935109e+07
4.424849210988723487e+07
4.424861622098154575e+07
4.424939034652016312e+07
4.425081837208876759e+07
4.425253736669051647e+07
4.425431932303705812e+07
4.425561590857587010e+07
4.425593784272515774e+07
4.425591763682343811e+07
4.425573369490559399e+07
4.425464726733112335e+07
4.425315005112519860e+07
4.425185487668699771e+07
4.425092654250192642e+07
4.425071127700120211e+07
4.425089426375023276e+07
4.425133358708211035e+07
4.425182129491587728e+07
4.425223819283519685e+07
4.425240296035304666e+07
4.425205545559912920e+07
4.425111101983808726e+07
4.424987163057768345e+07
4.424889368371856958e+07
4.424861700254093111e+07
4.424938116837090254e+07
4.425093398504000157e+07
4.425271041704058647e+07
4.425525437858608365e+07
4.425810352956975251e+07
4.426002693072718382e+07
4.426053423805715144e+07
4.425940337516545504e+07
4.425714419206847996e+07
4.425512703543312848e+07
4.425308395289231837e+07
4.425076775632761419e+07
4.424925398475048691e+07
4.424893471594094485e+07
4.424992456997913867e+07
4.425155904376599938e+07
4.425341048418153077e+07
4.425478561789200455e+07
4.425548065490676463e+07
4.425529251362367719e+07
4.425508710947071016e+07
4.425473572101955861e+07
4.425373283281256258e+07
4.425239797668023407e+07
4.425131620983432233e+07
4.425057713657009602e+07
4.425086195871419460e+07
4.425203530144052207e+07
4.425405639026558399e+07
4.425619345465032756e+07
4.425781145028193295e+07
4.425854539222492278e+07
4.425813562684647739e+07
4.425616042745396495e+07
4.425358812483455986e+07
4.425070055514996499e+07
4.424889494559112191e+07
4.424920473554735631e+07
4.424795726155902445e+07
4.424933590879926831e+07
4.425076319082808495e+07
4.425247734409175068e+07
4.425337600360840559e+07
4.425369515122223645e+07
4.425298332234320045e+07
4.425137675312914699e+07
4.424925158791979402e+07
4.424738111128416657e+07
4.424586202821804583e+07
4.424481963974414766e+07
4.424463002417962253e+07
4.424557573327336460e+07
4.424715823132374138e+07
4.424889007006312162e+07
4.425018101460349560e+07
4.425064755579383671e+07
4.425030938492271304e+07
4.424941159811585397e+07
4.424822238019527495e+07
4.424697191288967431e+07
4.424623808105196804e+07
4.424631097969400883e+07
4.424710597872898728e+07
4.424833461625153571e+07
4.424986925825568289e+07
4.425126724573785067e+07
4.425233031562633812e+07
4.425276353478861600e+07
4.425255889694012702e+07
4.425171626200798899e+07
4.425046936180256307e+07
4.424912283828040212e+07
4.424839194480592012e+07
4.424797054064512253e+07
4.424811266366015375e+07
4.424863240593064576e+07
4.424980864429208636e+07
4.425114560492698103e+07
4.425281533113017678e+07
4.425387725246169418e+07
4.425493621048872918e+07
4.425567863951618224e+07
4.425596032984775305e+07
4.425528274629745632e+07
4.425541491164615750e+07
4.425167727091294527e+07
4.425425897817187756e+07
4.425368189968796819e+07
4.425495818524742126e+07
4.425581269238884747e+07
4.425780277032255381e+07
4.425976099465668201e+07
4.426078631479447335e+07
4.426035153614365309e+07
4.425905086292094737e+07
4.425695944996798038e+07
4.425454185414966196e+07
4.425208132394468039e+07
4.425050230938214064e+07
4.424967239841957390e+07
4.424981828431395441e+07
4.425053905611865968e+07
4.425170118618189543e+07
4.425281853255208582e+07
4.425368319787211716e+07
4.425375142615120113e+07
4.425339608275834471e+07
4.425255460211354494e+07
4.425194494350894541e+07
4.425177926998406649e+07
4.425281302972237766e+07
4.425450246961764991e+07
4.425589391554131359e+07
4.425709815067629516e+07
4.425816557015403360e+07
4.425971191894473881e+07
4.426155597441088408e+07
4.426199734479273856e+07
4.426161463805178553e+07
4.426075434807623178e+07
4.425952653550614417e+07
4.425737668245694786e+07
4.425467499160104245e+07
4.425253686586736888e+07
4.425128847121131420e+07
4.425086729446898401e+07
4.425106690563903749e+07
4.425178912872359902e+07
4.425257460256601870e+07
4.425321220322128385e+07
4.425336885114022344e+07
4.425343176433984190e+07
4.425416782023002207e+07
4.425552022755026817e+07
4.425644429847735167e+07
4.425687927397979051e+07
4.425730515209352225e+07
4.425827965835434943e+07
4.425991376472343504e+07
4.426067156533288956e+07
4.426017234321739525e+07
4.425932958354883641e+07
4.425777072461561114e+07
4.425570541273840517e+07
4.425354889230602980e+07
4.425123421020577103e+07
4.424893916628452390e+07
4.424732050290270895e+07
4.424631059791730344e+07
4.424589052010935545e+07
4.424600870548970997e+07
4.424664863619070500e+07
4.424775992634017766e+07
4.424871487705772370e+07
4.424917703104853630e+07
4.424948854125727713e+07
4.424957337895461172e+07
4.424967840830750763e+07
4.424984526573115587e+07
4.425017498544049263e+07
4.425067282036156207e+07
4.425134136538310349e+07
4.425300320940528810e+07
4.425568412363652140e+07
4.425767551063371450e+07
4.425881417129465193e+07
4.425825493543010950e+07
4.425675129489989579e+07
4.425492469521407783e+07
4.425342684191064537e+07
4.425211512573304027e+07
4.425148564003217965e+07
4.425104162445823848e+07
4.425082026637369394e+07
4.424995674487952143e+07
4.424949063546032459e+07
4.424908053780571371e+07
4.424929707213672251e+07
4.424897858617223799e+07
4.424936870141830295e+07
4.424868808603618294e+07
