2.908992311824208125e+07
2.909585432851166278e+07
2.909552821593045443e+07
2.909840570227374509e+07
2.909833198188608140e+07
2.909849959925524890e+07
2.909741072838667780e+07
2.909734894029302150e+07
2.909650761623904109e+07
2.909669988805366307e+07
2.909601625557784736e+07
2.909512115410324931e+07
2.909451907764512300e+07
2.909572809493440390e+07
2.909495799456131831e+07
2.909221808534276485e+07
2.908879260318314284e+07
2.908602814912228659e+07
2.908378204161345586e+07
2.908251881523342803e+07
2.908332938212666288e+07
2.908640964116108790e+07
2.908894817569782585e+07
2.909098245857552812e+07
2.909211957103687152e+07
2.909249462441280112e+07
2.909221044821428135e+07
2.909204705529227853e+07
2.909320200528356805e+07
2.909482029723854735e+07
2.909531316592509672e+07
2.909478923728399724e+07
2.909301808858551085e+07
2.909047191079146415e+07
2.908823439833993465e+07
2.908713612761962414e+07
2.908692561351827532e+07
2.908783518367283419e+07
2.908883471364004910e+07
2.908730375196228921e+07
2.908390165124526247e+07
2.907980402271644771e+07
2.907600840806719288e+07
2.907297481895730272e+07
2.907109958516754583e+07
2.907065467367684096e+07
2.907237233565797657e+07
2.907553741890813038e+07
2.907831631525065377e+07
2.908066498388311267e+07
2.908171589185905457e+07
2.908373147178764641e+07
2.908561605174672976e+07
2.908569820149775222e+07
2.908526244943971932e+07
2.908493218496051431e+07
2.908401636693036184e+07
2.908409410575658083e+07
2.908489651207952946e+07
2.908498871025970578e+07
2.908475471889647841e+07
2.908612527047555521e+07
2.908745156718396023e+07
2.908870235093018785e+07
2.909001721871900931e+07
2.909067854460620880e+07
2.909085150238972902e+07
2.908908333689315245e+07
2.908687567426447198e+07
2.908562016954430938e+07
2.908610149594236538e+07
2.908747847453795373e+07
2.908841321177284420e+07
2.908893672788192704e+07
2.908889618409441039e+07
2.908893259130626172e+07
2.908843261085032672e+07
2.908637757960219681e+07
2.908534970622136444e+07
2.908393048892945424e+07
2.908331773697636649e+07
2.908349605664112419e+07
2.908265401476923376e+07
2.908106954243020341e+07
2.908078322170700133e+07
2.908072365006042272e+07
2.908064742969433591e+07
2.907978807731996104e+07
2.907827823559552431e+07
2.907662533780013025e+07
2.907472976175802946e+07
2.907247950459918752e+07
2.906961717806160077e+07
2.906765621895422786e+07
2.906760934588921815e+07
2.906942179106843472e+07
2.907340447681848705e+07
2.907774388159075379e+07
2.908122949148248136e+07
2.908380335640164837e+07
2.908476234796536714e+07
2.908405863309610263e+07
2.908322104038991034e+07
2.908328574963162094e+07
2.908278816098733619e+07
2.908148594568276778e+07
2.908002563215455040e+07
2.907975987425103784e+07
2.908078143973518535e+07
2.908177738476741686e+07
2.908207451905849576e+07
2.908320049361280724e+07
2.908579101413432136e+07
2.908713658837113157e+07
2.908661985652166232e+07
2.908382327196146548e+07
2.907973372321244702e+07
2.907597293382127956e+07
2.907460869380512089e+07
2.907528269793234393e+07
2.907605265166563168e+07
2.907740699542595819e+07
2.907938812075846270e+07
2.908210411634821817e+07
2.908519083018951863e+07
2.908647053303193301e+07
2.908711849471846223e+07
2.908642271575511247e+07
2.908542641551531479e+07
2.908442766894308850e+07
2.908496719229747728e+07
2.908642544030259922e+07
2.908737631715039164e+07
2.908856750440234318e+07
2.909046168437476829e+07
2.909102165210399777e+07
2.909180220056719705e+07
2.909159070188852772e+07
2.908897119542923942e+07
2.908489825175320730e+07
2.908079335443427786e+07
2.907713916552633420e+07
2.907491856000858918e+07
2.907389837579222769e+07
2.907448104444051161e+07
2.907511302413488552e+07
2.907506468895402923e+07
2.907436785849267989e+07
2.907414412678784132e+07
2.907393529419702291e+07
2.907419856204507127e+07
2.907453507097059116e+07
2.907386139977405593e+07
2.907193977483488619e+07
2.906990993332417682e+07
2.906827399712891877e+07
2.906852383437344804e+07
2.907037276000057161e+07
2.907313914970247447e+07
2.907554230601761118e+07
2.907775192471842095e+07
2.907905306295579299e+07
2.907988541557618231e+07
2.907930784824157506e+07
2.907687101544722170e+07
2.907361029907516018e+07
2.907126516975748166e+07
2.906969246535697579e+07
2.906933678036393598e+07
2.907039849621785432e+07
2.907195203702316061e+07
2.907317850337268040e+07
2.907401922852118313e+07
2.907433552959662303e+07
2.907405398694902286e+07
2.907384555480070040e+07
2.907355108262065053e+07
2.907142148531661183e+07
2.906908534408587962e+07
2.906744287773706764e+07
2.906722895859343559e+07
2.906806487019916624e+07
2.907113193545954302e+07
2.907433575608307868e+07
2.907686657666978240e+07
2.907765538855428621e+07
2.907730782738972828e+07
2.907554176682416350e+07
2.907394054542308673e+07
2.907249891783288866e+07
2.907136522750727832e+07
2.906972162246848643e+07
2.907006779624319822e+07
2.907090657079343125e+07
2.907354994139801711e+07
2.907893764001268148e+07
2.908482006268991157e+07
2.908824864809732512e+07
2.909028428501208127e+07
2.909167518710074574e+07
2.909066083194771782e+07
2.908897612592751905e+07
2.908848647426152974e+07
2.908599010210278258e+07
2.908242966493535414e+07
2.907998719559379295e+07
2.908096987457767874e+07
2.908311270833275467e+07
2.908467441280126572e+07
2.908575032051678747e+07
2.908641444323664531e+07
2.908619182200745121e+07
2.908537614144552499e+07
2.908405609257335216e+07
2.908405514664040878e+07
2.908422427264282852e+07
2.908349843461380154e+07
2.908316109670532867e+07
2.908280906284292042e+07
2.908122054454455897e+07
2.908061127868586406e+07
2.907994092357564718e+07
2.907975475223522261e+07
2.907886246020028368e+07
2.907905486297410727e+07
2.907810577516297624e+07
2.907542632878043503e+07
2.907189335907808691e+07
2.906920402682591975e+07
2.906758310369049758e+07
2.906870348823477328e+07
2.907085714093604684e+07
2.907424142551536486e+07
2.907599212295053527e+07
2.907769360342054814e+07
2.907683536266680062e+07
2.907611933270109072e+07
2.907398750399148837e+07
2.907410055733007565e+07
2.907173122745410353e+07
2.907632984133645147e+07
2.907260295473205298e+07
2.907394188221731409e+07
2.907496048225749657e+07
2.907689388858834654e+07
2.907845561768412217e+07
2.908115761516731605e+07
2.908248829160359502e+07
2.908372722404232621e+07
2.908404883139197156e+07
2.908348476418242604e+07
2.908240100686002150e+07
2.908140532642260194e+07
2.908057542539594322e+07
2.907953812845159322e+07
2.908117930472965911e+07
2.908362096295544878e+07
2.908513199589579180e+07
2.908679588181366399e+07
2.908768920040308312e+07
2.908756431494046003e+07
2.908746274817929044e+07
2.908792920496624708e+07
2.908718412422422320e+07
2.908613164186639711e+07
2.908577597136412933e+07
2.908592815902789682e+07
2.908590528394934162e+07
2.908618670553560928e+07
2.908704319909789786e+07
2.908764721320542693e+07
2.908929527578502893e+07
2.909145021874527261e+07
2.909127753903612494e+07
2.908854257423642278e+07
2.908470615480546281e+07
2.908054716527401656e+07
2.907703603603414074e+07
2.907546593022662401e+07
2.907529492011704296e+07
2.907619102600267902e+07
2.907831576155417413e+07
2.908142329083985463e+07
2.908236353870046139e+07
2.908163765777837858e+07
2.908086092760824040e+07
2.908019918981283531e+07
2.907939329813565686e+07
2.907937598617685586e+07
2.908114592594199628e+07
2.908237109262955561e+07
2.908276243570220470e+07
2.908327174159669131e+07
2.908370554740271717e+07
2.908401681465729326e+07
2.908322944421110675e+07
2.908208344200332835e+07
2.908099870846134424e+07
2.908093109303940088e+07
2.908203906376664713e+07
2.908168307908857986e+07
2.907925955529137701e+07
2.907591573391016573e+07
2.907283472767728940e+07
2.907051633450326324e+07
2.906988097245540470e+07
2.907054170945161581e+07
2.907290761968656629e+07
2.907591194635784253e+07
2.907726348420279473e+07
2.907728826409683377e+07
2.907651399710458145e+07
2.907550711743650585e+07
2.907459511066905409e+07
2.907438448474656790e+07
2.907444229457360506e+07
2.907438094664231688e+07
2.907486333611652628e+07
2.907632126466152072e+07
2.907749305026922747e+07
2.907757356288352609e+07
2.907730865152527764e+07
2.907677429507762194e+07
2.907555047894427925e+07
2.907356517655409500e+07
2.907294808308011293e+07
2.907273857910189033e+07
2.907193940812071040e+07
2.907040234292536974e+07
2.906928845245549083e+07
2.906862241628476232e+07
2.906931538022908568e+07
2.907065041879046336e+07
2.907434309944011644e+07
2.907749720878774300e+07
2.908010221605515108e+07
