6.676087809590146691e+07
6.676199846701193601e+07
6.676230391509188712e+07
6.676272943621483445e+07
6.676295051704860479e+07
6.676329683796834201e+07
6.676352326284657419e+07
6.676374605217932165e+07
6.676383346238459647e+07
6.676386969400659204e+07
6.676389419817542285e+07
6.676353101311188191e+07
6.676268349824828655e+07
6.676180438811708987e+07
6.676077104075642675e+07
6.675979247312109172e+07
6.675870162640630454e+07
6.675773932888620347e+07
6.675709775526422262e+07
6.675694329212601483e+07
6.675721026415340602e+07
6.675785443347012997e+07
6.675871382680021971e+07
6.675980151431385428e+07
6.676091858893804997e+07
6.676192957485382259e+07
6.676264062433896214e+07
6.676312563265923411e+07
6.676338677491385490e+07
6.676337941945520043e+07
6.676332199084506184e+07
6.676325630804768205e+07
6.676322244489578158e+07
6.676324833746012300e+07
6.676336678905975074e+07
6.676333271992168576e+07
6.676310999301848561e+07
6.676274094584601372e+07
6.676211325789209455e+07
6.676112766824978590e+07
6.675993229491320997e+07
6.675869386255398393e+07
6.675759063470239937e+07
6.675686685211129487e+07
6.675660428458247334e+07
6.675696107516612113e+07
6.675791345164502412e+07
6.675926135118734837e+07
6.676080390548124164e+07
6.676233391324140877e+07
6.676350686877471209e+07
6.676429154774606973e+07
6.676460497394899279e+07
6.676453449233436584e+07
6.676422096759212762e+07
6.676380529530511796e+07
6.676356783835183084e+07
6.676371248023760319e+07
6.676403219917304069e+07
6.676435840971041471e+07
6.676469135598280281e+07
6.676486708787635714e+07
6.676469177886402607e+07
6.676399902394518256e+07
6.676270468546989560e+07
6.676091588380441815e+07
6.675907460286945850e+07
6.675742272034581751e+07
6.675623314483767748e+07
6.675578936491545290e+07
6.675617087532412261e+07
6.675721299283827096e+07
6.675878532375472784e+07
6.676047944228181243e+07
6.676197382385095954e+07
6.676291521908350289e+07
6.676335389873249829e+07
6.676322798724153638e+07
6.676272720178598911e+07
6.676208551818595082e+07
6.676150098112936318e+07
6.676124643347241729e+07
6.676146618353591859e+07
6.676206078313020617e+07
6.676286096104614437e+07
6.676355322922746092e+07
6.676378279832030088e+07
6.676329425566373765e+07
6.676215927825357765e+07
6.676042850297936797e+07
6.675844014043940604e+07
6.675653325015337020e+07
6.675502857455214113e+07
6.675421640508185327e+07
6.675426927610421926e+07
6.675510822787293047e+07
6.675671011073579639e+07
6.675866889308983088e+07
6.676053151464881748e+07
6.676206266483829916e+07
6.676298574337836355e+07
6.676313451459296048e+07
6.676260630507071316e+07
6.676174096751964837e+07
6.676079716764760017e+07
6.676015385027584434e+07
6.676024184202853590e+07
6.676091095875151455e+07
6.676198304907812923e+07
6.676323470108229667e+07
6.676424042886845022e+07
6.676462632024835795e+07
6.676419904323142767e+07
6.676290900749282539e+07
6.676100385300301760e+07
6.675872915384697169e+07
6.675667829225262254e+07
6.675522189937637746e+07
6.675459887639643252e+07
6.675495394273048639e+07
6.675621230437084287e+07
6.675810709962732345e+07
6.676016678034216166e+07
6.676201303339568526e+07
6.676325379215637594e+07
6.676359821832441539e+07
6.676313834467157722e+07
6.676212135429065675e+07
6.676083539819137007e+07
6.675965856931700557e+07
6.675911570246589929e+07
6.675939696962904185e+07
6.676028614957089722e+07
6.676165390078832209e+07
6.676321814025464654e+07
6.676432141169800609e+07
6.676468368209493160e+07
6.676398034877164662e+07
6.676244049870849401e+07
6.676022135150752217e+07
6.675786113490632921e+07
6.675586500833503157e+07
6.675463831925393641e+07
6.675438356343992054e+07
6.675523143855444342e+07
6.675689461398555338e+07
6.675896635739785433e+07
6.676099961643815786e+07
6.676255661428181827e+07
6.676327233226473629e+07
6.676303995967248082e+07
6.676199411828047782e+07
6.676047002017432451e+07
6.675887196395800263e+07
6.675781992011153698e+07
6.675754457455467433e+07
6.675813530940673500e+07
6.675953496040321141e+07
6.676145981478179991e+07
6.676324850687123090e+07
6.676437009132588655e+07
6.676450371395671368e+07
6.676363782188537717e+07
6.676185504128757119e+07
6.675964514074898511e+07
6.675750638155693561e+07
6.675588042812647671e+07
6.675510847142713517e+07
6.675550594490675628e+07
6.675691598707287014e+07
6.675892016916995496e+07
6.676099833712483197e+07
6.676272142370751500e+07
6.676376245636426657e+07
6.676378927462952584e+07
6.676291156677043438e+07
6.676135290106393397e+07
6.675946183180609345e+07
6.675790149186881632e+07
6.675699058584552258e+07
6.675690643060531467e+07
6.675776193824475259e+07
6.675932048446532339e+07
6.676116053354313970e+07
6.676278637470241636e+07
6.676374997637203336e+07
6.676380457489744574e+07
6.676288959347067773e+07
6.676125065782950073e+07
6.675932815568743646e+07
6.675756157593306154e+07
6.675639440133796632e+07
6.675664411852350831e+07
6.675690762843700498e+07
6.675847223515258729e+07
6.676035503216321766e+07
6.676222837196079642e+07
6.676350421871473640e+07
6.676393056191466749e+07
6.676342784410911053e+07
6.676203708879472315e+07
6.676007061018944532e+07
6.675813016854840517e+07
6.675648950037887692e+07
6.675568945820684731e+07
6.675589982584079355e+07
6.675719050833944231e+07
6.675901336194963008e+07
6.676098997049775720e+07
6.676250110116016865e+07
6.676328592238620669e+07
6.676308070284412056e+07
6.676226307488645613e+07
6.676099174182617664e+07
6.675953849062030762e+07
6.675829148740659654e+07
6.675777692346311361e+07
6.675796958539962769e+07
6.675898012516260892e+07
6.676040849639917165e+07
6.676202602892324328e+07
6.676325687187361717e+07
6.676386890085833520e+07
6.676357053052332252e+07
6.676247713343036175e+07
6.676060066777592152e+07
6.675851316266197711e+07
6.675657967837940156e+07
6.675523558647636324e+07
6.675469967596802115e+07
6.675532837194176018e+07
6.675666349848157167e+07
6.675839460919329524e+07
6.676002955774781108e+07
6.676137034879210591e+07
6.676187918474581838e+07
6.676187059659228474e+07
6.676105119996579736e+07
6.676024399538819492e+07
6.675911452194595337e+07
6.675928217698468268e+07
6.675883557881766558e+07
6.675967319056558609e+07
6.676079409333571047e+07
6.676233449170023203e+07
6.676358444950486720e+07
6.676445555337073654e+07
6.676450610514596850e+07
6.676368033091270924e+07
6.676202215532237291e+07
6.676015778869499266e+07
6.675824756446997076e+07
6.675657308719760180e+07
6.675548959933062643e+07
6.675536851972535998e+07
6.675607234950000048e+07
6.675738521020601690e+07
6.675893857848546654e+07
6.676049198032320291e+07
6.676159669173632562e+07
6.676220359895483404e+07
6.676234220825259387e+07
6.676208077201803029e+07
6.676160067684517056e+07
6.676135209988629073e+07
6.676135914806569368e+07
6.676176451090008765e+07
6.676258596315968037e+07
6.676374719051522017e+07
6.676488112740112841e+07
6.676572537399186194e+07
6.676599587151974440e+07
6.676564421301750839e+07
6.676460869771342725e+07
6.676306072127007693e+07
6.676116812004143000e+07
6.675928901279772073e+07
6.675770099170218408e+07
6.675676627813154459e+07
6.675657194571264088e+07
6.675701037652257830e+07
6.675782038228382915e+07
6.675881745024209470e+07
6.675977507440303266e+07
6.676059168009320647e+07
6.676103361992967129e+07
6.676117776273579150e+07
6.676107606152413785e+07
6.676107699384272844e+07
6.676127522686428577e+07
6.676154093065805733e+07
6.676207912874714285e+07
6.676284557088649273e+07
6.676360277907419205e+07
6.676421626011496037e+07
6.676449643638966233e+07
6.676427718096457422e+07
6.676353092005851120e+07
6.676230918880308419e+07
6.676090385254047811e+07
6.675925576805133373e+07
6.675770708209034055e+07
6.675651077217620611e+07
6.675577110127302259e+07
6.675546844601354748e+07
6.675562341756960005e+07
6.675604069735159725e+07
6.675670648710154742e+07
6.675749190786840022e+07
6.675818560237442702e+07
6.675875934465903044e+07
6.675918425387348235e+07
6.675964230040571839e+07
6.676016067252413929e+07
6.676065054017569870e+07
6.676115245778702945e+07
6.676169591842346638e+07
6.676228733173533529e+07
6.676279413851960003e+07
6.676312100741650164e+07
6.676315004737102985e+07
6.676290599559964985e+07
6.676234710103257000e+07
6.676152687080525607e+07
6.676047409341537207e+07
6.675935241138494015e+07
6.675823281205431372e+07
6.675727053535719961e+07
6.675653311231285334e+07
6.675608466597951949e+07
6.675590438326420635e+07
6.675619266759770364e+07
6.675665373804406822e+07
6.675747545229937136e+07
6.675822843742214888e+07
6.675927683935134113e+07
