2.530803626637393609e+07
2.530947272086413577e+07
2.530964473384393752e+07
2.531016068138962984e+07
2.531032715955976769e+07
2.531078988177103922e+07
2.531106418765273318e+07
2.531123220811942220e+07
2.531114494935079291e+07
2.531096427406068891e+07
2.531050241938499734e+07
2.530974888834792748e+07
2.530857921247598529e+07
2.530747672518634424e+07
2.530625728072251752e+07
2.530510352814414352e+07
2.530411981022450328e+07
2.530345028919376805e+07
2.530311225139829516e+07
2.530329823296398297e+07
2.530409349654250219e+07
2.530516203107412159e+07
2.530646335092654824e+07
2.530798027492784709e+07
2.530940388090315461e+07
2.531041494685687870e+07
2.531080824732616544e+07
2.531106475436497480e+07
2.531106970552928746e+07
2.531091020460388809e+07
2.531083272037518397e+07
2.531087076184875891e+07
2.531088261515079439e+07
2.531091610456628725e+07
2.531096073427279294e+07
2.531066898229648173e+07
2.530992080348616093e+07
2.530889710816980526e+07
2.530759464223866165e+07
2.530604823657792434e+07
2.530443754143268615e+07
2.530298796370459720e+07
2.530182091156708449e+07
2.530131551304588839e+07
2.530167807124811038e+07
2.530246316380745545e+07
2.530376606663966924e+07
2.530547308085280657e+07
2.530718720599462464e+07
2.530862103459924087e+07
2.530969971480835974e+07
2.531020677080126852e+07
2.531022485392374545e+07
2.531002381900076941e+07
2.530969086775496975e+07
2.530939340575164557e+07
2.530939748053536937e+07
2.530959699479727820e+07
2.531003098262002319e+07
2.531038730349341780e+07
2.531032230078400671e+07
2.531001048913785443e+07
2.530932834339823201e+07
2.530798114259688929e+07
2.530615803092499450e+07
2.530418854986016080e+07
2.530233495362966135e+07
2.530103808275438100e+07
2.530061627408368140e+07
2.530106719090308622e+07
2.530233953273857757e+07
2.530429192959602922e+07
2.530653384878634289e+07
2.530856716637617722e+07
2.531002583909799159e+07
2.531086937745843455e+07
2.531108326873942837e+07
2.531073300030703843e+07
2.531012065878402442e+07
2.530950365920859575e+07
2.530917519729810581e+07
2.530926285231459886e+07
2.530987760302546248e+07
2.531072733718587086e+07
2.531145209879228845e+07
2.531182390863824636e+07
2.531166846345362067e+07
2.531065938093658909e+07
2.530871727956188470e+07
2.530628560144191980e+07
2.530383367828022316e+07
2.530160881740067899e+07
2.530029588336636499e+07
2.530009094924173132e+07
2.530093060825112835e+07
2.530271679336477816e+07
2.530517690358905494e+07
2.530758420697229728e+07
2.530946637863876671e+07
2.531076651462654769e+07
2.531123528105534241e+07
2.531073845608712360e+07
2.530968655522096157e+07
2.530853402475588769e+07
2.530772409768849611e+07
2.530744661199029535e+07
2.530805739131056145e+07
2.530916788170882314e+07
2.531034378089011461e+07
2.531154068050238118e+07
2.531224673845329508e+07
2.531196280791656673e+07
2.531068017989814281e+07
2.530848810031992570e+07
2.530575627083784714e+07
2.530293948209418729e+07
2.530082299542624876e+07
2.529965243198684976e+07
2.529960466389796138e+07
2.530084059153338522e+07
2.530312205563934147e+07
2.530574729758262262e+07
2.530805134475044161e+07
2.530983485001132637e+07
2.531062911314383149e+07
2.531045251098944619e+07
2.530950270937160030e+07
2.530814246180067211e+07
2.530665592345295846e+07
2.530572579981084913e+07
2.530577998377458379e+07
2.530662065640164539e+07
2.530804093704738095e+07
2.530981681691507995e+07
2.531144849036906287e+07
2.531220745328344032e+07
2.531175760988686234e+07
2.531015369530887157e+07
2.530778747223621607e+07
2.530491776535373554e+07
2.530247372315210104e+07
2.530083744221428409e+07
2.530023708122908697e+07
2.530079488845178112e+07
2.530257276441670582e+07
2.530506137552248314e+07
2.530759194706573710e+07
2.530967893350306898e+07
2.531088734734323248e+07
2.531096857123833522e+07
2.531005604701831192e+07
2.530847631276533753e+07
2.530664542516208068e+07
2.530514911564448848e+07
2.530461453220551088e+07
2.530494628106270730e+07
2.530596642191485316e+07
2.530792225483320653e+07
2.531020101946407557e+07
2.531178589053640142e+07
2.531224759015947580e+07
2.531168976118756458e+07
2.531000028177736327e+07
2.530717024381209165e+07
2.530435933330596983e+07
2.530210876790786535e+07
2.530072309050048515e+07
2.530047460551076755e+07
2.530163322244298458e+07
2.530368167276606709e+07
2.530601939227817208e+07
2.530838348496346921e+07
2.531016965197959542e+07
2.531076613555458933e+07
2.531009570710608736e+07
2.530851555086870864e+07
2.530631018493721634e+07
2.530413366369704902e+07
2.530277015870874748e+07
2.530237354625510052e+07
2.530316676893714443e+07
2.530496317993268743e+07
2.530749447414384782e+07
2.530986845939690620e+07
2.531150407575288415e+07
2.531193891584102809e+07
2.531116603577444702e+07
2.530921288345356658e+07
2.530673885342055559e+07
2.530432600244918838e+07
2.530254079988535866e+07
2.530184729693640023e+07
2.530295992605630308e+07
2.530411210034239292e+07
2.530648346813718230e+07
2.530873439363456890e+07
2.531050851559915021e+07
2.531123529502113163e+07
2.531088528376795724e+07
2.530946185780128092e+07
2.530736467725903913e+07
2.530475443250248954e+07
2.530252270772386715e+07
2.530120913228069618e+07
2.530095379705954343e+07
2.530196618648516759e+07
2.530429725622579828e+07
2.530682689448684826e+07
2.530906061407027021e+07
2.531054819564756006e+07
2.531078659458658099e+07
2.530972098707681149e+07
2.530814241928623989e+07
2.530627800377492979e+07
2.530459936359068751e+07
2.530365500370356813e+07
2.530386722106681764e+07
2.530497560967042297e+07
2.530661340423303843e+07
2.530841056334321573e+07
2.531011460240704939e+07
2.531103519215560704e+07
2.531099571681519970e+07
2.530988858086146042e+07
2.530795976145970076e+07
2.530539945716474578e+07
2.530299564651249349e+07
2.530098780159250274e+07
2.530002414216591418e+07
2.530020144120790437e+07
2.530175733260343224e+07
2.530392193025273457e+07
2.530613190603878722e+07
2.530782484740001336e+07
2.530907999927439913e+07
2.530919626073348150e+07
2.530878393415553123e+07
2.530755766597154364e+07
2.530640270127015188e+07
2.530504849293220043e+07
2.530570761770468950e+07
2.530541971414140239e+07
2.530683493547608331e+07
2.530848857191964611e+07
2.531040871430649608e+07
2.531167326597223431e+07
2.531217360106885061e+07
2.531143270312220603e+07
2.530964867258436605e+07
2.530712720935960487e+07
2.530467944042951241e+07
2.530257134380565956e+07
2.530091980731749535e+07
2.530016005242051557e+07
2.530059580869668722e+07
2.530188274724212661e+07
2.530370639633649215e+07
2.530563645609048381e+07
2.530720179700324684e+07
2.530803478945785016e+07
2.530803116650683433e+07
2.530753640437129512e+07
2.530674908264485002e+07
2.530598384264542907e+07
2.530595243616576865e+07
2.530647022958913445e+07
2.530733149759553745e+07
2.530858633911397681e+07
2.531011704338170215e+07
2.531134464729595557e+07
2.531203110877438262e+07
2.531177069905260205e+07
2.531050828167207167e+07
2.530861255815596506e+07
2.530638886882117763e+07
2.530409713867679983e+07
2.530212307681382447e+07
2.530071066843701154e+07
2.530041675217032433e+07
2.530104061974424869e+07
2.530217993084114417e+07
2.530355921038034931e+07
2.530495514516351372e+07
2.530603821556465700e+07
2.530679847008832917e+07
2.530701336159189418e+07
2.530682464689842984e+07
2.530663825074052438e+07
2.530671014724352956e+07
2.530704248539451510e+07
2.530762660016054288e+07
2.530849532583256811e+07
2.530957361653033644e+07
2.531060911432566121e+07
2.531129925031090155e+07
2.531142111203992367e+07
2.531078620397536084e+07
2.530937056877860427e+07
2.530758639277942106e+07
2.530571808650592342e+07
2.530369979873576760e+07
2.530204620754127949e+07
2.530103738350021094e+07
2.530066418505086377e+07
2.530078070393739268e+07
2.530142883899984881e+07
2.530238783907597885e+07
2.530341564301020652e+07
2.530445209267578647e+07
2.530520832363085076e+07
2.530556314467573538e+07
2.530594201095714793e+07
2.530634421163822338e+07
2.530680515317523107e+07
2.530724655666462332e+07
2.530789737953145429e+07
2.530856478187412396e+07
2.530933968483245745e+07
2.530999433211997151e+07
2.531029902144396305e+07
2.531014599149472266e+07
2.530955194173593447e+07
2.530852395932309702e+07
2.530724203523427621e+07
2.530571092413787916e+07
2.530420623910886794e+07
2.530281268887614086e+07
2.530177260704069212e+07
2.530103650986560434e+07
2.530087012938908860e+07
2.530103138427350670e+07
2.530171571482225507e+07
2.530261558462487534e+07
2.530377282287047058e+07
2.530461552005181834e+07
2.530578351043514162e+07
