1.595293273194585927e+07
1.597777081828579865e+07
1.596932995420653187e+07
1.597369585680880398e+07
1.597045462007639557e+07
1.597466550588669069e+07
1.596762243583313003e+07
1.596978669160870649e+07
1.597153970673204400e+07
1.596976526533176750e+07
1.596947849828403257e+07
1.597413822961599566e+07
1.596823707984345593e+07
1.596661844218491949e+07
1.596423324243588373e+07
1.596339806439626403e+07
1.596265017942893878e+07
1.596105063984042779e+07
1.596383922063898854e+07
1.596860018654587492e+07
1.596636036996132880e+07
1.596673845922039077e+07
1.596562785364571959e+07
1.596598753161641210e+07
1.596627813749108650e+07
1.596708834025763161e+07
1.597160598550365120e+07
1.597070727904135548e+07
1.596668633148423955e+07
1.596335025149475038e+07
1.596221638405880891e+07
1.596640457920542732e+07
1.597356240485933609e+07
1.597411668802483007e+07
1.597150273750643805e+07
1.596892140790689923e+07
1.596033840063557215e+07
1.595033020901912078e+07
1.594083331377388351e+07
1.593444472877362743e+07
1.592956530266135558e+07
1.592508642648672685e+07
1.592170168922443688e+07
1.592133249610789120e+07
1.592214049626783654e+07
1.592543412130859122e+07
1.592970426500738785e+07
1.593651807504499517e+07
1.594032730570916645e+07
1.594023819429978728e+07
1.593829907150602341e+07
1.593476935903939418e+07
1.592981130225037038e+07
1.592401242977551557e+07
1.592237418294395134e+07
1.592172871032741107e+07
1.591963863771555200e+07
1.592163667759271152e+07
1.592755418159537204e+07
1.593555399852377176e+07
1.593828462043428235e+07
1.593425999920632690e+07
1.593005322856050357e+07
1.592865822538299672e+07
1.593246322886100784e+07
1.593168285784222744e+07
1.592743238926449977e+07
1.592480562220537849e+07
1.592439716239655949e+07
1.592556749529168755e+07
1.592962509003745951e+07
1.593707869307883829e+07
1.594229782497240044e+07
1.594401020879997127e+07
1.594536537345050089e+07
1.594537908596330509e+07
1.594750062742089108e+07
1.594870944151228666e+07
1.594945981140191853e+07
1.595152370045416616e+07
1.595213632079020329e+07
1.594940744801441580e+07
1.594780088197172433e+07
1.594534312198167853e+07
1.594373454087981209e+07
1.594257418361779675e+07
1.594248397652707435e+07
1.594158718236948363e+07
1.594169221363548748e+07
1.594137149874411710e+07
1.594188846455054358e+07
1.594303175839629024e+07
1.594484305336908437e+07
1.594856613382260315e+07
1.595587857971389964e+07
1.596388465855085291e+07
1.596880147125848755e+07
1.597287443527767435e+07
1.597584210824175552e+07
1.597795827568765171e+07
1.597813535031351075e+07
1.597619374298372865e+07
1.597254983736415580e+07
1.597214744712848775e+07
1.597184847961499915e+07
1.597570727966619469e+07
1.598070902293618396e+07
1.598206380680676363e+07
1.597764820573529974e+07
1.597061686558694020e+07
1.596822550401890837e+07
1.596164399461405911e+07
1.595690695222994313e+07
1.595276415625653602e+07
1.594608153808953054e+07
1.593808196592420712e+07
1.593131853408625536e+07
1.592680619545095041e+07
1.592737689651788026e+07
1.593182263037374243e+07
1.593864475983002223e+07
1.593830352213397995e+07
1.593499585112575069e+07
1.593477556539032049e+07
1.593490315916686319e+07
1.593110247448065132e+07
1.592608460285875015e+07
1.592066402506363578e+07
1.591721422617914714e+07
1.591429844674217515e+07
1.591258688476284035e+07
1.591024982255631126e+07
1.590897078161581419e+07
1.590809540372072347e+07
1.590708008837576397e+07
1.590580072451951541e+07
1.590420825721583515e+07
1.590496340713238344e+07
1.590723070190728083e+07
1.590352805492858775e+07
1.589429016288425401e+07
1.588615450540449284e+07
1.588079695151041634e+07
1.587534103705810383e+07
1.587083972934582457e+07
1.586767619281041063e+07
1.586596314822565205e+07
1.586655618192493543e+07
1.586896316659098491e+07
1.586644436663789488e+07
1.586268064724749885e+07
1.585849087844100408e+07
1.585550047743348777e+07
1.585294651352516748e+07
1.585239270155473612e+07
1.585056547755394317e+07
1.585026117687558755e+07
1.585163174259982631e+07
1.585556949583188258e+07
1.585916840339968354e+07
1.586299555307131074e+07
1.586555399887790345e+07
1.586198089435706288e+07
1.585820363318810612e+07
1.585858958929533139e+07
1.585995293836981803e+07
1.585892903656279109e+07
1.586103127634906769e+07
1.586624900757715665e+07
1.586720962918655574e+07
1.586688482735402323e+07
1.586587578592099994e+07
1.586657199454988353e+07
1.586375602266282216e+07
1.586375281246905588e+07
1.586062937743969820e+07
1.585712398698100261e+07
1.585758218421620317e+07
1.585788385538011603e+07
1.585717790722466819e+07
1.586181062975018471e+07
1.586356915349066071e+07
1.586541104420510307e+07
1.587054876609383523e+07
1.587213146002801508e+07
1.587058044048753940e+07
1.587381356630237214e+07
1.587303816320185177e+07
1.587392939354697615e+07
1.586925025940752402e+07
1.586639072925865650e+07
1.586274906799861975e+07
1.586464545743463188e+07
1.586134462645569071e+07
1.586059982097069547e+07
1.586156423268179968e+07
1.586328527454051189e+07
1.586457402285757847e+07
1.586239480611688271e+07
1.585997114915337600e+07
1.585894405746705830e+07
1.585926033454501256e+07
1.586071818508987688e+07
1.586159245451144688e+07
1.586228711318140849e+07
1.586130639943377674e+07
1.586096465779162757e+07
1.586192874297450669e+07
1.586460048599818349e+07
1.586462007018718682e+07
1.586428371373016760e+07
1.586404825954749994e+07
1.586388536691754870e+07
1.586249627480665594e+07
1.586272471288793534e+07
1.586278607831419818e+07
1.586256785810811073e+07
1.586007912081916630e+07
1.585955083473450318e+07
1.585908361655800231e+07
1.586041694551528618e+07
1.585901360637326352e+07
1.585898422326779924e+07
1.585664149307328090e+07
1.585790861603879556e+07
1.585793445150129311e+07
1.586068221123857424e+07
1.586066704122625291e+07
1.586301811278098263e+07
1.586357002050872892e+07
1.586544210282622464e+07
1.586587069715831429e+07
1.586926150485173613e+07
1.586929839113800041e+07
1.587330256927959062e+07
1.587273541769776307e+07
1.587743234320417233e+07
1.587492486831270717e+07
1.588112952898166329e+07
1.587294646149971709e+07
1.588928555154056847e+07
1.587804355324859731e+07
1.588009438894617185e+07
1.587154346388054267e+07
1.586121008034969307e+07
1.584925673526157252e+07
1.583815664525786974e+07
1.582755047480705753e+07
1.582072573525750265e+07
1.581454691322226264e+07
1.581125238876590505e+07
1.580922644390211813e+07
1.580903419095354900e+07
1.580843607007517293e+07
1.580816106110985391e+07
1.580832572972101159e+07
1.580944553741000034e+07
1.581014245554369688e+07
1.581087293949767575e+07
1.581156512431701832e+07
1.581266424594317377e+07
1.581401093869346380e+07
1.581556615847531334e+07
1.581605232779737748e+07
1.581677860287044384e+07
1.581869964122492261e+07
1.582078798260577582e+07
1.582318353452666476e+07
1.582597016956645064e+07
1.582700615733286366e+07
1.582855763795681670e+07
1.582943219236792624e+07
1.583059753689958528e+07
1.583184613829728588e+07
1.583231600246219896e+07
1.583196040388343297e+07
1.583274345016234182e+07
1.583472860687600262e+07
1.583686107812284864e+07
1.583892760509089008e+07
1.583989094124145806e+07
1.584083679445327446e+07
1.584240048173458315e+07
1.584393009120270796e+07
1.584587290994340740e+07
1.584919735721443407e+07
1.585249012517693639e+07
1.585533573943287320e+07
1.585788619371391460e+07
1.586132029083468206e+07
1.586454706550802849e+07
1.586634690271081217e+07
1.586836836659960262e+07
1.587023959361466765e+07
1.587263606170706265e+07
1.587612128324997239e+07
1.587914226363584958e+07
1.588305942513171956e+07
1.588679870681019127e+07
1.588751826805150136e+07
1.588695158340797015e+07
1.588684988111601211e+07
1.588667554324902035e+07
1.588674813562005386e+07
1.588774233493761905e+07
1.588997534624365531e+07
1.589273549298904836e+07
1.589507397901222296e+07
1.589592418653666414e+07
1.589756802515459433e+07
1.589871012223752961e+07
1.590020090333503857e+07
1.590085636085682549e+07
1.590184098589735292e+07
1.590376713387160189e+07
1.590663520180106349e+07
1.590507283115738072e+07
1.590389462199559249e+07
1.590233638990898803e+07
1.590041941610457562e+07
1.589873049610984698e+07
1.589816832568798400e+07
1.589608127723907121e+07
1.589474617798369750e+07
1.589397210121793486e+07
1.589478562925138138e+07
1.589479827561582811e+07
1.589569232141263783e+07
1.589667090412954800e+07
1.589795496177208982e+07
1.589772293730998971e+07
1.589861843233762495e+07
1.589753882955523767e+07
1.589846589231180586e+07
1.589687575465900637e+07
1.589958465832274593e+07
