4.909419048956432194e+07
4.909617346046735346e+07
4.909724516601769626e+07
4.909886857645834237e+07
4.909979635977212340e+07
4.910055111162288487e+07
4.910049386502292752e+07
4.910018603100636601e+07
4.909949644417431951e+07
4.909938570541929454e+07
4.909935163555940241e+07
4.909805440387246758e+07
4.909622993211904913e+07
4.909458146847248822e+07
4.909272619461964071e+07
4.909111707796601951e+07
4.908985945096675307e+07
4.908866870600105077e+07
4.908731626542430371e+07
4.908685694288479537e+07
4.908749888229490072e+07
4.908923596029002219e+07
4.909136010081309825e+07
4.909329799140830338e+07
4.909462179920980334e+07
4.909520709423687309e+07
4.909504329590960592e+07
4.909436527097278088e+07
4.909343760871702433e+07
4.909228862027539313e+07
4.909104747992272675e+07
4.908986623825711757e+07
4.908887313630547374e+07
4.908817390860188752e+07
4.908786431191268563e+07
4.908794410243860632e+07
4.908817137242694199e+07
4.908835580419756472e+07
4.908848026467816532e+07
4.908895769801676273e+07
4.908964455068753660e+07
4.909010029975127429e+07
4.909034541088742763e+07
4.909066180076514184e+07
4.909039460026344657e+07
4.908952297216576338e+07
4.908880402917284518e+07
4.908848315627644956e+07
4.908853389280691743e+07
4.908887888097676635e+07
4.908912881298769265e+07
4.908915139164731652e+07
4.908894783689448237e+07
4.908868364910688251e+07
4.908925950737129897e+07
4.909030319259390235e+07
4.909092922069384903e+07
4.909171593632217497e+07
4.909323752716083825e+07
4.909491479446345568e+07
4.909644287173442543e+07
4.909674533305156976e+07
4.909577652010387182e+07
4.909393178284124285e+07
4.909176557182299346e+07
4.908926519649524987e+07
4.908706747232603282e+07
4.908594496829003096e+07
4.908504028308208287e+07
4.908462499578680843e+07
4.908591174928579479e+07
4.908801308926985413e+07
4.908994902185039967e+07
4.909157047439911216e+07
4.909264377748407423e+07
4.909281968531768024e+07
4.909225016469123214e+07
4.909121138378203660e+07
4.909019401902136207e+07
4.909004413106505573e+07
4.909061725683519244e+07
4.909088755950658768e+07
4.909114349145440757e+07
4.909233208236076683e+07
4.909432738703456521e+07
4.909537119598952681e+07
4.909507835925948620e+07
4.909382546664879471e+07
4.909189309963648021e+07
4.908941734353729337e+07
4.908693494325167686e+07
4.908505070695065707e+07
4.908425448724616319e+07
4.908449385915357620e+07
4.908484996897188574e+07
4.908500019422844797e+07
4.908571153249464184e+07
4.908685115371294320e+07
4.908798225408419967e+07
4.908882276945633441e+07
4.908913406644318998e+07
4.908880882222616673e+07
4.908798595779695362e+07
4.908718386857644469e+07
4.908712911969628185e+07
4.908819413091263175e+07
4.908988393868774921e+07
4.909106093557755649e+07
4.909188368163006753e+07
4.909254953980825841e+07
4.909305476922935992e+07
4.909323069819024205e+07
4.909281740405482054e+07
4.909144745591151714e+07
4.908941505142488331e+07
4.908701298178703338e+07
4.908468695056929439e+07
4.908292779717601836e+07
4.908236653182203323e+07
4.908295825166077167e+07
4.908453637997848541e+07
4.908666632295207679e+07
4.908879630220901966e+07
4.909055034093616903e+07
4.909184665488205850e+07
4.909212794780327380e+07
4.909158513769999892e+07
4.909046444608468562e+07
4.908976295289080590e+07
4.908999859681641310e+07
4.909061090467713773e+07
4.909167151572950929e+07
4.909311803162454069e+07
4.909486183184644580e+07
4.909640183524831384e+07
4.909674461217413098e+07
4.909636143822702765e+07
4.909486452133200318e+07
4.909266035107089579e+07
4.908983084934756905e+07
4.908722716338767111e+07
4.908475103668765724e+07
4.908267647037374228e+07
4.908175504428056628e+07
4.908257609028158337e+07
4.908542857917492092e+07
4.908819141748675704e+07
4.909006087740857154e+07
4.909138130718488246e+07
4.909172115286873281e+07
4.909109042628570646e+07
4.908946231886873394e+07
4.908738657997976243e+07
4.908541839434927702e+07
4.908444728647372127e+07
4.908500875323860347e+07
4.908697454001114517e+07
4.908986037926696241e+07
4.909355140945220739e+07
4.909628926596997678e+07
4.909729667672475427e+07
4.909680101538596302e+07
4.909557424713015556e+07
4.909377458530196548e+07
4.909153713589742035e+07
4.908983726189290732e+07
4.908940863885989040e+07
4.908969459818616509e+07
4.909100556882613152e+07
4.909226089979307353e+07
4.909309811489675939e+07
4.909392058792947233e+07
4.909465537246052176e+07
4.909480960228612274e+07
4.909402729374086857e+07
4.909242862081381679e+07
4.909055001277780533e+07
4.908889011299937963e+07
4.908841309304899722e+07
4.908836267792644352e+07
4.908850364636948705e+07
4.909009147232356668e+07
4.909328727356314659e+07
4.909586671165271103e+07
4.909721164413848519e+07
4.909763334629532695e+07
4.909701626960577816e+07
4.909529391010473669e+07
4.909301465289013833e+07
4.909053136416633427e+07
4.908895332054892927e+07
4.908869194032988697e+07
4.908955826539935917e+07
4.909041893732950836e+07
4.909186144678562135e+07
4.909345178426417708e+07
4.909462186024537683e+07
4.909528168172692508e+07
4.909513269596305490e+07
4.909421696533672512e+07
4.909232084966305643e+07
4.908988716414361447e+07
4.908847400411903858e+07
4.908728653908264637e+07
4.908627210208677500e+07
4.908631773095260561e+07
4.908811958666969091e+07
4.909113130336903781e+07
4.909362013699776679e+07
4.909520785772615671e+07
4.909583775027732551e+07
4.909532805812565237e+07
4.909401659183567762e+07
4.909229081534217298e+07
4.909029622540760040e+07
4.908896603208405524e+07
4.908881819676367939e+07
4.908968575674980134e+07
4.909217741988212615e+07
4.909468790034179389e+07
4.909664534155968577e+07
4.909782942342440039e+07
4.909812486271046847e+07
4.909717501937713474e+07
4.909555115145748854e+07
4.909365550817276537e+07
4.909216118046832085e+07
4.909037393026472628e+07
4.908880267928404361e+07
4.908788553614805639e+07
4.908863347952856869e+07
4.909064084717336297e+07
4.909241262845065445e+07
4.909334302407212555e+07
4.909410359060819447e+07
4.909376153320305049e+07
4.909313513728684932e+07
4.909167011905128509e+07
4.909142752494189888e+07
4.909064746634128690e+07
4.909151477485910803e+07
4.908989490459330380e+07
4.909017197147245705e+07
4.909055415284252167e+07
4.909194479333565384e+07
4.909401633625022322e+07
4.909569743866567314e+07
4.909574947493057698e+07
4.909488220960743725e+07
4.909293904242342710e+07
4.909079619980818033e+07
4.908856819557539374e+07
4.908706465719246864e+07
4.908680889228254557e+07
4.908763260660250485e+07
4.908951549743527174e+07
4.909227374050396681e+07
4.909439740971160680e+07
4.909551602885647863e+07
4.909578080896352977e+07
4.909543463610224426e+07
4.909458276192147285e+07
4.909385185035391152e+07
4.909350566427070647e+07
4.909406720277382433e+07
4.909508521786372364e+07
4.909560209207607806e+07
4.909640502346586436e+07
4.909800040359394252e+07
4.909934381649796665e+07
4.909989760496447235e+07
4.909959243883942813e+07
4.909842421895168722e+07
4.909649951848302782e+07
4.909419950014476478e+07
4.909198774696923792e+07
4.909070012972082943e+07
4.909016092624419183e+07
4.908993961997497827e+07
4.909004018255873770e+07
4.909084149484226853e+07
4.909262019254885614e+07
4.909393441502493620e+07
4.909405438260752708e+07
4.909368843538249284e+07
4.909293944236196578e+07
4.909201535251747817e+07
4.909100944640206546e+07
4.909039452507226914e+07
4.909041818646229059e+07
4.909165099521266669e+07
4.909386465675004572e+07
4.909632229926062375e+07
4.909859274008685350e+07
4.909968125286070257e+07
4.909940349295867980e+07
4.909838218280208111e+07
4.909689940294053406e+07
4.909505391045051068e+07
4.909302987869545072e+07
4.909110758827403933e+07
4.908972195454728603e+07
4.908885120214987546e+07
4.908807280450404435e+07
4.908754570000337064e+07
4.908786499598895013e+07
4.908923624502163380e+07
4.909133211493408680e+07
4.909251162539498508e+07
4.909302092705533653e+07
4.909318650848052651e+07
4.909306837420540303e+07
4.909284932578247041e+07
4.909266364435315132e+07
4.909262046937008202e+07
4.909271940714836866e+07
4.909291550172502548e+07
4.909343079888117313e+07
4.909409049148058146e+07
4.909513861645984650e+07
4.909609447432797402e+07
4.909654853256094456e+07
4.909632889609276503e+07
4.909583561361873895e+07
4.909489050831789523e+07
4.909388435576111078e+07
4.909275250173500925e+07
4.909166355463963747e+07
4.909147830552067608e+07
4.909211244061448425e+07
4.909297360134260356e+07
4.909338753073082864e+07
4.909313866307025403e+07
4.909290906177728623e+07
4.909250170470237732e+07
4.909283324032977968e+07
