1.294182745056569576e+07
1.294187645720049925e+07
1.294230673414475657e+07
1.294247788643024489e+07
1.294273441583825275e+07
1.294292786424590088e+07
1.294321531730755977e+07
1.294332159015283547e+07
1.294340532636773959e+07
1.294333882792000845e+07
1.294313805089900456e+07
1.294264817637947202e+07
1.294200591135008633e+07
1.294135272741960362e+07
1.294064203130735084e+07
1.293991116456260718e+07
1.293925702884645015e+07
1.293874080407591909e+07
1.293845066374850087e+07
1.293846387163882889e+07
1.293890153260209225e+07
1.293951504313044064e+07
1.294030221557632461e+07
1.294119376499833167e+07
1.294205429365427978e+07
1.294274224226413853e+07
1.294317013893388398e+07
1.294347152798022330e+07
1.294363500835350342e+07
1.294363018094381131e+07
1.294366592088406719e+07
1.294370163331976347e+07
1.294372830514483713e+07
1.294378451555746794e+07
1.294391960731239244e+07
1.294382747702500410e+07
1.294350494713880867e+07
1.294308136709063686e+07
1.294243167831408419e+07
1.294153751498362795e+07
1.294053698232625425e+07
1.293961901861672476e+07
1.293889267687323689e+07
1.293849479773957655e+07
1.293855697879331931e+07
1.293903992643127032e+07
1.293985583766677976e+07
1.294094124235500768e+07
1.294207434581741877e+07
1.294310150138182379e+07
1.294382896149861254e+07
1.294420655665572360e+07
1.294428624245096371e+07
1.294415920290165208e+07
1.294390534114819579e+07
1.294370261233146675e+07
1.294362249041947536e+07
1.294374628596119955e+07
1.294405790422486886e+07
1.294436301288794726e+07
1.294443310707785562e+07
1.294431626739343442e+07
1.294393417611533217e+07
1.294315796878682263e+07
1.294203626075350679e+07
1.294079716127570346e+07
1.293954684926559217e+07
1.293862918552919291e+07
1.293821902156478725e+07
1.293835283505641855e+07
1.293905136085064709e+07
1.294018136684873886e+07
1.294154734984745272e+07
1.294286420434237272e+07
1.294387013334263675e+07
1.294448164419996738e+07
1.294467902744101547e+07
1.294449443957256339e+07
1.294408953580083512e+07
1.294364970794284344e+07
1.294336661578948237e+07
1.294337016098282486e+07
1.294371631606436707e+07
1.294428212824855186e+07
1.294477769885371253e+07
1.294512185039740056e+07
1.294516365455831960e+07
1.294468157441350073e+07
1.294366961407237686e+07
1.294226173650392331e+07
1.294071349046280794e+07
1.293930725769170001e+07
1.293838358624430746e+07
1.293810508018757962e+07
1.293848927746595629e+07
1.293945655617596768e+07
1.294087338961506076e+07
1.294237672250528634e+07
1.294363440015779436e+07
1.294458146072579175e+07
1.294501580509678088e+07
1.294488450985831581e+07
1.294432677906895243e+07
1.294361871335754357e+07
1.294299682092943601e+07
1.294272385140406713e+07
1.294299595187680796e+07
1.294367342662117444e+07
1.294446777519970015e+07
1.294530735952171683e+07
1.294585744377301820e+07
1.294585983328559808e+07
1.294520946100326814e+07
1.294396827001706325e+07
1.294235327702054754e+07
1.294062794982104748e+07
1.293924058244171925e+07
1.293846610298041068e+07
1.293833712965250760e+07
1.293902561049098708e+07
1.294031516668699123e+07
1.294193641911724210e+07
1.294343489586948045e+07
1.294466186455822363e+07
1.294527261887115426e+07
1.294522983179062419e+07
1.294462069951552339e+07
1.294373084460804798e+07
1.294277781873568334e+07
1.294212150223971158e+07
1.294205258983653225e+07
1.294258003089868464e+07
1.294348566798915528e+07
1.294461896015766822e+07
1.294570225271227024e+07
1.294631789873605408e+07
1.294620993769351579e+07
1.294534200955825485e+07
1.294394090199000202e+07
1.294213084303840809e+07
1.294046260840378888e+07
1.293923835998484492e+07
1.293868503429102711e+07
1.293891936198245548e+07
1.293996262929915823e+07
1.294149692591095529e+07
1.294308018950577639e+07
1.294447132919330336e+07
1.294532852151216008e+07
1.294550588800805435e+07
1.294498615398853272e+07
1.294403039321827888e+07
1.294283142400715873e+07
1.294177143563421257e+07
1.294128077292680368e+07
1.294143279406173527e+07
1.294210943774061278e+07
1.294337798163784482e+07
1.294487370444661565e+07
1.294606097424171492e+07
1.294658253021804430e+07
1.294635673678108677e+07
1.294536804430157132e+07
1.294383548607248813e+07
1.294215865324864909e+07
1.294070673936218768e+07
1.293973176726002619e+07
1.293951067585886084e+07
1.294014701517434791e+07
1.294140788320949674e+07
1.294285832060042396e+07
1.294437927194832265e+07
1.294550408136921003e+07
1.294596362902726047e+07
1.294562124532404728e+07
1.294471960083214007e+07
1.294337072722687200e+07
1.294197741995101050e+07
1.294099005061634816e+07
1.294060427723225579e+07
1.294089299391469918e+07
1.294191469358837046e+07
1.294341302611440793e+07
1.294495100399366021e+07
1.294606000726954080e+07
1.294652170836343616e+07
1.294620338561543450e+07
1.294522271626043133e+07
1.294379586983183213e+07
1.294238550899703801e+07
1.294118308510140888e+07
1.294069631292582676e+07
1.294118697568619810e+07
1.294166771396616288e+07
1.294303037562917173e+07
1.294446372221373953e+07
1.294571380182233267e+07
1.294630454623002000e+07
1.294621265597127192e+07
1.294542393095870689e+07
1.294410147431245446e+07
1.294251097560490854e+07
1.294112976362535916e+07
1.294022711479557492e+07
1.293994134357582778e+07
1.294045275668687560e+07
1.294173564925800823e+07
1.294330598403940722e+07
1.294473361272233911e+07
1.294571882207040489e+07
1.294601306506451406e+07
1.294551965509545803e+07
1.294463071115051582e+07
1.294352403971007280e+07
1.294238457381130382e+07
1.294165822407816723e+07
1.294157613847141527e+07
1.294212132838349044e+07
1.294310554610117525e+07
1.294436457483457401e+07
1.294556683984695561e+07
1.294639132710272260e+07
1.294651562825727463e+07
1.294595981156737916e+07
1.294477465456196107e+07
1.294319483792446740e+07
1.294158840481823869e+07
1.294029253029930219e+07
1.293947663093538024e+07
1.293942927291302383e+07
1.294018912905232050e+07
1.294149172613790631e+07
1.294288745084967278e+07
1.294416691754710488e+07
1.294496350668776780e+07
1.294514883117174730e+07
1.294481407586850412e+07
1.294415495768645592e+07
1.294324757300622016e+07
1.294269799929681979e+07
1.294237323592405580e+07
1.294268715436650440e+07
1.294340221389798261e+07
1.294444806174447760e+07
1.294557232968292944e+07
1.294643628468517028e+07
1.294679600324823335e+07
1.294652238782189786e+07
1.294555512310629152e+07
1.294410109154887125e+07
1.294253453944740631e+07
1.294113044825442694e+07
1.293994349472005665e+07
1.293939294382035919e+07
1.293955281947244518e+07
1.294032905330191925e+07
1.294141461068264581e+07
1.294261854133957624e+07
1.294364182030953094e+07
1.294423415147692338e+07
1.294433874605160393e+07
1.294412985329066217e+07
1.294366799563263357e+07
1.294318830320498347e+07
1.294306456182477064e+07
1.294325905838164128e+07
1.294372707334175892e+07
1.294448588156556152e+07
1.294543719810478762e+07
1.294624026995857619e+07
1.294675153270268813e+07
1.294672333880084567e+07
1.294608593436140195e+07
1.294500089322897792e+07
1.294366002327437140e+07
1.294220847288230993e+07
1.294089644257478975e+07
1.293993139773688652e+07
1.293959138966380060e+07
1.293981476342414506e+07
1.294042931185657717e+07
1.294122057632608153e+07
1.294211248956175335e+07
1.294286959065041132e+07
1.294340816874915361e+07
1.294360944964994863e+07
1.294353272425367311e+07
1.294341806906593964e+07
1.294343105990066566e+07
1.294360090342484601e+07
1.294391128557297029e+07
1.294445117287470959e+07
1.294514058101830073e+07
1.294577779994727299e+07
1.294622550187352113e+07
1.294634802404422872e+07
1.294602439049489796e+07
1.294524270029168203e+07
1.294418892393168807e+07
1.294307197941169329e+07
1.294183241925423406e+07
1.294075838402893580e+07
1.294005490700847283e+07
1.293970822515553236e+07
1.293968930402092077e+07
1.294000338227135316e+07
1.294052216807806864e+07
1.294114155153709278e+07
1.294181837121189758e+07
1.294232148817555793e+07
1.294262257469258271e+07
1.294287371669136919e+07
1.294313595989386179e+07
1.294340203360157274e+07
1.294366634567915276e+07
1.294401219674194418e+07
1.294440454530273937e+07
1.294484508449744806e+07
1.294522444275551476e+07
1.294538474362254702e+07
1.294529126162044145e+07
1.294493295459380373e+07
1.294434953397168778e+07
1.294356568655200303e+07
1.294262396632361971e+07
1.294164379644100554e+07
1.294074826119737700e+07
1.294000279429931939e+07
1.293946365798373148e+07
1.293921732965675555e+07
1.293925151048836485e+07
1.293957890274748579e+07
1.294010478780561499e+07
1.294072807730814442e+07
1.294131433668326400e+07
1.294190960813149810e+07
