7.068070940255291760e+07
7.068454498917463422e+07
7.068449306525555253e+07
7.068579651776951551e+07
7.068617776861745119e+07
7.068684749678456783e+07
7.068630755521872640e+07
7.068567599621552229e+07
7.068435475603742898e+07
7.068314295188313723e+07
7.068138356675419211e+07
7.067953644574075937e+07
7.067741642085944116e+07
7.067552511505909264e+07
7.067364643157777190e+07
7.067229149872837961e+07
7.067122193724563718e+07
7.067069556379923224e+07
7.067031315766760707e+07
7.067038063731355965e+07
7.067053556018325686e+07
7.067088313363730907e+07
7.067129397205650806e+07
7.067186857682690024e+07
7.067225794451561570e+07
7.067252274760162830e+07
7.067290762184055150e+07
7.067370693216431141e+07
7.067467237349693477e+07
7.067593462265567482e+07
7.067724848278324306e+07
7.067850005702327192e+07
7.067967798708496988e+07
7.068095231749683619e+07
7.068212681968012452e+07
7.068323686327145994e+07
7.068412334314389527e+07
7.068451575247053802e+07
7.068451289949341118e+07
7.068404167418369651e+07
7.068306297805705667e+07
7.068181795445156097e+07
7.068000826350781322e+07
7.067837082819370925e+07
7.067693215886795521e+07
7.067564728676955402e+07
7.067476015411080420e+07
7.067427801645991206e+07
7.067408261925587058e+07
7.067409689231520891e+07
7.067418961150859296e+07
7.067417545930165052e+07
7.067395267959195375e+07
7.067374440406669676e+07
7.067380147682514787e+07
7.067406192737354338e+07
7.067432876472990215e+07
7.067471010551311076e+07
7.067512380482023954e+07
7.067542027009217441e+07
7.067559543644557893e+07
7.067558247606667876e+07
7.067528882835757732e+07
7.067480113634756207e+07
7.067393847151942551e+07
7.067280390098343790e+07
7.067182305314229429e+07
7.067136493845397234e+07
7.067126681263399124e+07
7.067115726661072671e+07
7.067122482357485592e+07
7.067168361578305066e+07
7.067214284574849904e+07
7.067249184535539150e+07
7.067276183109684289e+07
7.067277682110568881e+07
7.067258501854828000e+07
7.067222030309191346e+07
7.067182812139105797e+07
7.067169800841511786e+07
7.067188809077739716e+07
7.067222157035151124e+07
7.067275809340256453e+07
7.067338420105864108e+07
7.067391910658663511e+07
7.067421588914361596e+07
7.067423424083951116e+07
7.067419819531723857e+07
7.067388336032028496e+07
7.067319630423668027e+07
7.067232162606111169e+07
7.067127802107374370e+07
7.067043470628663898e+07
7.066980112744033337e+07
7.066952713153176010e+07
7.066968482014080882e+07
7.067030970931574702e+07
7.067103779731331766e+07
7.067166869969169796e+07
7.067207360136777163e+07
7.067227333449897170e+07
7.067239197046613693e+07
7.067258303893709183e+07
7.067283846195788682e+07
7.067341014154894650e+07
7.067442240539905429e+07
7.067626953066520393e+07
7.067854417085476220e+07
7.068063247751511633e+07
7.068279355788747966e+07
7.068482490494750440e+07
7.068624427782215178e+07
7.068671710517242551e+07
7.068614858273527026e+07
7.068514494491077960e+07
7.068373828844048083e+07
7.068220973681731522e+07
7.068102663901293278e+07
7.068077553769171238e+07
7.068124582485744357e+07
7.068232868971613050e+07
7.068344443147648871e+07
7.068426224266400933e+07
7.068501643102945387e+07
7.068580994099693000e+07
7.068585631106378138e+07
7.068507441476160288e+07
7.068374512024697661e+07
7.068254594533614814e+07
7.068166404025349021e+07
7.068141358421395719e+07
7.068158064855270088e+07
7.068195501361086965e+07
7.068233154111109674e+07
7.068254355488337576e+07
7.068206257462733984e+07
7.068102178726980090e+07
7.067915051576007903e+07
7.067685331922428310e+07
7.067446240975892544e+07
7.067251377716809511e+07
7.067094382456751168e+07
7.066996263381807506e+07
7.066977930204646289e+07
7.067056550993235409e+07
7.067195156201219559e+07
7.067350287490533292e+07
7.067465946644659340e+07
7.067539004275366664e+07
7.067558571251726151e+07
7.067521953681549430e+07
7.067427756658127904e+07
7.067311731183822453e+07
7.067206314199112356e+07
7.067158765530037880e+07
7.067152999049684405e+07
7.067193824591220915e+07
7.067289305442152917e+07
7.067441349667221308e+07
7.067586412872417271e+07
7.067682843024471402e+07
7.067666480745483935e+07
7.067552317264994979e+07
7.067375439800919592e+07
7.067204091732271016e+07
7.067057219536510110e+07
7.066962565277627110e+07
7.066921383981287479e+07
7.066978636914116144e+07
7.067091200296376646e+07
7.067228838303543627e+07
7.067360468703183532e+07
7.067459394439776242e+07
7.067486629603353143e+07
7.067457992600850761e+07
7.067388641721217334e+07
7.067317191065891087e+07
7.067245432622028887e+07
7.067223233111864328e+07
7.067234460419511795e+07
7.067317958468359709e+07
7.067433473202100396e+07
7.067606138461518288e+07
7.067766255404776335e+07
7.067888556582082808e+07
7.067913579589235783e+07
7.067878621561492980e+07
7.067766694345840812e+07
7.067624334424044192e+07
7.067471277660723031e+07
7.067366460332132876e+07
7.067256852146673203e+07
7.067248956632934511e+07
7.067313179901024699e+07
7.067402103222948313e+07
7.067521738272912800e+07
7.067624904573787749e+07
7.067668301247192919e+07
7.067672782537546754e+07
7.067671772912043333e+07
7.067678849894613028e+07
7.067654715480040014e+07
7.067603367274652421e+07
7.067573242611345649e+07
7.067554481501518190e+07
7.067542685173177719e+07
7.067607074376440048e+07
7.067716888908272982e+07
7.067883436118213832e+07
7.068064848540043831e+07
7.068183345390778780e+07
7.068190154715859890e+07
7.068115707939881086e+07
7.067940523891711235e+07
7.067742025664040446e+07
7.067555511995662749e+07
7.067456300321385264e+07
7.067429472725492716e+07
7.067486805705046654e+07
7.067565591619977355e+07
7.067637727687397599e+07
7.067661465380012989e+07
7.067639397584553063e+07
7.067533676592214406e+07
7.067422139205987751e+07
7.067273305814246833e+07
7.067163183481192589e+07
7.067070769874158502e+07
7.067055068041098118e+07
7.067065791535630822e+07
7.067142212950026989e+07
7.067239500491635501e+07
7.067403226776185632e+07
7.067477029104952514e+07
7.067550007118737698e+07
7.067509176318031549e+07
7.067497620995037258e+07
7.067393843076936901e+07
7.067390601284027100e+07
7.067237241832354665e+07
7.067231890480454266e+07
7.067299445788922906e+07
7.067321105019323528e+07
7.067390552269464731e+07
7.067442484252312779e+07
7.067504987018950284e+07
7.067516004102034867e+07
7.067475593532817066e+07
7.067356292727930844e+07
7.067180171475633979e+07
7.066995221649536490e+07
7.066832335099430382e+07
7.066695641831536591e+07
7.066623668061497808e+07
7.066622492285908759e+07
7.066678081704272330e+07
7.066765000822010636e+07
7.066857157543908060e+07
7.066930088309879601e+07
7.066966373964397609e+07
7.066961379587668180e+07
7.066942817739215493e+07
7.066930966578496993e+07
7.066956976609350741e+07
7.067022256541945040e+07
7.067101311164377630e+07
7.067202300780457258e+07
7.067306471717692912e+07
7.067407643453250825e+07
7.067491873523388803e+07
7.067517122303269804e+07
7.067485811546264589e+07
7.067396125009025633e+07
7.067275646269240975e+07
7.067144330109511316e+07
7.067018604634663463e+07
7.066932472248201072e+07
7.066896833956113458e+07
7.066924828843839467e+07
7.066995836788931489e+07
7.067068838113194704e+07
7.067152044147874415e+07
7.067261138946568966e+07
7.067348325810165703e+07
7.067390991172142327e+07
7.067388303704299033e+07
7.067370059007057548e+07
7.067354780547688901e+07
7.067324613249540329e+07
7.067317228016075492e+07
7.067330834664905071e+07
7.067374721639429033e+07
7.067445623690015078e+07
7.067524065485623479e+07
7.067584101504373550e+07
7.067608547922177613e+07
7.067597101642982662e+07
7.067534611447533965e+07
7.067421440647658706e+07
7.067275285868062079e+07
7.067101592058663070e+07
7.066923047252790630e+07
7.066770499778825045e+07
7.066665363889428973e+07
7.066603506684298813e+07
7.066587618532948196e+07
7.066602475592969358e+07
7.066629566793131828e+07
7.066691623747248948e+07
7.066748215363267064e+07
7.066779980165402591e+07
7.066809519938807189e+07
7.066840248732636869e+07
7.066871454293967783e+07
7.066904730308303237e+07
7.066957751161175966e+07
7.067061979033902287e+07
7.067196574934378266e+07
7.067330107481856644e+07
7.067436545041981339e+07
7.067483201259818673e+07
7.067481315937975049e+07
7.067449321370229125e+07
7.067386867605994642e+07
7.067325004379211366e+07
7.067261287545262277e+07
7.067193041269418597e+07
7.067108202625069022e+07
7.067043796110896766e+07
7.066989693813954294e+07
7.066960333924245834e+07
7.066956200107634068e+07
7.066999968473918736e+07
7.067063109713320434e+07
7.067129129442356527e+07
7.067155927062983811e+07
