2.600448147459426150e+07
2.600525551961971074e+07
2.600558048204276711e+07
2.600593753552298620e+07
2.600620483547209203e+07
2.600667572608094290e+07
2.600707949149563164e+07
2.600728549075492844e+07
2.600728353145925701e+07
2.600707666758479923e+07
2.600659507152579725e+07
2.600572167880424112e+07
2.600450271514120698e+07
2.600332698268117756e+07
2.600219969187492132e+07
2.600109245429724082e+07
2.600024715805045515e+07
2.599967238627858087e+07
2.599932082338658348e+07
2.599949914622528851e+07
2.600031559428150579e+07
2.600131676869434491e+07
2.600246931576108560e+07
2.600387275196899846e+07
2.600522633457239717e+07
2.600621596121722832e+07
2.600696114954444766e+07
2.600769064696737751e+07
2.600823247130449489e+07
2.600839176954132318e+07
2.600863313560429215e+07
2.600883212537838146e+07
2.600894557976798341e+07
2.600888914597910270e+07
2.600860941052734107e+07
2.600782896154547855e+07
2.600657436507464945e+07
2.600520742952729762e+07
2.600388010241370276e+07
2.600226918547967449e+07
2.600056783068326861e+07
2.599922995074968040e+07
2.599824036670749635e+07
2.599774730606288090e+07
2.599811889740611985e+07
2.599896610969912633e+07
2.600011343352736533e+07
2.600180576325780153e+07
2.600373299255206436e+07
2.600524356853976101e+07
2.600636511235807836e+07
2.600662280534166098e+07
2.600637364559155703e+07
2.600564863412921131e+07
2.600467554631268978e+07
2.600386218924546242e+07
2.600342191924817115e+07
2.600339330405108631e+07
2.600372653888625652e+07
2.600410102644768730e+07
2.600400813955442235e+07
2.600369945330372825e+07
2.600305995866616815e+07
2.600178863496502489e+07
2.600006956063187867e+07
2.599814626334016025e+07
2.599626306072637066e+07
2.599503637452977523e+07
2.599463884008246288e+07
2.599507545990502089e+07
2.599648896719101071e+07
2.599870701111841574e+07
2.600078838015690073e+07
2.600257847133116052e+07
2.600374854340050742e+07
2.600432078556258231e+07
2.600426499943672866e+07
2.600366709080604464e+07
2.600277134044133499e+07
2.600188015342094749e+07
2.600130792267562822e+07
2.600114679112066329e+07
2.600145466994710267e+07
2.600195770729364827e+07
2.600249500293928012e+07
2.600273204639202729e+07
2.600244389694188535e+07
2.600144263473608717e+07
2.599962646021927521e+07
2.599715788434895873e+07
2.599462347983311489e+07
2.599248463966179267e+07
2.599121188338509202e+07
2.599092133690482751e+07
2.599162752232243493e+07
2.599329287084020674e+07
2.599561201897228137e+07
2.599789657835589722e+07
2.599967828408445418e+07
2.600087843584445491e+07
2.600130839504062757e+07
2.600087163929636776e+07
2.599991985058252886e+07
2.599876862890996784e+07
2.599792528791817650e+07
2.599771215700743720e+07
2.599835447107469663e+07
2.599949722094113752e+07
2.600075749807228521e+07
2.600190515001891926e+07
2.600251754815848917e+07
2.600216876906928420e+07
2.600080643747374788e+07
2.599862184292908758e+07
2.599601200562252104e+07
2.599341855156929046e+07
2.599164541027411446e+07
2.599087647458952665e+07
2.599118585690512881e+07
2.599271316882187128e+07
2.599512300729378313e+07
2.599777323668104410e+07
2.600013660723550245e+07
2.600193889980032668e+07
2.600274635415543988e+07
2.600249797824918106e+07
2.600156629957497492e+07
2.600030119997055456e+07
2.599908127717335895e+07
2.599835919082400575e+07
2.599854174990250170e+07
2.599954403418168426e+07
2.600109777410960570e+07
2.600286667652311549e+07
2.600442732521583885e+07
2.600510287519323826e+07
2.600463969884970784e+07
2.600306126278381422e+07
2.600070961987736076e+07
2.599788801668777689e+07
2.599549711792814732e+07
2.599392106431340054e+07
2.599338697852672637e+07
2.599412411145652458e+07
2.599612323452970386e+07
2.599875513669684902e+07
2.600129437279811874e+07
2.600340245051819831e+07
2.600457504426520318e+07
2.600457372178104892e+07
2.600359706709646806e+07
2.600205760168812796e+07
2.600032968407795951e+07
2.599898675137452781e+07
2.599870525781455263e+07
2.599925106106782705e+07
2.600050268717432395e+07
2.600254806981041655e+07
2.600481740608455986e+07
2.600643107778320462e+07
2.600694046419095993e+07
2.600631604464696720e+07
2.600459920825696737e+07
2.600204423389481381e+07
2.599949645785688981e+07
2.599746250861742720e+07
2.599635052668397501e+07
2.599640510403567180e+07
2.599771812254074216e+07
2.599987109673995897e+07
2.600223739108876139e+07
2.600460208030354977e+07
2.600614110211703181e+07
2.600646060900026560e+07
2.600572827025701478e+07
2.600417676123046875e+07
2.600196196210888773e+07
2.599993853337366879e+07
2.599873890042527020e+07
2.599841133929843828e+07
2.599913447759677470e+07
2.600088586936059222e+07
2.600336799352786317e+07
2.600562470028125122e+07
2.600714552952872962e+07
2.600763453062583134e+07
2.600699099868274853e+07
2.600528308907954767e+07
2.600308540550249815e+07
2.600103537408081815e+07
2.599936532269459590e+07
2.599886293589315563e+07
2.600005148111012578e+07
2.600085468531490862e+07
2.600310793104156107e+07
2.600534442589194700e+07
2.600710421268215030e+07
2.600774018422875181e+07
2.600732106377682835e+07
2.600599022767108679e+07
2.600390516778216884e+07
2.600153422676922381e+07
2.599953943155886233e+07
2.599849107790529355e+07
2.599840421173084900e+07
2.599958567908855900e+07
2.600196161674026400e+07
2.600426985699538887e+07
2.600629537316326052e+07
2.600746266894469038e+07
2.600742957542955503e+07
2.600627540314504877e+07
2.600480376670774445e+07
2.600300350389488786e+07
2.600122547654541209e+07
2.600025803788737208e+07
2.600044856043415144e+07
2.600175332833882421e+07
2.600365103582367674e+07
2.600573720604813471e+07
2.600760387614377588e+07
2.600873455683076754e+07
2.600895863091671839e+07
2.600799658769435063e+07
2.600598338993394375e+07
2.600329029571237043e+07
2.600078321363410726e+07
2.599873229437055066e+07
2.599760439031061158e+07
2.599764749071988091e+07
2.599900241396075860e+07
2.600121964774255082e+07
2.600355033710852638e+07
2.600551167700782046e+07
2.600667696915519983e+07
2.600674610407450423e+07
2.600637999369290471e+07
2.600548165750946850e+07
2.600426660708736628e+07
2.600299634673464671e+07
2.600113466242782027e+07
2.600365518339021131e+07
2.600433580668570846e+07
2.600624521858006716e+07
2.600757294555195421e+07
2.600872583080890030e+07
2.600877962357477471e+07
2.600801871014251560e+07
2.600615576489326730e+07
2.600374156522697210e+07
2.600123118944142014e+07
2.599937525186761841e+07
2.599780143155230209e+07
2.599722241571264341e+07
2.599770668542832136e+07
2.599910031328626350e+07
2.600094862854337692e+07
2.600295078948526829e+07
2.600435838852394745e+07
2.600513413772593811e+07
2.600512755888962746e+07
2.600471474059900641e+07
2.600402589777656645e+07
2.600349271513483301e+07
2.600352669760522246e+07
2.600414271736298874e+07
2.600527731787926704e+07
2.600666901843960211e+07
2.600808498027595133e+07
2.600928678537604958e+07
2.600989437536409870e+07
2.600947882120293006e+07
2.600811622974115610e+07
2.600612784918340668e+07
2.600365772469274327e+07
2.600123289388651401e+07
2.599911449163505808e+07
2.599771672601014376e+07
2.599746922581393644e+07
2.599818431807320565e+07
2.599944357756116986e+07
2.600093023127983138e+07
2.600256025058056787e+07
2.600407064332361147e+07
2.600504913654465228e+07
2.600543915643376857e+07
2.600539368376661465e+07
2.600535194749468192e+07
2.600546496429326385e+07
2.600576309434224293e+07
2.600631619441208616e+07
2.600712037904287130e+07
2.600815559872495383e+07
2.600887998257895559e+07
2.600935999008706212e+07
2.600938580694964528e+07
2.600863523975163326e+07
2.600716623454391956e+07
2.600560111386888474e+07
2.600389646995894983e+07
2.600190367409857735e+07
2.600028099209467694e+07
2.599927703669789061e+07
2.599873761691379547e+07
2.599852166293702647e+07
2.599879539803089947e+07
2.599952851223968714e+07
2.600037629247757792e+07
2.600138858760605380e+07
2.600205067999687046e+07
2.600236853885820881e+07
2.600273351081928983e+07
2.600330397233616188e+07
2.600400473307886720e+07
2.600485154735155776e+07
2.600499533934822679e+07
2.600429624958788231e+07
2.600400853671997786e+07
2.600397047992257029e+07
2.600365658759126440e+07
2.600308287056780607e+07
2.600219985620936006e+07
2.600113872869488969e+07
2.599981533699528500e+07
2.599835621177936345e+07
2.599684344807249680e+07
2.599561565747860447e+07
2.599457458480465785e+07
2.599391081888093799e+07
2.599355127380269393e+07
2.599382005484180525e+07
2.599431784840454906e+07
2.599542549089995399e+07
2.599634164812704548e+07
2.599763816105446592e+07
2.599827347900128365e+07
