1.497989623225899041e+07
1.498075180694448203e+07
1.498120805842900835e+07
1.498148862122098356e+07
1.498165986479547992e+07
1.498188377778643928e+07
1.498211855046479404e+07
1.498225786886498332e+07
1.498233334324553981e+07
1.498230657608898729e+07
1.498213427534437552e+07
1.498164618570065312e+07
1.498088129209804349e+07
1.497997588808213919e+07
1.497876162408068404e+07
1.497755572150539979e+07
1.497634822606163472e+07
1.497531175363561884e+07
1.497455725100168400e+07
1.497432465579370409e+07
1.497461522485493682e+07
1.497542546471889690e+07
1.497661290602338314e+07
1.497806193317672610e+07
1.497951602435575984e+07
1.498080083267210610e+07
1.498163908987534046e+07
1.498211204483735189e+07
1.498229487107031979e+07
1.498218063427914493e+07
1.498200883434091136e+07
1.498190277167113312e+07
1.498184872526489198e+07
1.498188664100217819e+07
1.498208075423473120e+07
1.498213670433464460e+07
1.498191664085405134e+07
1.498148188067498803e+07
1.498066522390903160e+07
1.497940492661141977e+07
1.497784728890202381e+07
1.497617166912532784e+07
1.497472645937953889e+07
1.497375476101197861e+07
1.497341111580864340e+07
1.497381076930535212e+07
1.497497072867339291e+07
1.497665036125527509e+07
1.497849565567557141e+07
1.498033382205859572e+07
1.498166708195760474e+07
1.498248639899346791e+07
1.498274995670535602e+07
1.498246282157573849e+07
1.498192803424225934e+07
1.498138238815295510e+07
1.498097938229417242e+07
1.498094058289916627e+07
1.498137572979809530e+07
1.498184831747597642e+07
1.498234283293964714e+07
1.498249188876412064e+07
1.498222219039385207e+07
1.498129023760849610e+07
1.497975003934219107e+07
1.497770017703787982e+07
1.497550403304477595e+07
1.497371952255982719e+07
1.497255958992735110e+07
1.497225203622275591e+07
1.497303017725906335e+07
1.497462501124905981e+07
1.497682484068629146e+07
1.497910192454051599e+07
1.498106609035767242e+07
1.498232276335993037e+07
1.498291000507312641e+07
1.498270825952867605e+07
1.498196102222624235e+07
1.498101880238777585e+07
1.498020341359821148e+07
1.497982229885974713e+07
1.498005573321926408e+07
1.498084351498587430e+07
1.498183863191147149e+07
1.498275374925830774e+07
1.498326410901425220e+07
1.498291125398363173e+07
1.498175510793063603e+07
1.497971988685028069e+07
1.497722748667065613e+07
1.497471652727996744e+07
1.497270772145739198e+07
1.497163661924913526e+07
1.497173050501159206e+07
1.497288765100450069e+07
1.497501613508378714e+07
1.497758538837850280e+07
1.497995015481726266e+07
1.498185461815356091e+07
1.498290985176685080e+07
1.498303204715734720e+07
1.498221457205945812e+07
1.498099058897834271e+07
1.497965583111650310e+07
1.497877264158055186e+07
1.497875428051338345e+07
1.497949849065585248e+07
1.498075585035213083e+07
1.498230143044950813e+07
1.498362421960360743e+07
1.498419616293122247e+07
1.498375847583248280e+07
1.498218249736656435e+07
1.497976053405770473e+07
1.497689448401113600e+07
1.497426816924009286e+07
1.497237814967344329e+07
1.497157858746449649e+07
1.497216215221284330e+07
1.497390476110229269e+07
1.497643705335055292e+07
1.497912454936108738e+07
1.498151624027643166e+07
1.498310902772312239e+07
1.498352554697052203e+07
1.498285233175344206e+07
1.498143112295490317e+07
1.497966401507844776e+07
1.497807569835632667e+07
1.497734480494242348e+07
1.497769472208731435e+07
1.497886295551339909e+07
1.498067972090097517e+07
1.498276602115660720e+07
1.498427860026002489e+07
1.498478534825715609e+07
1.498394440964687802e+07
1.498208041255192831e+07
1.497935815590380691e+07
1.497643254911711253e+07
1.497390770876333490e+07
1.497235154863974825e+07
1.497208177693518810e+07
1.497322908097733185e+07
1.497541033785663545e+07
1.497811394210639596e+07
1.498074611223401688e+07
1.498276684489866719e+07
1.498369834505891241e+07
1.498334619498390891e+07
1.498195443296692893e+07
1.497999764212377556e+07
1.497789173626223579e+07
1.497645332252093591e+07
1.497600944010373205e+07
1.497668142633543164e+07
1.497839093740780093e+07
1.498079565333533660e+07
1.498307935752297565e+07
1.498464629085201584e+07
1.498492232697716728e+07
1.498399332158405520e+07
1.498190247545615025e+07
1.497916632975111529e+07
1.497643278010802343e+07
1.497428716338859685e+07
1.497320151107894816e+07
1.497353916672601551e+07
1.497509676045180671e+07
1.497738434609657526e+07
1.498007490178349055e+07
1.498241366234274395e+07
1.498391658683827147e+07
1.498398929581675492e+07
1.498295582625056803e+07
1.498097377768697590e+07
1.497849329814756289e+07
1.497631486281758361e+07
1.497506731981227174e+07
1.497489539276461117e+07
1.497601218349574693e+07
1.497822253223299421e+07
1.498081737939790078e+07
1.498308581689467840e+07
1.498452425852311961e+07
1.498469486667849682e+07
1.498365037530316226e+07
1.498160892829832621e+07
1.497919826456457190e+07
1.497689134106711112e+07
1.497537544790821522e+07
1.497562250545940734e+07
1.497579023529284820e+07
1.497766330108931847e+07
1.498005283631921932e+07
1.498241341210648790e+07
1.498403644467672333e+07
1.498456962625445612e+07
1.498393577415480651e+07
1.498216669557251967e+07
1.497963612195244804e+07
1.497718020323322341e+07
1.497504773452268355e+07
1.497397555017668754e+07
1.497422410186832771e+07
1.497585543433229066e+07
1.497818567046949454e+07
1.498070158295501955e+07
1.498274630070552230e+07
1.498384247316773608e+07
1.498372192751609161e+07
1.498265752846726030e+07
1.498099762330395915e+07
1.497907816678434797e+07
1.497746178125583008e+07
1.497664598115076683e+07
1.497688019722692668e+07
1.497813673012027517e+07
1.498001879587032087e+07
1.498214415975864604e+07
1.498388466477220319e+07
1.498480464644129016e+07
1.498454770406318270e+07
1.498325079278950393e+07
1.498093676782484911e+07
1.497829611424958892e+07
1.497582700414293259e+07
1.497403128515372053e+07
1.497330986109822057e+07
1.497398652350502834e+07
1.497568688911023922e+07
1.497791588357702270e+07
1.498016956205285713e+07
1.498196460747628659e+07
1.498276427687722631e+07
1.498276143635661155e+07
1.498181811411735602e+07
1.498064685112997890e+07
1.497925301789603010e+07
1.497921929917674139e+07
1.497829250738324597e+07
1.497917390199678950e+07
1.498052505864671431e+07
1.498240699949299172e+07
1.498399022449568845e+07
1.498510531172441877e+07
1.498523303155901097e+07
1.498428584426545724e+07
1.498230087143991329e+07
1.497996663297632523e+07
1.497756838472152129e+07
1.497543118523888476e+07
1.497398529119738936e+07
1.497368398285081983e+07
1.497446329409992136e+07
1.497599290414777584e+07
1.497783108693428338e+07
1.497971157908485644e+07
1.498101621736240573e+07
1.498163535191194899e+07
1.498155246840324439e+07
1.498096766618357226e+07
1.498027771848466620e+07
1.497982141111554764e+07
1.497972377637194097e+07
1.498013415619780682e+07
1.498107438761741109e+07
1.498241054416827299e+07
1.498377896179424040e+07
1.498481673594559729e+07
1.498522007683182135e+07
1.498474726643944159e+07
1.498339985652641580e+07
1.498152804921117239e+07
1.497935125747241452e+07
1.497714201756846346e+07
1.497539845381596126e+07
1.497439096881080605e+07
1.497431529977236874e+07
1.497497108584298752e+07
1.497601480829611421e+07
1.497738191487585194e+07
1.497871979774377868e+07
1.497986143174097873e+07
1.498047347319596820e+07
1.498069138636558875e+07
1.498063384342900477e+07
1.498061488675788417e+07
1.498075803435056470e+07
1.498100087588787451e+07
1.498160210630746186e+07
1.498251452029468305e+07
1.498344220588018931e+07
1.498426123696462624e+07
1.498469864210861735e+07
1.498455783153736778e+07
1.498381458357384615e+07
1.498252297045504116e+07
1.498100629393046908e+07
1.497920357994978316e+07
1.497748399565601163e+07
1.497608777361310460e+07
1.497520561790450849e+07
1.497482929928442836e+07
1.497505807847140357e+07
1.497565299505015835e+07
1.497664307241385244e+07
1.497778620801995881e+07
1.497880563995733298e+07
1.497960521192580275e+07
1.498015219938794896e+07
1.498067926344825700e+07
1.498115787563677132e+07
1.498154313603196852e+07
1.498193918846506439e+07
1.498241071848170273e+07
1.498298613571577147e+07
1.498350441355331428e+07
1.498384401726925373e+07
1.498389152432001755e+07
1.498363590697898529e+07
1.498304489611334167e+07
1.498216122272158042e+07
1.498095128645120747e+07
1.497958434961258247e+07
1.497817482035881095e+07
1.497688948147623241e+07
1.497578294935559295e+07
1.497516081814817153e+07
1.497486298343218863e+07
1.497521435928280652e+07
1.497581630501398258e+07
1.497692677629123256e+07
1.497794702770493738e+07
1.497931572123224102e+07
