4.784864945005841553e+06
4.787889313652785495e+06
4.787485161065114662e+06
4.788218805101726204e+06
4.788117147993488237e+06
4.788687125323413871e+06
4.788785094645777717e+06
4.789122158293709159e+06
4.789016801917390898e+06
4.789039343805249780e+06
4.788594584067868069e+06
4.787938268078994006e+06
4.786820893094280735e+06
4.785867117852379568e+06
4.784522458630683832e+06
4.783325896726300009e+06
4.782077291820851155e+06
4.781181156483231112e+06
4.780478829637217335e+06
4.780428478182723746e+06
4.780853259760180488e+06
4.781754619267761707e+06
4.782856674078438431e+06
4.784297691600107588e+06
4.785585407790309750e+06
4.786725160773315467e+06
4.787359924667324871e+06
4.787737620207929984e+06
4.787864605109068565e+06
4.787785561826518737e+06
4.787684862020656466e+06
4.787717308457336389e+06
4.787727462485968135e+06
4.787791233764576726e+06
4.787970465774884447e+06
4.787860586675747298e+06
4.787369236360763200e+06
4.786764415552638471e+06
4.785738604310895316e+06
4.784282445222503506e+06
4.782605042047623545e+06
4.781002860494797118e+06
4.779642530226577073e+06
4.778851774259198457e+06
4.778732742976824753e+06
4.779294292326305993e+06
4.780446999280205928e+06
4.782098237755636685e+06
4.783889314255456440e+06
4.785556562077560462e+06
4.786743895290454850e+06
4.787304710287329741e+06
4.787415555869802833e+06
4.787100991506808437e+06
4.786582563069763593e+06
4.786088261537357233e+06
4.785819770573375747e+06
4.785898141285857186e+06
4.786319898849343881e+06
4.786737816925313324e+06
4.786959818907465786e+06
4.786895449534616433e+06
4.786372555191490799e+06
4.785176740884339437e+06
4.783373927527172491e+06
4.781233060451853089e+06
4.779050357199169695e+06
4.777422123560934328e+06
4.776567805876737460e+06
4.776534965369169600e+06
4.777419680132965557e+06
4.779109784206537530e+06
4.781286576169548556e+06
4.783386779904743657e+06
4.785090504899128340e+06
4.786040376579271629e+06
4.786400137559729628e+06
4.786086729382601567e+06
4.785270069047935307e+06
4.784396231497390196e+06
4.783778114043428563e+06
4.783532910757005215e+06
4.783928110490586609e+06
4.784823039410690777e+06
4.785659304095956497e+06
4.786332103089943528e+06
4.786549399177838117e+06
4.785825033085552044e+06
4.784325894386623986e+06
4.782007425052545965e+06
4.779426821434739046e+06
4.777022949488931336e+06
4.775291680865496397e+06
4.774520319449620321e+06
4.774936281991152093e+06
4.776289617030672729e+06
4.778511539153050631e+06
4.781036660485335626e+06
4.783168688096336089e+06
4.784718963503861800e+06
4.785517998581754044e+06
4.785276885433363728e+06
4.784282320514629595e+06
4.783078067828251049e+06
4.781877390108212829e+06
4.781199808998004533e+06
4.781494160884223878e+06
4.782400746840512380e+06
4.783683408310873434e+06
4.785137957650112920e+06
4.786224378836199641e+06
4.786409183912809938e+06
4.785554114636556245e+06
4.783589998700910248e+06
4.780977102587902918e+06
4.778066435448656790e+06
4.775640327162190340e+06
4.774096884504590183e+06
4.773667562228699215e+06
4.774494240932978690e+06
4.776471384767151438e+06
4.779029023053030483e+06
4.781511877347745001e+06
4.783625363535129465e+06
4.784803595378145576e+06
4.784762695530049503e+06
4.783866975696039386e+06
4.782351776823231950e+06
4.780635903925156221e+06
4.779288649221725762e+06
4.778908784480588511e+06
4.779548081749003381e+06
4.780955909783310257e+06
4.782741625403100625e+06
4.784670609298165888e+06
4.785869787213884294e+06
4.785947373019307852e+06
4.784666752403307706e+06
4.782511197767284699e+06
4.779554859169534408e+06
4.776702458262460306e+06
4.774427115955789573e+06
4.773291873414073139e+06
4.773369953682949767e+06
4.774857625254373066e+06
4.777230656949349679e+06
4.779860785266530700e+06
4.782232756820520386e+06
4.783908859490361996e+06
4.784379356538434513e+06
4.783679175249609165e+06
4.782077988013292663e+06
4.780111503922414966e+06
4.778146817660513334e+06
4.777105018751391210e+06
4.777066465114413761e+06
4.777959063884483650e+06
4.779796700112636201e+06
4.782263482412632555e+06
4.784260001463891938e+06
4.785404669009491801e+06
4.785299386801096611e+06
4.783929104875787161e+06
4.781484184226560406e+06
4.778764498066479340e+06
4.776155700072134845e+06
4.774358412198369391e+06
4.773654260854200460e+06
4.774441933261379600e+06
4.776262160771281458e+06
4.778610293462158181e+06
4.781051342636611313e+06
4.783112360895784572e+06
4.784009007111465558e+06
4.783693878569239751e+06
4.782336079585752450e+06
4.780247318454723805e+06
4.777783060946341604e+06
4.775989872904744931e+06
4.775060174214446917e+06
4.775329349006560631e+06
4.776725098008153960e+06
4.779143154938493855e+06
4.781585520026512444e+06
4.783613432003537193e+06
4.784485643422728404e+06
4.784269320061496459e+06
4.782832526422732510e+06
4.780709299767224118e+06
4.778160747131010517e+06
4.776266963983723894e+06
4.774889647357265465e+06
4.775355066457444802e+06
4.776309874017112888e+06
4.778291991780207492e+06
4.780691516333497129e+06
4.782802500389618799e+06
4.783958038925118744e+06
4.784011520593487658e+06
4.782955751093613915e+06
4.780918112591065466e+06
4.778348074231118895e+06
4.776101448600980453e+06
4.774357930787008256e+06
4.773768313152159564e+06
4.774393220079224557e+06
4.776285071598484181e+06
4.778661427927916870e+06
4.781057205213421024e+06
4.782780426694820635e+06
4.783496854320345446e+06
4.782796753160700202e+06
4.781439362784529105e+06
4.779661117408515885e+06
4.777861810454281047e+06
4.776541715101657435e+06
4.776251562454629689e+06
4.776816981458581053e+06
4.778447332868383266e+06
4.780381750539990142e+06
4.782390771212916821e+06
4.783729316381928511e+06
4.784244001255562529e+06
4.783454623123217374e+06
4.781865806898797862e+06
4.779255254433767870e+06
4.776675796877674758e+06
4.774391654949692078e+06
4.773089440172945149e+06
4.772654871359637007e+06
4.773916255183688365e+06
4.775722804941908456e+06
4.778050563170285895e+06
4.779917352178461850e+06
4.781495296204753220e+06
4.781757598098129965e+06
4.781714368556831963e+06
4.780216984809054062e+06
4.779355227299535647e+06
4.777376676076664589e+06
4.778438335647072643e+06
4.777689556015075184e+06
4.778992619740920141e+06
4.780372777428762987e+06
4.782308049611901864e+06
4.783754511671376415e+06
4.784434307508937083e+06
4.784192249919094145e+06
4.782934979022114538e+06
4.780636670636154711e+06
4.778182087803286500e+06
4.775860850441304035e+06
4.773932524441099726e+06
4.772923184383452870e+06
4.772964810151847079e+06
4.774028292069723830e+06
4.775761741323371418e+06
4.777590368248490617e+06
4.779238413007986732e+06
4.780271930179322138e+06
4.780620765323800035e+06
4.780334556171457283e+06
4.779614447639955208e+06
4.778819265467628837e+06
4.778603060780675150e+06
4.778835462958448566e+06
4.779423158859661780e+06
4.780596652890903875e+06
4.782069535668061115e+06
4.783397460608423688e+06
4.784328024848802015e+06
4.784447669378231280e+06
4.783625201548826881e+06
4.781978745074668899e+06
4.779918394307983108e+06
4.777611746084180661e+06
4.775585161534056067e+06
4.774086509912111796e+06
4.773410242835450917e+06
4.773635566625014879e+06
4.774531349811546504e+06
4.775680465168465860e+06
4.777007255447185598e+06
4.778194961030965671e+06
4.779160179310375825e+06
4.779612763315149583e+06
4.779624117052189074e+06
4.779508272566481493e+06
4.779532440913648345e+06
4.779846644213861786e+06
4.780280038864908740e+06
4.781088588318246417e+06
4.782157174938245676e+06
4.783150042351158336e+06
4.783823831177303568e+06
4.784115588545731269e+06
4.783741543777051382e+06
4.782751268904536963e+06
4.781240882068128325e+06
4.779544353137293831e+06
4.777655217345085926e+06
4.776017801015460864e+06
4.774792257623222657e+06
4.774144423818643205e+06
4.773924229185796343e+06
4.774353784159841016e+06
4.775130422111907043e+06
4.776040423670312390e+06
4.777149979238493368e+06
4.778041708160203882e+06
4.778665809541611932e+06
4.779183032838500105e+06
4.779605546660480089e+06
4.780039746153037064e+06
4.780445463737578131e+06
4.781026373542425223e+06
4.781650848265092820e+06
4.782387236279084347e+06
4.782917610724273138e+06
4.783256245453291573e+06
4.783169381267132238e+06
4.782792586381829344e+06
4.782050394769464619e+06
4.781038807963628322e+06
4.779629035871720873e+06
4.778221528694065288e+06
4.776817891083305702e+06
4.775626009928551503e+06
4.774707216058505699e+06
4.774280782710937783e+06
4.774196136719120666e+06
4.774712088844474405e+06
4.775415886382577941e+06
4.776620234584862366e+06
4.777519216052041389e+06
4.778793459650156088e+06
