1.630846666469426639e+07
1.630986037996753119e+07
1.631027872607791051e+07
1.631075119444515184e+07
1.631080754455774091e+07
1.631119762723089196e+07
1.631156355301175825e+07
1.631178290844884329e+07
1.631176503205450624e+07
1.631149835374309681e+07
1.631092340587857552e+07
1.631004127732768469e+07
1.630875457117950730e+07
1.630761971962948889e+07
1.630640761649861000e+07
1.630526843929868750e+07
1.630439235363368876e+07
1.630391831318781152e+07
1.630384393408364803e+07
1.630418990960120782e+07
1.630499850026085600e+07
1.630603348946512491e+07
1.630722833298450708e+07
1.630861135711556487e+07
1.630967932261958346e+07
1.631051444143293612e+07
1.631110151121932268e+07
1.631166269184478745e+07
1.631189614033555426e+07
1.631179681774457172e+07
1.631168997218721919e+07
1.631175431429773942e+07
1.631181826077163592e+07
1.631173775047537126e+07
1.631166227109844424e+07
1.631130520083167404e+07
1.631071567249078676e+07
1.630997470812386461e+07
1.630897675538384356e+07
1.630776218182226643e+07
1.630631632493017055e+07
1.630504292812617309e+07
1.630388168677795865e+07
1.630333820156336389e+07
1.630370159179822728e+07
1.630453906978615932e+07
1.630579226265755855e+07
1.630744131007489003e+07
1.630904333426842280e+07
1.631030188513007574e+07
1.631126011826311238e+07
1.631170068833422288e+07
1.631187552643547952e+07
1.631164303879597224e+07
1.631123380537028238e+07
1.631079038964207284e+07
1.631068970881768316e+07
1.631100371099092811e+07
1.631156552062979527e+07
1.631202082653846405e+07
1.631176922195357457e+07
1.631126988139793277e+07
1.631044146424922720e+07
1.630893110795209184e+07
1.630690182197332755e+07
1.630490255248907208e+07
1.630324648938715458e+07
1.630221896074659936e+07
1.630216109621141292e+07
1.630296627103501558e+07
1.630432530763591267e+07
1.630624535972464830e+07
1.630840727072483115e+07
1.631025011671511643e+07
1.631152894084094651e+07
1.631222849520987459e+07
1.631238591074025631e+07
1.631196300419543311e+07
1.631116000846297853e+07
1.631049789244592004e+07
1.631003604654629156e+07
1.631011437279214710e+07
1.631081298989817128e+07
1.631166969110325165e+07
1.631248844993068837e+07
1.631293599100311659e+07
1.631247668660531193e+07
1.631086346505634859e+07
1.630826096238033660e+07
1.630531649648814276e+07
1.630245709674133919e+07
1.630012940054483153e+07
1.629886395880287513e+07
1.629873286236646771e+07
1.629977483808370307e+07
1.630157595418656059e+07
1.630388557242187671e+07
1.630608973206814378e+07
1.630765426254169084e+07
1.630876910309919529e+07
1.630921523661927134e+07
1.630877821934444085e+07
1.630798936420858093e+07
1.630708854411105998e+07
1.630653831119927578e+07
1.630632322043179534e+07
1.630686809701521508e+07
1.630790592758055031e+07
1.630900329184995592e+07
1.631003058403184451e+07
1.631058456379999593e+07
1.631030922040970251e+07
1.630912829447836243e+07
1.630712890051894821e+07
1.630458855002159066e+07
1.630207438072040677e+07
1.630026230724065006e+07
1.629958271994137205e+07
1.629993498180661909e+07
1.630159615716111474e+07
1.630416400926846825e+07
1.630674475712214410e+07
1.630887154242796823e+07
1.631059127647233941e+07
1.631110336246185564e+07
1.631059885195356421e+07
1.630938772880989127e+07
1.630777129178449512e+07
1.630636921837413684e+07
1.630546829413050413e+07
1.630564668749723583e+07
1.630670954539976828e+07
1.630842142802683078e+07
1.631014059786787443e+07
1.631183467786626332e+07
1.631260265075996332e+07
1.631206999039847218e+07
1.631018808791663311e+07
1.630738895055269077e+07
1.630429185644827411e+07
1.630174067243924737e+07
1.630011613631278463e+07
1.629957648480824754e+07
1.630027674360635877e+07
1.630222190906831995e+07
1.630485934807096608e+07
1.630748207508807629e+07
1.630964566753363051e+07
1.631085651056864858e+07
1.631097722663777880e+07
1.631007587533395924e+07
1.630852869183137640e+07
1.630661476484925114e+07
1.630510092743093148e+07
1.630456395131181180e+07
1.630491416971629113e+07
1.630622172748474032e+07
1.630836861499085464e+07
1.631066018167742342e+07
1.631224024424655922e+07
1.631274193147326820e+07
1.631207979826038890e+07
1.631046518501923606e+07
1.630801714397664368e+07
1.630546128053014353e+07
1.630338246358683519e+07
1.630216231125083007e+07
1.630226058283494413e+07
1.630374886843743920e+07
1.630600640415271558e+07
1.630844509886513092e+07
1.631082014879206009e+07
1.631221371378176846e+07
1.631237752965235524e+07
1.631146144503855892e+07
1.630989355768766813e+07
1.630769317463128269e+07
1.630553980746775120e+07
1.630420114281436801e+07
1.630378131657898799e+07
1.630458795285388641e+07
1.630638172331119515e+07
1.630883769218962826e+07
1.631117293174190633e+07
1.631262817318081856e+07
1.631285954310284741e+07
1.631201520022714883e+07
1.631026103655342013e+07
1.630810452127612010e+07
1.630594520078821853e+07
1.630437688120343164e+07
1.630386058900855109e+07
1.630486418826455809e+07
1.630620197297864221e+07
1.630856951340360381e+07
1.631078968813749216e+07
1.631246045811119676e+07
1.631299877735445648e+07
1.631238637454546802e+07
1.631068647116786800e+07
1.630840909421965107e+07
1.630593434845743515e+07
1.630411604652487114e+07
1.630317815412721597e+07
1.630314972382082418e+07
1.630450360949841142e+07
1.630694360732804798e+07
1.630941623620816879e+07
1.631128560497461632e+07
1.631239444931022078e+07
1.631240060706388019e+07
1.631101610732726008e+07
1.630926122398064658e+07
1.630738938368661515e+07
1.630586708429024741e+07
1.630490755361561291e+07
1.630511926020487212e+07
1.630632689297251590e+07
1.630816994220350310e+07
1.631055660220418870e+07
1.631258510804446228e+07
1.631363301296689920e+07
1.631351274345692806e+07
1.631230914617660269e+07
1.631029767322487198e+07
1.630757233273011446e+07
1.630503959404798411e+07
1.630309614895137027e+07
1.630226952680158801e+07
1.630273385387573019e+07
1.630436760744215921e+07
1.630658372102812678e+07
1.630870663149914332e+07
1.631012375131686404e+07
1.631107728159929439e+07
1.631102526837741584e+07
1.631048923111765273e+07
1.630911383322803676e+07
1.630779219827195257e+07
1.630638415252030082e+07
1.630642416450763121e+07
1.630673452174075320e+07
1.630805932019002363e+07
1.630984028832123242e+07
1.631164280937352777e+07
1.631283547154494561e+07
1.631323536137193255e+07
1.631240860799284466e+07
1.631058064950121939e+07
1.630813084010124020e+07
1.630570766909211501e+07
1.630356594720829092e+07
1.630184399699886702e+07
1.630118740090209246e+07
1.630187457895656489e+07
1.630335587700297311e+07
1.630541655768027529e+07
1.630756395405009016e+07
1.630927302316744253e+07
1.631000756213882752e+07
1.630983731153156236e+07
1.630915918584010005e+07
1.630818150143084861e+07
1.630727635055021755e+07
1.630724004445903376e+07
1.630771398600086384e+07
1.630852653794726916e+07
1.630989983344351128e+07
1.631155696130176075e+07
1.631288794349949993e+07
1.631364043330453150e+07
1.631320734655017965e+07
1.631185373063182831e+07
1.630983527530896664e+07
1.630749899523325637e+07
1.630518444433478452e+07
1.630329634850932099e+07
1.630185401629424468e+07
1.630150432313613407e+07
1.630207913171026297e+07
1.630349881690492295e+07
1.630507226843744144e+07
1.630676291879792139e+07
1.630800225549561717e+07
1.630888210026816651e+07
1.630908370940696821e+07
1.630872695887805708e+07
1.630844202919190936e+07
1.630844616644221917e+07
1.630895415669890866e+07
1.630991073469298892e+07
1.631118379213360511e+07
1.631252641547882743e+07
1.631352817896147445e+07
1.631390924891504645e+07
1.631371591534515843e+07
1.631297205759640038e+07
1.631151912701846659e+07
1.630951108965273201e+07
1.630751418167646229e+07
1.630545850985329039e+07
1.630383707668848522e+07
1.630303162764081918e+07
1.630288615510947071e+07
1.630325181938071176e+07
1.630368258142765053e+07
1.630432310265081748e+07
1.630503321391925588e+07
1.630580426571090519e+07
1.630621080434576049e+07
1.630652909977937117e+07
1.630704669507589750e+07
1.630761195587727986e+07
1.630833391842517816e+07
1.630906481897851452e+07
1.630977948011754826e+07
1.631040984736012481e+07
1.631131630120787397e+07
1.631161795006386377e+07
1.631141741046634503e+07
1.631089306113282032e+07
1.631006551130093448e+07
1.630892453417313099e+07
1.630762828089448810e+07
1.630628515824848972e+07
1.630488802086923085e+07
1.630378775142177753e+07
1.630309244601088390e+07
1.630240484877559915e+07
1.630218340097239986e+07
1.630245362308769859e+07
1.630318835898515023e+07
1.630388646289601922e+07
1.630443252698014677e+07
1.630513014403368533e+07
1.630599284310395829e+07
