1.987460035730488226e+07
1.987649552170484886e+07
1.987732457394586504e+07
1.987825653692320734e+07
1.987876585155742615e+07
1.987928669725576043e+07
1.987885815662110224e+07
1.987867444789122045e+07
1.987858731332637370e+07
1.987808800664579868e+07
1.987745752608364075e+07
1.987636717760200426e+07
1.987522349363584071e+07
1.987485710409084707e+07
1.987427615844983980e+07
1.987371085643563420e+07
1.987310357578051090e+07
1.987278870610846952e+07
1.987267923711032793e+07
1.987304080319136754e+07
1.987382865276660025e+07
1.987486415765329450e+07
1.987571156320946291e+07
1.987581699779508635e+07
1.987656196138882264e+07
1.987697351981432736e+07
1.987709513561898842e+07
1.987733949185609818e+07
1.987726551809444651e+07
1.987730883065148816e+07
1.987783826351161301e+07
1.987747742434797063e+07
1.987686175672959536e+07
1.987689715369752795e+07
1.987700419804750383e+07
1.987667028496466577e+07
1.987627717048333213e+07
1.987581211098444834e+07
1.987501831886560097e+07
1.987351112612774223e+07
1.987204399411881343e+07
1.987053846334621310e+07
1.986964447654904798e+07
1.986926381764199957e+07
1.986940128437333182e+07
1.987001122153640166e+07
1.987125562329328805e+07
1.987296742362928018e+07
1.987358490478575975e+07
1.987422045709291846e+07
1.987485453782795742e+07
1.987498355754261464e+07
1.987487197358370945e+07
1.987521804029650241e+07
1.987573014175229147e+07
1.987559225083015114e+07
1.987589638615308702e+07
1.987636923442492634e+07
1.987699199838933721e+07
1.987737389188426360e+07
1.987720825846367702e+07
1.987669562219756842e+07
1.987572850670828670e+07
1.987429011561445519e+07
1.987265748345548660e+07
1.987103958385448158e+07
1.986913782255544886e+07
1.986783048531850800e+07
1.986766733153481781e+07
1.986826232443176955e+07
1.986967074587355182e+07
1.987172497951046005e+07
1.987393066452073678e+07
1.987578177809429541e+07
1.987696266318072751e+07
1.987773224920145050e+07
1.987793779000306502e+07
1.987685309251733497e+07
1.987546412604703754e+07
1.987441927392507717e+07
1.987378631721374020e+07
1.987376350688624755e+07
1.987444739401407167e+07
1.987564647057475522e+07
1.987687520734496042e+07
1.987753366968540102e+07
1.987730952853696048e+07
1.987637690574586764e+07
1.987430987460580096e+07
1.987163565369400382e+07
1.986923230429197475e+07
1.986746499792267755e+07
1.986613929905879870e+07
1.986575050942000002e+07
1.986631385782755539e+07
1.986826588155436888e+07
1.987068748117031530e+07
1.987267418634956703e+07
1.987415977976650000e+07
1.987495314028661326e+07
1.987504980415192619e+07
1.987459945768491924e+07
1.987377939847600088e+07
1.987258388000438362e+07
1.987194827801750228e+07
1.987183272876040637e+07
1.987271599009731039e+07
1.987406773695888743e+07
1.987550406483312324e+07
1.987670142625799775e+07
1.987742126604222134e+07
1.987706313200448826e+07
1.987538765621900186e+07
1.987270975970385596e+07
1.986972367228642851e+07
1.986705444271892682e+07
1.986555912132386491e+07
1.986506226135421172e+07
1.986562682280832529e+07
1.986736134583500400e+07
1.986974544979700446e+07
1.987241457456416637e+07
1.987475168094165623e+07
1.987653043098530173e+07
1.987722614787973091e+07
1.987678352137563750e+07
1.987570974270058051e+07
1.987400274781842530e+07
1.987228523852200061e+07
1.987148446946782246e+07
1.987234099387985468e+07
1.987373782531460747e+07
1.987531865527197346e+07
1.987688211353189498e+07
1.987778172011491284e+07
1.987833797109695524e+07
1.987781765066361055e+07
1.987630827003188804e+07
1.987395409003293514e+07
1.987106443916802108e+07
1.986864222884742171e+07
1.986755013422842324e+07
1.986756046191075817e+07
1.986872409817392752e+07
1.987101224452075735e+07
1.987358569525174797e+07
1.987594003996933624e+07
1.987789248940987512e+07
1.987887686768395826e+07
1.987852853745440021e+07
1.987726472457543015e+07
1.987555017144755274e+07
1.987370749897678569e+07
1.987241137364877015e+07
1.987231216343583539e+07
1.987289823457000032e+07
1.987446568692294136e+07
1.987687133512483537e+07
1.987942602729754895e+07
1.988068426237440109e+07
1.988021327260462940e+07
1.987898571762295440e+07
1.987699214962275699e+07
1.987441797115423903e+07
1.987155837931389734e+07
1.986923753321618214e+07
1.986806554880448058e+07
1.986817429203230515e+07
1.986992137417012081e+07
1.987230037408636883e+07
1.987480071770574152e+07
1.987735265486790240e+07
1.987879613153342530e+07
1.987909207011373714e+07
1.987829159179068357e+07
1.987621912939583138e+07
1.987373856536541507e+07
1.987173300906812027e+07
1.987041858982487023e+07
1.987014694952008128e+07
1.987085879121460021e+07
1.987239071250592545e+07
1.987478631622821093e+07
1.987737830052495748e+07
1.987952520374798402e+07
1.988034658035498857e+07
1.987934716530026123e+07
1.987722406576059386e+07
1.987494173641764745e+07
1.987295753989596665e+07
1.987111934152946621e+07
1.987044970071282238e+07
1.987126777353154495e+07
1.987306252983953431e+07
1.987573880527807027e+07
1.987826539123322442e+07
1.987981488124476001e+07
1.988053133812699094e+07
1.988002546171361580e+07
1.987844102120578289e+07
1.987609202178809047e+07
1.987316948572136834e+07
1.987104360202128813e+07
1.987026909642026573e+07
1.987045401737952977e+07
1.987177052766739577e+07
1.987400256415772438e+07
1.987657348162100092e+07
1.987879681303926930e+07
1.987980027556335926e+07
1.987930790356712043e+07
1.987801254377876222e+07
1.987664823476294056e+07
1.987467775187860802e+07
1.987301485881676152e+07
1.987226038037634268e+07
1.987287904131007567e+07
1.987404668144740164e+07
1.987573135024774820e+07
1.987789587245180830e+07
1.987987074072696641e+07
1.987984063782783970e+07
1.987930638329105824e+07
1.987789623080306500e+07
1.987554182774629444e+07
1.987297137657940015e+07
1.987095516737786308e+07
1.986923479511522874e+07
1.986852089017807692e+07
1.986902366306778789e+07
1.987009807160811499e+07
1.987172682776381448e+07
1.987382883163296804e+07
1.987491695647166297e+07
1.987540815166455880e+07
1.987516342434140667e+07
1.987457865403752029e+07
1.987297360969782621e+07
1.987199767664460838e+07
1.987118832694334909e+07
1.987334241366101429e+07
1.987162209591310844e+07
1.987358305431257933e+07
1.987541140989136696e+07
1.987730353316824511e+07
1.987784441262143850e+07
1.987786346975355595e+07
1.987704127867263556e+07
1.987523414000802115e+07
1.987250498955193162e+07
1.986991256192711741e+07
1.986835726679680124e+07
1.986754466421852261e+07
1.986749869422319531e+07
1.986863163775625080e+07
1.987020909785141796e+07
1.987223682208498567e+07
1.987410401786337048e+07
1.987574219666390866e+07
1.987654709581249580e+07
1.987652918334741145e+07
1.987587953823526576e+07
1.987502759740828350e+07
1.987443891569999978e+07
1.987467549124135450e+07
1.987510524340388551e+07
1.987577456524795666e+07
1.987672535078135878e+07
1.987799550038793311e+07
1.987919852445476875e+07
1.988012063344671205e+07
1.987974306128753349e+07
1.987858027116200328e+07
1.987706894024926424e+07
1.987490516458618641e+07
1.987263895340294391e+07
1.987075117869154364e+07
1.986949891696739569e+07
1.986968390901345760e+07
1.987051906994923577e+07
1.987186406696953997e+07
1.987361394323255867e+07
1.987527970890517160e+07
1.987625958513612300e+07
1.987685733635852113e+07
1.987704634544039518e+07
1.987703110221838206e+07
1.987669397267534584e+07
1.987662118142044172e+07
1.987687283348814771e+07
1.987755763193608075e+07
1.987867151642248407e+07
1.988006088872158900e+07
1.988117229016062990e+07
1.988129773863377422e+07
1.988095564824083075e+07
1.988020040684438497e+07
1.987852548809012026e+07
1.987680078107852861e+07
1.987502408553320915e+07
1.987306792628205940e+07
1.987102699382952973e+07
1.986954512377775833e+07
1.986920322513109073e+07
1.986964490620947629e+07
1.987050407015153766e+07
1.987195280364481732e+07
1.987320723695020005e+07
1.987444159885714203e+07
1.987547323847031966e+07
1.987564937913143635e+07
1.987598531482633576e+07
1.987634518849160522e+07
1.987707528487014771e+07
1.987735115838637203e+07
1.987740839681712911e+07
1.987779186223733053e+07
1.987865691019717231e+07
1.987925121451407671e+07
1.987942977388028055e+07
1.987922504905539379e+07
1.987864307382374257e+07
1.987753483915227279e+07
1.987622340629303083e+07
1.987456612518311664e+07
1.987293575885165855e+07
1.987151425003481656e+07
1.987058685919412225e+07
1.986978105332450941e+07
1.986917635491430014e+07
1.986901696081089601e+07
1.986982935498560593e+07
1.987079173575635999e+07
1.987235349144786224e+07
1.987310792210251093e+07
1.987474767667948827e+07
