8.074959387368303724e+06
8.076017121659000404e+06
8.076349853917969391e+06
8.076721122976092622e+06
8.076899143644673750e+06
8.077235255656169727e+06
8.077538071351782419e+06
8.077737846590307541e+06
8.077772729250371456e+06
8.077693747010372579e+06
8.077388390274942853e+06
8.076660309384006076e+06
8.075634671353180893e+06
8.074671850746007636e+06
8.073475449759516865e+06
8.072294126192870550e+06
8.071132355605198070e+06
8.070210067462927662e+06
8.069599662027649581e+06
8.069557694600406103e+06
8.070060675213208422e+06
8.071001697679989971e+06
8.072187375945260748e+06
8.073606841552366503e+06
8.074928291374614462e+06
8.076074027899278328e+06
8.076748585798570886e+06
8.077203338766620494e+06
8.077408049231209792e+06
8.077275400247017853e+06
8.077197634625065140e+06
8.077183528165233321e+06
8.077206411816174164e+06
8.077310663659215905e+06
8.077509122377139516e+06
8.077409902460369281e+06
8.076949693411515094e+06
8.076338708116333000e+06
8.075331447334801778e+06
8.073910524338993244e+06
8.072292261014241725e+06
8.070728070270260796e+06
8.069454652273069136e+06
8.068740157125717960e+06
8.068689567031889223e+06
8.069314187632189132e+06
8.070544819787182845e+06
8.072267041385215707e+06
8.074033572577919811e+06
8.075748895316742361e+06
8.076912186166088097e+06
8.077502504097225145e+06
8.077700387502872385e+06
8.077432268315362744e+06
8.076953682510538958e+06
8.076507998128377832e+06
8.076261873373218812e+06
8.076398503291513771e+06
8.076895833309107460e+06
8.077343450733958744e+06
8.077571792698003352e+06
8.077504720480305143e+06
8.077022905138332397e+06
8.075866715130497701e+06
8.074116769477115013e+06
8.072070667660032399e+06
8.069989867869739421e+06
8.068405833126245998e+06
8.067579730382416397e+06
8.067642305958867073e+06
8.068613045891661197e+06
8.070341523247492500e+06
8.072551400774638169e+06
8.074709023186924867e+06
8.076401853983026929e+06
8.077389123495903797e+06
8.077782743580834009e+06
8.077499315582090057e+06
8.076796058747630566e+06
8.075999715118791908e+06
8.075398138493856415e+06
8.075235492386665195e+06
8.075689964126724750e+06
8.076577469205958769e+06
8.077420129151974805e+06
8.078097665984166786e+06
8.078291362834505737e+06
8.077610585007892922e+06
8.076127086697486229e+06
8.073903294013129547e+06
8.071426069549462758e+06
8.069117622636166401e+06
8.067435169089026749e+06
8.066781847262601368e+06
8.067252111032619141e+06
8.068681379008377902e+06
8.070918552314412780e+06
8.073424842622242868e+06
8.075547848092396744e+06
8.077138484767201357e+06
8.077936714389949106e+06
8.077752102328838781e+06
8.076840756732193753e+06
8.075680958997120149e+06
8.074518003960286267e+06
8.073922409748374484e+06
8.074248032164817676e+06
8.075215209007420577e+06
8.076479930224251002e+06
8.077944597219582647e+06
8.079021154259526171e+06
8.079210895560342818e+06
8.078354170710638165e+06
8.076415185512280092e+06
8.073841846177431755e+06
8.071000182250083424e+06
8.068642404717457481e+06
8.067186872168961912e+06
8.066811042470835149e+06
8.067704728099590167e+06
8.069706762565107085e+06
8.072282047395773232e+06
8.074758137253158726e+06
8.076857976231017150e+06
8.077998922621465288e+06
8.078019055317522958e+06
8.077098574588144198e+06
8.075641180692790076e+06
8.073991292659913190e+06
8.072717606461975724e+06
8.072371778949702159e+06
8.073048089883291163e+06
8.074435089210160077e+06
8.076256133565318771e+06
8.078144792949303985e+06
8.079358626999646425e+06
8.079439988780937158e+06
8.078188691800347529e+06
8.075999264805560000e+06
8.073113163461990654e+06
8.070285882834907621e+06
8.068117828772136010e+06
8.066986474964611232e+06
8.067153824825697578e+06
8.068678159172078595e+06
8.071095384271219373e+06
8.073708750528510660e+06
8.076120122052895837e+06
8.077751008294582367e+06
8.078237431514577940e+06
8.077517439090665430e+06
8.075952929360038601e+06
8.073965326089614071e+06
8.072085003396917135e+06
8.071056383398354053e+06
8.071060436770206317e+06
8.072036601456769742e+06
8.073968952271199785e+06
8.076402068037531339e+06
8.078437721440894529e+06
8.079587184478329495e+06
8.079435723862361163e+06
8.078049586518401280e+06
8.075691389898110181e+06
8.072941062617388554e+06
8.070382270939129405e+06
8.068610132815429009e+06
8.068015478000761941e+06
8.068848420846012421e+06
8.070731688445094042e+06
8.073089525202417746e+06
8.075610297572204843e+06
8.077663199328606017e+06
8.078664729825385846e+06
8.078276179957289249e+06
8.076930632842542604e+06
8.074813563254281878e+06
8.072387755142876878e+06
8.070577305913694203e+06
8.069714299348428845e+06
8.069996180363132618e+06
8.071493595207753591e+06
8.073938261923606507e+06
8.076483584195278585e+06
8.078469806273894385e+06
8.079444056844721548e+06
8.079193682194588706e+06
8.077737954185750335e+06
8.075507148073937744e+06
8.073066240466958843e+06
8.070993937257107347e+06
8.069852764662622474e+06
8.070513605966211297e+06
8.071182999554814771e+06
8.073283154592275620e+06
8.075691219523618929e+06
8.077862265115249902e+06
8.079085388229852542e+06
8.079164269778588787e+06
8.078133229121075012e+06
8.076096967048215680e+06
8.073476141723188572e+06
8.071067867475637235e+06
8.069351843004941009e+06
8.068730572626310401e+06
8.069421362467385828e+06
8.071360100616371259e+06
8.073817662766664289e+06
8.076250817889478058e+06
8.078030112381164916e+06
8.078782398879842833e+06
8.078188392602776177e+06
8.076833474675324745e+06
8.075018520585417747e+06
8.073107544657123275e+06
8.071735650739263743e+06
8.071363519507695921e+06
8.071955553287126124e+06
8.073508545073099434e+06
8.075509009623983875e+06
8.077551306470707059e+06
8.079053803265676834e+06
8.079590731591843069e+06
8.078921476719564758e+06
8.077255159405612387e+06
8.074728379006947391e+06
8.072067949507229030e+06
8.069814993777785450e+06
8.068355558404850774e+06
8.068008427983907051e+06
8.069122242101344280e+06
8.071095143808993511e+06
8.073380964402847923e+06
8.075475271547068842e+06
8.076991641578195617e+06
8.077451782181107439e+06
8.077211062435110100e+06
8.076061114467084408e+06
8.074829257747577503e+06
8.073469632323534228e+06
8.073892981527031399e+06
8.073116642554342747e+06
8.074400810442445800e+06
8.075794597279627807e+06
8.077776920737580396e+06
8.079227005093562417e+06
8.080074020946552046e+06
8.079874559089527465e+06
8.078634794753563590e+06
8.076384672865697183e+06
8.073957262850860134e+06
8.071606081858916208e+06
8.069581653439154848e+06
8.068453557545267977e+06
8.068554860707526095e+06
8.069599937354916707e+06
8.071313306029577740e+06
8.073166971741685644e+06
8.074967758315375075e+06
8.076107690137988888e+06
8.076433253283773549e+06
8.076172378409167752e+06
8.075492669539071620e+06
8.074702048509525135e+06
8.074340310764485970e+06
8.074443971171419136e+06
8.075082683095014654e+06
8.076225475927131251e+06
8.077684699381075799e+06
8.079010198794649914e+06
8.079973333353579044e+06
8.080112982650091872e+06
8.079307408754236065e+06
8.077712805370422080e+06
8.075672314545273781e+06
8.073406343032029457e+06
8.071255670500239357e+06
8.069672445881624706e+06
8.068963406954499893e+06
8.069170185418841429e+06
8.070091275833721273e+06
8.071313367418763228e+06
8.072756616151871160e+06
8.074053338809551671e+06
8.075010974443735555e+06
8.075420631892676465e+06
8.075439951674366370e+06
8.075257657306371257e+06
8.075259647535165772e+06
8.075527590787367895e+06
8.075909390461050905e+06
8.076681652215390466e+06
8.077731833580846898e+06
8.078809333208225667e+06
8.079623016600678675e+06
8.079977870114812627e+06
8.079584932666002773e+06
8.078559792260431685e+06
8.077005650263177231e+06
8.075312722617388703e+06
8.073416856153840199e+06
8.071682878823765554e+06
8.070481035514794290e+06
8.069831640680948272e+06
8.069638596967926249e+06
8.070088128461202607e+06
8.070877064630791545e+06
8.071889715500797145e+06
8.073000161257429048e+06
8.073919630206723697e+06
8.074511707421774045e+06
8.074956836235285737e+06
8.075380889308454469e+06
8.075840738321834244e+06
8.076226342180752195e+06
8.076701341428971849e+06
8.077281714729962870e+06
8.077986562725188211e+06
8.078560864444258623e+06
8.078880382635556161e+06
8.078816681322587654e+06
8.078423880058367737e+06
8.077654687139117159e+06
8.076593241023208015e+06
8.075221264669305645e+06
8.073783058260180056e+06
8.072324337228654884e+06
8.071126881958168931e+06
8.070189456505903043e+06
8.069789644316042773e+06
8.069708789253591560e+06
8.070223924107425846e+06
8.070886234075376764e+06
8.072047886453679763e+06
8.072944073841351084e+06
8.074281637152052484e+06
