1.108323434000993147e+07
1.108408968457876891e+07
1.108446446006059088e+07
1.108481704006173648e+07
1.108500948785758764e+07
1.108534489438463561e+07
1.108566121819573082e+07
1.108580988318352029e+07
1.108582545864601806e+07
1.108568734134027548e+07
1.108535974945776910e+07
1.108466182575928792e+07
1.108361712431046367e+07
1.108258524452164210e+07
1.108138562154616416e+07
1.108020112587795965e+07
1.107909433039237000e+07
1.107825128348850459e+07
1.107774625683060661e+07
1.107775707355263270e+07
1.107836092378259636e+07
1.107930510480640084e+07
1.108047022695713118e+07
1.108188565898869187e+07
1.108322146212684363e+07
1.108429680229369551e+07
1.108495592160453275e+07
1.108536292052276619e+07
1.108552743540724739e+07
1.108543970362899825e+07
1.108538620859715529e+07
1.108540050388201512e+07
1.108542239465440251e+07
1.108551537346425280e+07
1.108570489608976059e+07
1.108554890433595888e+07
1.108504748258215934e+07
1.108435250603589974e+07
1.108333016120850109e+07
1.108193621872105636e+07
1.108033981409507431e+07
1.107884851931483112e+07
1.107765794226591475e+07
1.107697223214821145e+07
1.107706089508046769e+07
1.107772889994958788e+07
1.107902421365305409e+07
1.108074421195692010e+07
1.108247736540251225e+07
1.108405103792949021e+07
1.108517830014272779e+07
1.108576309427535534e+07
1.108584767360233888e+07
1.108558899102602713e+07
1.108516473363425210e+07
1.108477955112395994e+07
1.108459937830478325e+07
1.108475985643752664e+07
1.108525500110756233e+07
1.108572294665885530e+07
1.108585277439927123e+07
1.108572718428917974e+07
1.108516782217032835e+07
1.108391687665830366e+07
1.108215434112071991e+07
1.108014564259971119e+07
1.107813943971168809e+07
1.107667052787115425e+07
1.107598350823611021e+07
1.107615479987174086e+07
1.107720664685319178e+07
1.107898117908049934e+07
1.108109674145346321e+07
1.108317741679850407e+07
1.108478688511795551e+07
1.108572057764842734e+07
1.108604017321558110e+07
1.108569938286612369e+07
1.108495608538433537e+07
1.108419237225891091e+07
1.108367065239832364e+07
1.108359901744527556e+07
1.108410265266940743e+07
1.108498315399218351e+07
1.108580372667742334e+07
1.108633682346357591e+07
1.108645735965427198e+07
1.108566107048658282e+07
1.108406658682234772e+07
1.108186912513107061e+07
1.107944442258429155e+07
1.107719972824635915e+07
1.107568747666809149e+07
1.107520104505545832e+07
1.107581022528347559e+07
1.107730403810732253e+07
1.107958221982664615e+07
1.108199808473677188e+07
1.108394454772203602e+07
1.108540648000638746e+07
1.108607544218187034e+07
1.108581682927143015e+07
1.108494638846250437e+07
1.108380098297871463e+07
1.108274241777852364e+07
1.108225412624310888e+07
1.108266158979588002e+07
1.108369504780369066e+07
1.108495789008912072e+07
1.108633949093831517e+07
1.108727162064912729e+07
1.108729133244769834e+07
1.108628851908181980e+07
1.108426091998019628e+07
1.108167525707812048e+07
1.107894602819321491e+07
1.107672729761314392e+07
1.107542368895191140e+07
1.107523075522009842e+07
1.107632511196541227e+07
1.107835166740798764e+07
1.108087922447040491e+07
1.108325061143039167e+07
1.108519630410316214e+07
1.108618721892407909e+07
1.108610210163052008e+07
1.108513042369363829e+07
1.108369137110295519e+07
1.108208402689991519e+07
1.108098732096826844e+07
1.108077999276718870e+07
1.108159253487071209e+07
1.108303329440347292e+07
1.108483978092097491e+07
1.108664730616283976e+07
1.108762131718954258e+07
1.108750113341734745e+07
1.108614701518819854e+07
1.108392818969558366e+07
1.108102960506002791e+07
1.107838143135271035e+07
1.107642442358667962e+07
1.107548336831801012e+07
1.107582296791342087e+07
1.107749313122514077e+07
1.107993203283537179e+07
1.108246206835233420e+07
1.108468419829333015e+07
1.108610691438083909e+07
1.108638938369450718e+07
1.108558594573117979e+07
1.108402155071428232e+07
1.108208702774999663e+07
1.108033726267264783e+07
1.107948153540923633e+07
1.107970169896981120e+07
1.108077391462819465e+07
1.108278685186687484e+07
1.108516895577128790e+07
1.108703597884510830e+07
1.108793761714741029e+07
1.108763638209585287e+07
1.108615414791210368e+07
1.108372150200570747e+07
1.108105044467494078e+07
1.107864083136760630e+07
1.107707028919366002e+07
1.107665992057831213e+07
1.107764992009511963e+07
1.107962368104302511e+07
1.108193447450801916e+07
1.108435993992755190e+07
1.108620816533307545e+07
1.108691987454315275e+07
1.108640421622822620e+07
1.108499390780302510e+07
1.108283679163719527e+07
1.108054935104285181e+07
1.107895460772984289e+07
1.107825742941824719e+07
1.107870410513998754e+07
1.108029643834682740e+07
1.108273969999266043e+07
1.108521371964142472e+07
1.108700238593600877e+07
1.108774697735923529e+07
1.108732874249267206e+07
1.108575879414459877e+07
1.108352912059450708e+07
1.108122612206744403e+07
1.107933277670914307e+07
1.107846167466072366e+07
1.107932570569248311e+07
1.108006337861776724e+07
1.108222590461548790e+07
1.108451547322965972e+07
1.108653470379364863e+07
1.108752641266108491e+07
1.108742494113280810e+07
1.108621046352611110e+07
1.108414301609876752e+07
1.108158049277416244e+07
1.107933474582745507e+07
1.107785743953100033e+07
1.107744390117961541e+07
1.107826655346583575e+07
1.108031827093355171e+07
1.108278564045400731e+07
1.108509007469042018e+07
1.108671131387863867e+07
1.108721492883175984e+07
1.108643621596109122e+07
1.108500012159810215e+07
1.108320094982826710e+07
1.108144678742793947e+07
1.108027103069111146e+07
1.108013150900216773e+07
1.108094527420879528e+07
1.108256749085105956e+07
1.108457262759076431e+07
1.108648210285201855e+07
1.108776379674203135e+07
1.108808192967472412e+07
1.108722976913831942e+07
1.108543709356322326e+07
1.108286357744528912e+07
1.108033351536972821e+07
1.107826302922401950e+07
1.107702353740244359e+07
1.107690636616319232e+07
1.107817369488424808e+07
1.108022750166487880e+07
1.108248331659349054e+07
1.108443601368875615e+07
1.108580122117885575e+07
1.108607868245775998e+07
1.108564486040492728e+07
1.108447048292176425e+07
1.108322219531305134e+07
1.108203855565142632e+07
1.108278587041704357e+07
1.108200990446139313e+07
1.108338701632032171e+07
1.108486552999007143e+07
1.108680281982070766e+07
1.108815121406362578e+07
1.108877697500028834e+07
1.108835460310752876e+07
1.108691126651724242e+07
1.108455176349429972e+07
1.108213943433749117e+07
1.107986348395321704e+07
1.107802410862238146e+07
1.107708068689958565e+07
1.107737599800073169e+07
1.107856825514471903e+07
1.108030978108772263e+07
1.108223719185457565e+07
1.108391172641192004e+07
1.108489232797101140e+07
1.108510556233468466e+07
1.108476539137557521e+07
1.108402529471834563e+07
1.108321779421715252e+07
1.108303491811423004e+07
1.108334006036076881e+07
1.108407175321146287e+07
1.108526160291339830e+07
1.108676752382026054e+07
1.108803453156074509e+07
1.108890615817910433e+07
1.108891260383850709e+07
1.108794017985737696e+07
1.108625057081323862e+07
1.108415197667471692e+07
1.108188983183900639e+07
1.107986277871524729e+07
1.107835722402892075e+07
1.107782368338180520e+07
1.107814902514013648e+07
1.107912270754424669e+07
1.108040950809731707e+07
1.108187690133124962e+07
1.108312560291564651e+07
1.108399650166668184e+07
1.108432599826131202e+07
1.108423918504871055e+07
1.108407647829720378e+07
1.108411766210345551e+07
1.108441840732834861e+07
1.108490066434977576e+07
1.108572389271631651e+07
1.108679812728202716e+07
1.108783313376526907e+07
1.108859576842166111e+07
1.108886040939640440e+07
1.108839540478488617e+07
1.108724692945958488e+07
1.108562886224491894e+07
1.108390960977779888e+07
1.108197162909805402e+07
1.108029237774871103e+07
1.107914333719259873e+07
1.107859127862785198e+07
1.107855121017904207e+07
1.107909089372173138e+07
1.107999822408119775e+07
1.108104341235899925e+07
1.108217146307131089e+07
1.108301959068039432e+07
1.108350779082519375e+07
1.108393320397175290e+07
1.108433240148051456e+07
1.108476093316039816e+07
1.108515499619431421e+07
1.108571056966296397e+07
1.108632568084278330e+07
1.108710720959114097e+07
1.108775936878538691e+07
1.108809300052149221e+07
1.108796838086306863e+07
1.108747894872493669e+07
1.108656700845711865e+07
1.108538677707030997e+07
1.108388321050625481e+07
1.108240255002595671e+07
1.108096806673470512e+07
1.107987372971010767e+07
1.107899844021455571e+07
1.107872614018380269e+07
1.107874471069481783e+07
1.107936341636031680e+07
1.108012333492387272e+07
1.108126753246042691e+07
1.108208351831369661e+07
1.108330803843820095e+07
