1.512834040267324308e+06
1.516424981208507903e+06
1.515817186875016661e+06
1.516715784037476871e+06
1.516392547645256389e+06
1.517191839967202628e+06
1.517231867725494318e+06
1.517594797301731072e+06
1.517414494689262239e+06
1.517392181432787096e+06
1.516756447181549156e+06
1.516160231212334242e+06
1.514738071749772877e+06
1.513666890038233250e+06
1.512417704552412499e+06
1.511139936274053063e+06
1.510078731454271125e+06
1.509388945418327814e+06
1.508848038845114876e+06
1.509083665164083941e+06
1.509819247431210242e+06
1.510791278017678065e+06
1.511891686814901419e+06
1.513203648601501249e+06
1.514385444261794211e+06
1.515284523842419498e+06
1.515645500530801713e+06
1.515953159637762699e+06
1.515908058431155980e+06
1.515728284374668496e+06
1.515614673771567410e+06
1.515657420971489511e+06
1.515594329686529469e+06
1.515716902702684514e+06
1.515774457008950645e+06
1.515459925866561010e+06
1.514629955342012690e+06
1.513746350140617462e+06
1.512524131750535220e+06
1.510921804601223441e+06
1.509167064050563145e+06
1.507695969586898340e+06
1.506587524335826514e+06
1.506014377231407911e+06
1.506349282938861288e+06
1.507175576187489554e+06
1.508379900295128813e+06
1.510204102156222099e+06
1.511881014117761515e+06
1.513110020530514419e+06
1.514156582627482712e+06
1.514481345875429455e+06
1.514229963128128089e+06
1.513999336525850231e+06
1.513378930584382731e+06
1.512922690593683627e+06
1.512923831950095715e+06
1.512991776875171112e+06
1.513466861657306785e+06
1.514040569117928855e+06
1.513871882364562480e+06
1.513420274908936350e+06
1.512720570121091092e+06
1.511121554259821540e+06
1.509212054222905310e+06
1.507101344708104851e+06
1.505021297807446914e+06
1.503716887896151515e+06
1.503366658775607124e+06
1.503640591009654338e+06
1.504891067329589976e+06
1.506788192669616081e+06
1.509013256455662893e+06
1.511004043624192709e+06
1.512231938133887714e+06
1.513058620590178762e+06
1.513082036447857507e+06
1.512511674822339090e+06
1.511709307820079848e+06
1.510878285052401712e+06
1.510491034946141066e+06
1.510494114096195204e+06
1.511108943287623115e+06
1.512004135482238606e+06
1.512812009776416002e+06
1.513105330240647309e+06
1.512991804835198447e+06
1.512026850698294817e+06
1.510213837583753513e+06
1.507826447341399500e+06
1.505370257489902899e+06
1.503146836981794797e+06
1.501963454331990331e+06
1.501848463788344059e+06
1.502528605513361283e+06
1.504314803554261103e+06
1.506788535338693298e+06
1.509177994840941625e+06
1.511020214773552725e+06
1.512198258211943554e+06
1.512711868782160105e+06
1.512225245454057585e+06
1.511209636123347562e+06
1.509953830609870376e+06
1.509078418542224914e+06
1.508820365157668246e+06
1.509474689745244337e+06
1.510627027704910841e+06
1.511997546659845160e+06
1.513311250535987550e+06
1.514141033325750614e+06
1.513881621494467137e+06
1.512559673488558736e+06
1.510422899682788411e+06
1.507701032262592344e+06
1.504886430088809924e+06
1.503002875791038852e+06
1.502077693421687465e+06
1.502228567905665142e+06
1.503521452221955871e+06
1.505919875489303144e+06
1.508511340647832723e+06
1.510919513928955654e+06
1.512575107139399974e+06
1.513409604555627098e+06
1.512976230980952503e+06
1.511927116830685642e+06
1.510278829917280702e+06
1.508755697201034054e+06
1.507837801358340308e+06
1.508041470861880109e+06
1.509017699952831492e+06
1.510630518481463892e+06
1.512510365016657626e+06
1.514246673242237186e+06
1.515085586120926309e+06
1.514526886235967511e+06
1.512924162841970799e+06
1.510456766009811545e+06
1.507408719996259548e+06
1.504813881928139832e+06
1.503234523973682895e+06
1.502628149448703509e+06
1.503246818513494916e+06
1.505290948215448763e+06
1.507875627789535560e+06
1.510519082391882781e+06
1.512554054808902787e+06
1.513767603470436297e+06
1.513628101922786329e+06
1.512703830021285918e+06
1.510934932600560831e+06
1.508898586879081558e+06
1.507231683914551279e+06
1.506850099473197479e+06
1.507359217229152098e+06
1.508600428756017471e+06
1.510722084997394355e+06
1.513309990304662380e+06
1.515074200845910236e+06
1.515587067986656679e+06
1.514941193221080350e+06
1.513103819542130688e+06
1.510457532313545933e+06
1.507722920925893122e+06
1.505360460829008603e+06
1.504285906591034494e+06
1.504102693706540857e+06
1.505500070132217603e+06
1.507715967490982497e+06
1.510123009999962756e+06
1.512553938660559943e+06
1.514329180437538307e+06
1.514421502523030620e+06
1.513714976131585892e+06
1.512006119985785568e+06
1.509567498959931312e+06
1.507277729842920788e+06
1.505907377248155652e+06
1.505514545791957993e+06
1.506308482120514615e+06
1.507941287287975661e+06
1.510594550702607026e+06
1.513049334102310706e+06
1.514696648106297944e+06
1.514955870683569228e+06
1.514203715842019534e+06
1.512210139985166723e+06
1.509900310842805542e+06
1.507365080398129532e+06
1.505601367057044059e+06
1.504688969638535287e+06
1.505118856046611443e+06
1.507164847293370403e+06
1.509251784014542354e+06
1.511697990209592506e+06
1.513478914745165501e+06
1.514113930105909240e+06
1.513568569944525603e+06
1.511896488774492871e+06
1.509708691702547949e+06
1.506858214508582372e+06
1.504535602922073100e+06
1.503417773431464797e+06
1.503238810142469127e+06
1.504127598967476049e+06
1.506468821409506490e+06
1.508939233357019490e+06
1.511247516617947491e+06
1.512661082380764419e+06
1.512576735154303256e+06
1.511380041772284079e+06
1.509819225231803022e+06
1.507837396771198371e+06
1.505861704227940645e+06
1.504677344583148835e+06
1.504882059830217855e+06
1.505863375087833498e+06
1.507557733128252439e+06
1.509403202097289497e+06
1.511543464552281657e+06
1.512443400476374431e+06
1.512402225797445048e+06
1.511043834144139662e+06
1.508952606147862738e+06
1.506108276673312765e+06
1.503602189101030817e+06
1.501326714348206762e+06
1.500420257617726689e+06
1.500517240144568263e+06
1.501984115637908224e+06
1.504028187422814080e+06
1.506511942922377028e+06
1.508286461498215562e+06
1.509626823442312656e+06
1.509198011116890004e+06
1.508710478379159234e+06
1.507082630467175972e+06
1.506160948296000017e+06
1.503730327497048769e+06
1.503157214795314940e+06
1.505140623412476853e+06
1.506060928562486544e+06
1.507910555712910136e+06
1.509518346810965100e+06
1.511017800710648531e+06
1.511378135202455800e+06
1.510498209222252015e+06
1.508699579852318158e+06
1.506156179654508596e+06
1.503500153741646791e+06
1.501249730758061167e+06
1.499357632630660664e+06
1.498724058175428538e+06
1.499324178902379936e+06
1.500628901163991308e+06
1.502432748722738121e+06
1.504577142582422821e+06
1.506093389866471989e+06
1.506895497229609173e+06
1.506674348658669041e+06
1.506205785959108965e+06
1.505341474229483400e+06
1.504292270656654611e+06
1.504007679098643828e+06
1.504625979793508304e+06
1.505299060622831574e+06
1.506647007954124827e+06
1.508072285196184879e+06
1.509260130109095946e+06
1.510193080472137546e+06
1.509940798129983479e+06
1.508433012546570506e+06
1.506610732235559030e+06
1.504334380609227810e+06
1.501922748956257710e+06
1.499799521277175983e+06
1.498275697865829570e+06
1.497938275080377702e+06
1.498592067827937659e+06
1.499524794995330507e+06
1.500941209467744455e+06
1.502509822046729038e+06
1.503690138347940519e+06
1.504363283970250282e+06
1.504546284476402448e+06
1.504171317827513441e+06
1.503990678233249113e+06
1.503854674477025634e+06
1.503999216215163004e+06
1.504621651204418624e+06
1.505408287154650548e+06
1.506470969581828918e+06
1.507459536946298787e+06
1.508203929750414798e+06
1.508348173834169516e+06
1.507743030728665879e+06
1.506175163035457255e+06
1.504484535163955996e+06
1.502683276218213374e+06
1.500619917710012291e+06
1.498769471387058729e+06
1.497818677722598193e+06
1.497406994930412853e+06
1.497485116404627217e+06
1.498200978245212231e+06
1.499142155146402540e+06
1.500277138514106628e+06
1.501431993371852208e+06
1.502234371695839334e+06
1.502501294152323622e+06
1.502808735282900510e+06
1.503226474476773525e+06
1.503471192002534866e+06
1.503839759028590750e+06
1.504355116782924626e+06
1.504994570901153842e+06
1.505644537542421138e+06
1.506362768132893136e+06
1.506487222247776343e+06
1.506392235579210799e+06
1.505718783912481740e+06
1.504721283211129019e+06
1.503364326324801194e+06
1.501819565919389483e+06
1.500138853163952008e+06
1.498725410401554778e+06
1.497557317032752093e+06
1.496818080659176456e+06
1.496567920352341840e+06
1.496831180212775012e+06
1.497343661833779886e+06
1.498485916985050309e+06
1.499394862832682440e+06
1.500433658264681697e+06
1.500920857291875174e+06
