1.923844676719348133e+07
1.923906259340465069e+07
1.923961605549935251e+07
1.923979064859943837e+07
1.923984658738152683e+07
1.923964933611888066e+07
1.923961935734210908e+07
1.923984254763778299e+07
1.924007093491657078e+07
1.924041001299528778e+07
1.924045472390112653e+07
1.923948355157736689e+07
1.923836073734854162e+07
1.923748407979974896e+07
1.923646395957706496e+07
1.923537246804768965e+07
1.923441046527142450e+07
1.923381376291599870e+07
1.923376392063871026e+07
1.923414918907167763e+07
1.923449484753426537e+07
1.923490453318558261e+07
1.923564981823468953e+07
1.923674597335188091e+07
1.923776541492947191e+07
1.923828308526268974e+07
1.923864664662669599e+07
1.923884922756899893e+07
1.923905036217939481e+07
1.923925052716278285e+07
1.923939058169816062e+07
1.923956246005850285e+07
1.924006355173915997e+07
1.924040069411019236e+07
1.924095155373676866e+07
1.924117885029007494e+07
1.924077629186424986e+07
1.924004655750915781e+07
1.923875088956454024e+07
1.923690594177097455e+07
1.923523143220610917e+07
1.923402818586825579e+07
1.923344769814036787e+07
1.923320276711781323e+07
1.923331091861759871e+07
1.923374174552936479e+07
1.923469840564135090e+07
1.923602280280460790e+07
1.923738060171078518e+07
1.923858020506900176e+07
1.923999481231082976e+07
1.924058823993916065e+07
1.924050970980219916e+07
1.923998534613207728e+07
1.923905758094511926e+07
1.923820115377310291e+07
1.923769679534903169e+07
1.923749321525013074e+07
1.923762480126344040e+07
1.923759323895439878e+07
1.923718610238540918e+07
1.923642657564742118e+07
1.923536786559053510e+07
1.923381911546120793e+07
1.923192834729132056e+07
1.923008440134786069e+07
1.922837756002603844e+07
1.922718916278158128e+07
1.922680308105269074e+07
1.922715678021310270e+07
1.922788669295866415e+07
1.922893348594899848e+07
1.923039510684895888e+07
1.923186079632687569e+07
1.923313769415177777e+07
1.923420193242578581e+07
1.923517362779828161e+07
1.923558412898156047e+07
1.923497221956659853e+07
1.923394313538246974e+07
1.923324182259408757e+07
1.923296675534415990e+07
1.923316983828425780e+07
1.923372227145716175e+07
1.923430383909918740e+07
1.923466034071152657e+07
1.923461465713030845e+07
1.923377144206958264e+07
1.923217090240765736e+07
1.923001732555838302e+07
1.922781293571114913e+07
1.922629767177094519e+07
1.922572485966322571e+07
1.922576059023956582e+07
1.922622417784650251e+07
1.922740429619456455e+07
1.922922413304900751e+07
1.923118067630052567e+07
1.923283980850223079e+07
1.923407689826405048e+07
1.923458760409821197e+07
1.923429877495996654e+07
1.923355335464439914e+07
1.923243369928840920e+07
1.923142644837550819e+07
1.923102889878219739e+07
1.923156205863144621e+07
1.923300481366071850e+07
1.923477965940859914e+07
1.923672103704460710e+07
1.923847596069958806e+07
1.923897293700377643e+07
1.923811999581998959e+07
1.923595792737919837e+07
1.923340777629820630e+07
1.923076898271712661e+07
1.922842969685874879e+07
1.922695476394192129e+07
1.922656777893111855e+07
1.922770771018852666e+07
1.922965578087145463e+07
1.923197405491820723e+07
1.923426296925102919e+07
1.923647442561228573e+07
1.923783501018568501e+07
1.923792714987598360e+07
1.923699374898838252e+07
1.923531586073623225e+07
1.923353978850034252e+07
1.923223992062119022e+07
1.923201516961646080e+07
1.923286205346518010e+07
1.923451759852993488e+07
1.923605736808184534e+07
1.923710890805415437e+07
1.923744254870150983e+07
1.923692155218161643e+07
1.923563863859294355e+07
1.923368972479606420e+07
1.923120888494009152e+07
1.922881321875004098e+07
1.922710383674828708e+07
1.922608593390373513e+07
1.922639614423390850e+07
1.922814151937241480e+07
1.923057819723547995e+07
1.923274148368727416e+07
1.923449568721128628e+07
1.923565036321134493e+07
1.923607713715178519e+07
1.923555293212742731e+07
1.923432912134448811e+07
1.923294721189900115e+07
1.923188533283599094e+07
1.923158045047221333e+07
1.923205586489277706e+07
1.923347367587859929e+07
1.923561516886718571e+07
1.923772746199842170e+07
1.923917525545818731e+07
1.923965338460472971e+07
1.923909123865796626e+07
1.923755088426850736e+07
1.923556956497079507e+07
1.923343446499976888e+07
1.923172954690044746e+07
1.923053412520314381e+07
1.923012999110091105e+07
1.923097249036817625e+07
1.923267727969545126e+07
1.923472576442760974e+07
1.923706479363819957e+07
1.923899454187996686e+07
1.923987649049604684e+07
1.923959325897444785e+07
1.923840696707396954e+07
1.923675781697445735e+07
1.923537811540140584e+07
1.923445851077704877e+07
1.923423846937806904e+07
1.923466716147117689e+07
1.923597044670428336e+07
1.923813205242525041e+07
1.924028884638310224e+07
1.924174730403145030e+07
1.924219989465781301e+07
1.924167120848701149e+07
1.924049644710500538e+07
1.923905895995628834e+07
1.923729932385255024e+07
1.923574953435212746e+07
1.923509784510423988e+07
1.923578928632647917e+07
1.923625034302318096e+07
1.923800277492613718e+07
1.923980715542058274e+07
1.924124049868869036e+07
1.924181601322312653e+07
1.924153288799532503e+07
1.924036251319767535e+07
1.923875120432907715e+07
1.923674331557946280e+07
1.923492736435391381e+07
1.923345133949504048e+07
1.923272037066156790e+07
1.923330646175748855e+07
1.923502865715610981e+07
1.923694792387411743e+07
1.923867223165878281e+07
1.924001763632234931e+07
1.924029052935272828e+07
1.923936960002278909e+07
1.923818224393109605e+07
1.923695638824998215e+07
1.923578755642818287e+07
1.923511405600705370e+07
1.923525040149044618e+07
1.923631998687384650e+07
1.923783457724537700e+07
1.923960847213001549e+07
1.924111937343726307e+07
1.924213233695482835e+07
1.924212482773011923e+07
1.924105782855401561e+07
1.923929564029087126e+07
1.923678792175785452e+07
1.923443848852164671e+07
1.923265696920138225e+07
1.923180420292510837e+07
1.923218867546079680e+07
1.923377959276990220e+07
1.923600847105364501e+07
1.923833372409780696e+07
1.924018718836749345e+07
1.924132682003547251e+07
1.924160846145069599e+07
1.924107543237476796e+07
1.924005166027733684e+07
1.923896286616746336e+07
1.923817510596974567e+07
1.923945768569047377e+07
1.923775070665160567e+07
1.923907152630734816e+07
1.924007262909439951e+07
1.924186277794438228e+07
1.924323393520539999e+07
1.924397348086614534e+07
1.924312301711386815e+07
1.924118048393903300e+07
1.923848496033950523e+07
1.923585302643730864e+07
1.923339386621269956e+07
1.923156901603290811e+07
1.923101727798142284e+07
1.923177907199261710e+07
1.923348396792337298e+07
1.923575801717919111e+07
1.923755536251810193e+07
1.923891757880928740e+07
1.923953724758157507e+07
1.923981272475349903e+07
1.923975076339154318e+07
1.923956681302548572e+07
1.923937083681492880e+07
1.923968757413196936e+07
1.924029665279890224e+07
1.924122946182443947e+07
1.924248508808998019e+07
1.924406577176710591e+07
1.924529750772681832e+07
1.924612640952774510e+07
1.924608216513780132e+07
1.924516584858886153e+07
1.924358107078896090e+07
1.924175071571981534e+07
1.923972673809004948e+07
1.923787633577668294e+07
1.923653209554281831e+07
1.923620574011757597e+07
1.923687185432231799e+07
1.923836966578082368e+07
1.924012616459242627e+07
1.924169107397617772e+07
1.924282576339941099e+07
1.924369739196324721e+07
1.924404496800291538e+07
1.924385160901466757e+07
1.924382655982417241e+07
1.924400635360848159e+07
1.924433348755591363e+07
1.924498206344300508e+07
1.924599229254387692e+07
1.924728946944142133e+07
1.924859871857086569e+07
1.924936686069666594e+07
1.924949947171510011e+07
1.924898310242735967e+07
1.924795633388039097e+07
1.924664357625628263e+07
1.924524710836032405e+07
1.924369014054622874e+07
1.924222872109483555e+07
1.924113569934702665e+07
1.924055068737110496e+07
1.924051853028200939e+07
1.924119843183156475e+07
1.924222991294242069e+07
1.924333432362481579e+07
1.924453654900682718e+07
1.924566489866237715e+07
1.924640265289621800e+07
1.924684822682788223e+07
1.924706604817488045e+07
1.924722188246175274e+07
1.924739635098833218e+07
1.924779517081296444e+07
1.924821067989874631e+07
1.924874929927253723e+07
1.924908421379629150e+07
1.924918998602063209e+07
1.924896710143765435e+07
1.924850664511084557e+07
1.924767844771404937e+07
1.924636204298170283e+07
1.924456057214386016e+07
1.924266468716017157e+07
1.924087735383824259e+07
1.923951410190264508e+07
1.923845044430003688e+07
1.923798948336000368e+07
1.923744855636297539e+07
1.923782801927234605e+07
1.923866154496683925e+07
1.923977623914347962e+07
1.924010196208678931e+07
1.924111156882262602e+07
