8.760459032611766830e+06
8.759086027975650504e+06
8.760173087584562600e+06
8.760022279692787677e+06
8.760496439045006409e+06
8.760472306824956089e+06
8.760878705210305750e+06
8.760872328396406025e+06
8.761065497608864680e+06
8.760862235323674977e+06
8.760795448452683166e+06
8.760251328768640757e+06
8.759621887822881341e+06
8.758783484579993412e+06
8.757860007127394900e+06
8.756881423989480361e+06
8.755979408493662253e+06
8.755121619502617046e+06
8.754600131283218041e+06
8.754454313027067110e+06
8.754832098961552605e+06
8.755516966307174414e+06
8.756566128325223923e+06
8.757742376709077507e+06
8.758960540338095278e+06
8.759961692951912060e+06
8.760689695171611384e+06
8.761103487879781052e+06
8.761310941136609763e+06
8.761188118923624977e+06
8.761116789681017399e+06
8.761065247089508921e+06
8.761098585820268840e+06
8.761148816479491070e+06
8.761354012467227876e+06
8.761343554010851309e+06
8.761119649063384160e+06
8.760669720594316721e+06
8.759960022492798045e+06
8.758871784647297114e+06
8.757581533958965912e+06
8.756253294067475945e+06
8.755163804804498330e+06
8.754456457016138360e+06
8.754314936969511211e+06
8.754757062250059098e+06
8.755781174447629601e+06
8.757204983102615923e+06
8.758746839064436033e+06
8.760264917432641611e+06
8.761350737502589822e+06
8.762002054270042107e+06
8.762226517237557098e+06
8.762020332377322018e+06
8.761646856698067859e+06
8.761239285268763080e+06
8.760980637959297746e+06
8.761047737217880785e+06
8.761436681831948459e+06
8.761845241385651752e+06
8.762175521871827543e+06
8.762269925861936063e+06
8.762000074484761804e+06
8.761178217724725604e+06
8.759849769016882405e+06
8.758192256846915931e+06
8.756418144010510296e+06
8.755022839541582391e+06
8.754222634816458449e+06
8.754120524932844564e+06
8.754850191790373996e+06
8.756247456037227064e+06
8.758090441460829228e+06
8.759977525212429464e+06
8.761580481373285875e+06
8.762559105022089556e+06
8.763014545045509934e+06
8.762880627829933539e+06
8.762296159679058939e+06
8.761605138485256582e+06
8.761036876589139923e+06
8.760868380316406488e+06
8.761146120568845421e+06
8.761857156729390845e+06
8.762638318559773266e+06
8.763334971726763994e+06
8.763702129666522145e+06
8.763347272752005607e+06
8.762305995351504534e+06
8.760567024687722325e+06
8.758508161902574822e+06
8.756540274469036609e+06
8.754990344665218145e+06
8.754290017753461376e+06
8.754555850382376462e+06
8.755659659125871956e+06
8.757478903166098520e+06
8.759639887268597260e+06
8.761560442119248211e+06
8.763091371799577028e+06
8.763925743152176961e+06
8.764004758381074294e+06
8.763314976664291695e+06
8.762394221860453486e+06
8.761384060566091910e+06
8.760795664749184623e+06
8.760929442676227540e+06
8.761698230178885162e+06
8.762758916140446439e+06
8.764080371303599328e+06
8.765133508287955076e+06
8.765554376573907211e+06
8.765054811391310766e+06
8.763673693937862292e+06
8.761647516515001655e+06
8.759328345778953284e+06
8.757258405698161572e+06
8.755894669915720820e+06
8.755416741265174001e+06
8.756073546460080892e+06
8.757620658233979717e+06
8.759837910674821585e+06
8.762019601648822427e+06
8.763978716855548322e+06
8.765176991057185456e+06
8.765486206455001608e+06
8.764898403973858804e+06
8.763779549247171730e+06
8.762386165061520413e+06
8.761256859641671181e+06
8.760833061881778762e+06
8.761313710929580033e+06
8.762402154104620218e+06
8.763987900569571182e+06
8.765716390853986144e+06
8.766912189012834802e+06
8.767233675494443625e+06
8.766495399176320061e+06
8.764886834502168000e+06
8.762652118249548599e+06
8.760258532936232165e+06
8.758289796268207952e+06
8.757137131739981472e+06
8.757118101054104045e+06
8.758211843823850155e+06
8.760178611687757075e+06
8.762402795060819015e+06
8.764574691009119153e+06
8.766164452675277367e+06
8.766874781070087105e+06
8.766514799542086199e+06
8.765407585804777220e+06
8.763810389537753537e+06
8.762222882536416873e+06
8.761190390002757311e+06
8.761043996973374858e+06
8.761693571720397100e+06
8.763278055863941088e+06
8.765316880536414683e+06
8.767172869978979230e+06
8.768334829525485635e+06
8.768502454944763333e+06
8.767639386916218325e+06
8.765900511677006260e+06
8.763669848221926019e+06
8.761541759874207899e+06
8.759768776466725394e+06
8.759029128131888807e+06
8.759430420240189880e+06
8.760896364389795810e+06
8.762835878853160888e+06
8.765110395150510594e+06
8.766946454846253619e+06
8.768072635252555832e+06
8.767965676620723680e+06
8.767093204056138173e+06
8.765440932461109012e+06
8.763550602944364771e+06
8.761887784753451124e+06
8.761056815202064812e+06
8.761032791425902396e+06
8.762204373485693708e+06
8.764075957698056474e+06
8.766300399105787277e+06
8.768046680766837671e+06
8.769140354598402977e+06
8.769104071292204782e+06
8.768222752434002236e+06
8.766419681368926540e+06
8.764586179051827639e+06
8.762667288631675765e+06
8.761767316363181919e+06
8.762235647402359173e+06
8.762178738078419119e+06
8.763900096437355503e+06
8.765865423420526087e+06
8.767793802645545453e+06
8.769034282211232930e+06
8.769335420257730410e+06
8.768702375804053620e+06
8.767172060883911327e+06
8.765139943069269881e+06
8.763135886839272454e+06
8.761481475561132655e+06
8.760646546652058139e+06
8.761033287666512653e+06
8.762490971317840740e+06
8.764545311193177477e+06
8.766609326869454235e+06
8.768272194629542530e+06
8.769056724795632064e+06
8.768870355279730633e+06
8.767882554107388481e+06
8.766567772214187309e+06
8.764990281476054341e+06
8.763817351491784677e+06
8.763227437800507993e+06
8.763650373575821519e+06
8.764811695035304874e+06
8.766468859681842849e+06
8.768135989219840616e+06
8.769590989289697260e+06
8.770124500212296844e+06
8.769814946120701730e+06
8.768528907796861604e+06
8.766650646326266229e+06
8.764405869607854635e+06
8.762535848824793473e+06
8.761016370807938278e+06
8.760610161055548117e+06
8.761247418330213055e+06
8.762922320538401604e+06
8.764646620223069564e+06
8.766591021228328347e+06
8.767778920893566683e+06
8.768555808267075568e+06
8.768235092659261078e+06
8.767726836718287319e+06
8.766291809856485575e+06
8.765980912961244583e+06
8.766016761418903247e+06
8.765037109119230881e+06
8.766032606503605843e+06
8.767101940739177167e+06
8.768698675891339779e+06
8.769940374370176345e+06
8.770781222786728293e+06
8.770731054058050737e+06
8.769840950867259875e+06
8.768079919012429193e+06
8.766157194365765899e+06
8.764217432119233534e+06
8.762479818255566061e+06
8.761354600476725027e+06
8.761282720833426341e+06
8.762085895294684917e+06
8.763444639553409070e+06
8.764967857928154990e+06
8.766484193445008248e+06
8.767496784063583240e+06
8.767909308026548475e+06
8.767798513680422679e+06
8.767288490513848141e+06
8.766727596106423065e+06
8.766469219834204763e+06
8.766554280167745426e+06
8.767020821869220585e+06
8.767885905804691836e+06
8.769056059538668022e+06
8.770186362919282168e+06
8.770976892782397568e+06
8.771212683206109330e+06
8.770689680894048885e+06
8.769462198911020532e+06
8.767868066294917837e+06
8.766053591775901616e+06
8.764285853670837358e+06
8.762906373284814879e+06
8.762141577924512327e+06
8.762158151452271268e+06
8.762821109720250592e+06
8.763754251672357321e+06
8.764915121907601133e+06
8.766005704900208861e+06
8.766904299686675891e+06
8.767383176333816722e+06
8.767487352559579536e+06
8.767377733957309276e+06
8.767460866454515606e+06
8.767645983521481976e+06
8.767903789804123342e+06
8.768550369576962665e+06
8.769352414972219616e+06
8.770163415486415848e+06
8.770806874167846516e+06
8.771129635707663372e+06
8.770890741701226681e+06
8.770179654381329194e+06
8.769027500629113987e+06
8.767689555589517578e+06
8.766162507015097886e+06
8.764775902538374066e+06
8.763691828767126426e+06
8.763060142519017681e+06
8.762844440884383395e+06
8.763104388971840963e+06
8.763659762557033449e+06
8.764465928226448596e+06
8.765382874064266682e+06
8.766203924561588094e+06
8.766779363071607426e+06
8.767217794595742598e+06
8.767623869322052225e+06
8.768059159186525270e+06
8.768410866842385381e+06
8.768800075149426237e+06
8.769261380887115374e+06
8.769799024008065462e+06
8.770238128257986158e+06
8.770528273934463039e+06
8.770500550398288295e+06
8.770210503861429170e+06
8.769595831701077521e+06
8.768733679333765060e+06
8.767619447979725897e+06
8.766454773538986221e+06
8.765280528838122264e+06
8.764297554242219776e+06
8.763427369210515171e+06
8.763027020920624956e+06
8.762838482545029372e+06
8.763206023179519922e+06
8.763709252068383619e+06
8.764648560587849468e+06
8.765346543865859509e+06
8.766527897078370675e+06
