1.817972948354139924e+07
1.818127548272427917e+07
1.818177715991967916e+07
1.818222507591110095e+07
1.818248892167479545e+07
1.818282026640579849e+07
1.818312688052440435e+07
1.818340181877328828e+07
1.818355737960147113e+07
1.818383499376647919e+07
1.818364453885751963e+07
1.818302170842822269e+07
1.818191825541588664e+07
1.818066714450957626e+07
1.817931911316371709e+07
1.817797044880167022e+07
1.817663865695391595e+07
1.817565300960535556e+07
1.817505564903090149e+07
1.817513264019583911e+07
1.817585728103718907e+07
1.817675135770721734e+07
1.817773447506799176e+07
1.817897175210548937e+07
1.818003069290018454e+07
1.818089835421774536e+07
1.818136476449894905e+07
1.818169319450366125e+07
1.818177679729305208e+07
1.818162352210369334e+07
1.818138462616595253e+07
1.818116188396766409e+07
1.818110283385992423e+07
1.818126235184139758e+07
1.818158136384711042e+07
1.818163336035254970e+07
1.818130999227992445e+07
1.818100750606343150e+07
1.818023403426792845e+07
1.817880461840182915e+07
1.817723547495305166e+07
1.817564383240241557e+07
1.817430653128744662e+07
1.817347101834036037e+07
1.817335042225711420e+07
1.817414384544174001e+07
1.817554985906718299e+07
1.817713309070435166e+07
1.817898997255436704e+07
1.818064251841709763e+07
1.818167356397114322e+07
1.818219042445150018e+07
1.818224644927811995e+07
1.818197735936928540e+07
1.818125994229216129e+07
1.818037153270522505e+07
1.817973967290259898e+07
1.817962039799872786e+07
1.818031615327224880e+07
1.818102346107832342e+07
1.818141182041418180e+07
1.818141460403100774e+07
1.818104502416934818e+07
1.818014062107434869e+07
1.817902382367097586e+07
1.817762875489958003e+07
1.817598478205476701e+07
1.817448601154335961e+07
1.817380404989700019e+07
1.817389061971652135e+07
1.817480487836735696e+07
1.817631596570109203e+07
1.817828686624636874e+07
1.818029628067160025e+07
1.818198017369033024e+07
1.818294544760039821e+07
1.818339640911410376e+07
1.818324680775225535e+07
1.818283405633508414e+07
1.818216361317787692e+07
1.818172609804533049e+07
1.818154054026330262e+07
1.818187570463863760e+07
1.818283964638917148e+07
1.818381192038663849e+07
1.818459610242626816e+07
1.818462632768368721e+07
1.818405271904880926e+07
1.818283141010237485e+07
1.818048054028819874e+07
1.817763293623004854e+07
1.817496446953371912e+07
1.817311280293459818e+07
1.817247851880988851e+07
1.817296592185319960e+07
1.817433708586423844e+07
1.817641504369635507e+07
1.817869239465176687e+07
1.818060530787630007e+07
1.818209750612853095e+07
1.818292485162245482e+07
1.818274417408732697e+07
1.818188044285808876e+07
1.818074884661228582e+07
1.817949336476992816e+07
1.817865200216332823e+07
1.817883272556160018e+07
1.817987434864927828e+07
1.818145058421296626e+07
1.818325319536966458e+07
1.818459486652602255e+07
1.818508772541880980e+07
1.818428952272608876e+07
1.818229883187960833e+07
1.817970224460850284e+07
1.817692633167096972e+07
1.817474746907334030e+07
1.817328036979119852e+07
1.817284101339605078e+07
1.817385490337907150e+07
1.817581425882432982e+07
1.817834126059987023e+07
1.818074575749868155e+07
1.818253974491673708e+07
1.818343008556006476e+07
1.818337914186123759e+07
1.818250605611760169e+07
1.818096634022825584e+07
1.817925200420152023e+07
1.817785721841206402e+07
1.817737118782197684e+07
1.817797387922795489e+07
1.817970347317161784e+07
1.818197611341930926e+07
1.818427040089350566e+07
1.818569179647542536e+07
1.818607836160983890e+07
1.818504314737378433e+07
1.818316514977404848e+07
1.818046984984216094e+07
1.817767887197600678e+07
1.817546251785814762e+07
1.817428849845080078e+07
1.817460676599900797e+07
1.817608680788455904e+07
1.817824357384844497e+07
1.818039911160780117e+07
1.818223367891024426e+07
1.818342375649088621e+07
1.818354392563872784e+07
1.818261803274460882e+07
1.818086533389054239e+07
1.817879277598700300e+07
1.817680458986245096e+07
1.817587656184040010e+07
1.817604511343074217e+07
1.817718559562489018e+07
1.817896599309522286e+07
1.818106395999475941e+07
1.818269336403592303e+07
1.818352659032980725e+07
1.818315441375096887e+07
1.818168567384015769e+07
1.817942170912244171e+07
1.817679522825752944e+07
1.817456606242808700e+07
1.817293042066115886e+07
1.817224767707406729e+07
1.817289832906344905e+07
1.817468107737458497e+07
1.817723249589333683e+07
1.817988198919567093e+07
1.818172992628679052e+07
1.818230670590055734e+07
1.818186100478753820e+07
1.818059609791152924e+07
1.817845475022256747e+07
1.817623176183902472e+07
1.817456326276305318e+07
1.817361030931852758e+07
1.817381213413871825e+07
1.817506458422837034e+07
1.817706205887515843e+07
1.817964423265321180e+07
1.818151541826822236e+07
1.818218796964089572e+07
1.818154984290342033e+07
1.817927067939106375e+07
1.817616858123375848e+07
1.817324090605938062e+07
1.817101378005095571e+07
1.816983939653760567e+07
1.817119270341743901e+07
1.817107697888971865e+07
1.817303308338205144e+07
1.817499912070452049e+07
1.817681817911261693e+07
1.817776836240315437e+07
1.817782711494489014e+07
1.817689270222554728e+07
1.817510846362115815e+07
1.817286131678189710e+07
1.817112090119003877e+07
1.816991818101039529e+07
1.816941526584312320e+07
1.817032415934316441e+07
1.817238935112802312e+07
1.817448921806795150e+07
1.817659314684379101e+07
1.817807453656240180e+07
1.817865866751952469e+07
1.817799488872380927e+07
1.817681286931601167e+07
1.817527119225388393e+07
1.817372179893536121e+07
1.817254482185306028e+07
1.817235509453650564e+07
1.817309682614910975e+07
1.817475752150840685e+07
1.817672962823429331e+07
1.817872645403814316e+07
1.818012099962811917e+07
1.818070141608479992e+07
1.818007446992739290e+07
1.817869552010802925e+07
1.817645437323994562e+07
1.817446033057431877e+07
1.817291163014398515e+07
1.817212813317379728e+07
1.817207737564728037e+07
1.817314678158900142e+07
1.817492678399454057e+07
1.817699185372120887e+07
1.817873570244781300e+07
1.818002242623275518e+07
1.818021134000597149e+07
1.817982425541388616e+07
1.817864479787732661e+07
1.817769287950424850e+07
1.817656112335388362e+07
1.818120547946294770e+07
1.817602416800811514e+07
1.817840438136011362e+07
1.817917999668728188e+07
1.818151382717104629e+07
1.818251475587351248e+07
1.818354187767071277e+07
1.818292693931864947e+07
1.818178979997629300e+07
1.817938303376955912e+07
1.817715294624625891e+07
1.817474982556823641e+07
1.817316571254434437e+07
1.817219257221667841e+07
1.817257444458940253e+07
1.817366898626234382e+07
1.817558586633111164e+07
1.817744316075666621e+07
1.817934498672048375e+07
1.818048025953200087e+07
1.818100404209462926e+07
1.818080350114797801e+07
1.818036290643625706e+07
1.817981821472476795e+07
1.817982547065279260e+07
1.818003470969554782e+07
1.818071456420313194e+07
1.818178182727324590e+07
1.818328670341020450e+07
1.818461520881833136e+07
1.818558845749935880e+07
1.818574385697304830e+07
1.818508170310546085e+07
1.818358700229718164e+07
1.818169182453016937e+07
1.817953513366805390e+07
1.817757412212375551e+07
1.817615865035351738e+07
1.817568949558769912e+07
1.817602064891471341e+07
1.817700121905843541e+07
1.817830027763100713e+07
1.817985405884750187e+07
1.818123056888992339e+07
1.818227333891668171e+07
1.818265313640212640e+07
1.818274178314841539e+07
1.818273818536985666e+07
1.818291122170880064e+07
1.818331502103755623e+07
1.818387993372129649e+07
1.818480292946652323e+07
1.818606626340392977e+07
1.818696564777002856e+07
1.818684897237443179e+07
1.818666463747878745e+07
1.818569257622762769e+07
1.818442745000018924e+07
1.818324473396784440e+07
1.818250229632379860e+07
1.818120681528047472e+07
1.818007575647766143e+07
1.817922145116815343e+07
1.817893348241093010e+07
1.817911269210705906e+07
1.817980998042949289e+07
1.818064452260852233e+07
1.818186909936536476e+07
1.818285016023065522e+07
1.818338484750574082e+07
1.818370679728024080e+07
1.818421871789743751e+07
1.818430109685114026e+07
1.818456403644814342e+07
1.818467418057879806e+07
1.818520765958562493e+07
1.818582925322242454e+07
1.818693942949486524e+07
1.818758305308181792e+07
1.818796137139399722e+07
1.818788743258355185e+07
1.818784468340000138e+07
1.818732316907495633e+07
1.818674140485763922e+07
1.818539869153711572e+07
1.818425202070437744e+07
1.818276566023562104e+07
1.818170853254183382e+07
1.818060074448879808e+07
1.818049738153609261e+07
1.818006564389373362e+07
1.818100255317734182e+07
1.818146217437781766e+07
1.818299439061551541e+07
1.818334605664862320e+07
1.818596402552510425e+07
