2.907974314434735104e+07
2.908566384878241643e+07
2.908534026395002753e+07
2.908821234506216645e+07
2.908814289722337574e+07
2.908830809960860386e+07
2.908722369223778322e+07
2.908716077057109773e+07
2.908631733376079425e+07
2.908651331846529618e+07
2.908582775788033754e+07
2.908493465468788520e+07
2.908433232736604661e+07
2.908553908996958286e+07
2.908476908153060079e+07
2.908203056778623909e+07
2.907860946874517575e+07
2.907584419988158345e+07
2.907360262944713607e+07
2.907233652249573171e+07
2.907314703319806978e+07
2.907622675245884806e+07
2.907876176030275226e+07
2.908079602777092531e+07
2.908193074414444342e+07
2.908230498877140507e+07
2.908202011147026718e+07
2.908185503574122488e+07
2.908301153766503558e+07
2.908462921559900790e+07
2.908512223563056439e+07
2.908459719187727943e+07
2.908282538518319279e+07
2.908027961907145381e+07
2.907804311707660183e+07
2.907694924158578739e+07
2.907673703861879557e+07
2.907764520112232864e+07
2.907864844868213311e+07
2.907711821264772117e+07
2.907371665983102843e+07
2.906961902113723755e+07
2.906582541304276884e+07
2.906279528971408680e+07
2.906092047696135938e+07
2.906047643143328652e+07
2.906219322119548172e+07
2.906535967804827914e+07
2.906813710993574932e+07
2.907048570590508729e+07
2.907153577708747238e+07
2.907355036438901350e+07
2.907543587768787891e+07
2.907551735076610371e+07
2.907508182596243173e+07
2.907475130156530812e+07
2.907383554081215709e+07
2.907391528773523495e+07
2.907471656598357111e+07
2.907480819905256480e+07
2.907457550193947926e+07
2.907594311942820624e+07
2.907726762506547570e+07
2.907852007240258157e+07
2.907983206813212484e+07
2.908049389243226126e+07
2.908066307066613063e+07
2.907889669288695976e+07
2.907668876972354576e+07
2.907543345070752874e+07
2.907591451468210295e+07
2.907729494925215840e+07
2.907822925643788651e+07
2.907875362470415980e+07
2.907871052820442617e+07
2.907874994028117508e+07
2.907824902586672083e+07
2.907619563602688909e+07
2.907517099855976924e+07
2.907374805842629448e+07
2.907313717208351940e+07
2.907331630499608815e+07
2.907247634120560810e+07
2.907089157738095149e+07
2.907060485717235133e+07
2.907054803737997636e+07
2.907047154013270140e+07
2.906961404426164180e+07
2.906810180570712313e+07
2.906645040684894472e+07
2.906455617701959983e+07
2.906230656139212102e+07
2.905944460077892616e+07
2.905748577441975102e+07
2.905743893078577518e+07
2.905924935484526306e+07
2.906323011341833323e+07
2.906756826410625130e+07
2.907105460913915187e+07
2.907362834371928126e+07
2.907459012909065560e+07
2.907388476021021605e+07
2.907304877712837607e+07
2.907311276489530876e+07
2.907261270677852631e+07
2.907131079826697707e+07
2.906985106497942284e+07
2.906958701040684432e+07
2.907060628982071579e+07
2.907160123573428020e+07
2.907190271799720824e+07
2.907302662579472363e+07
2.907561583331940323e+07
2.907696024248804152e+07
2.907644285335800797e+07
2.907364618559770286e+07
2.906955555301946402e+07
2.906579484838499874e+07
2.906443241498427838e+07
2.906510867351360619e+07
2.906587871667042375e+07
2.906723038855684176e+07
2.906921249556145445e+07
2.907192645764382184e+07
2.907501530614908785e+07
2.907629509012439847e+07
2.907694510407656431e+07
2.907624808285439014e+07
2.907524968348597735e+07
2.907425191680968180e+07
2.907479210035047680e+07
2.907624898619273677e+07
2.907720254532972723e+07
2.907839210714839771e+07
2.908028903531240672e+07
2.908084538604813814e+07
2.908162852901043743e+07
2.908141649400968477e+07
2.907879872561121732e+07
2.907472411099883541e+07
2.907062250277224183e+07
2.906696922692309320e+07
2.906474970080203190e+07
2.906373311449586228e+07
2.906431219296141341e+07
2.906494567594734579e+07
2.906489780239717662e+07
2.906420222422544658e+07
2.906398044593070075e+07
2.906377261900499091e+07
2.906403835995567963e+07
2.906437552461115271e+07
2.906370010826796666e+07
2.906177787785892561e+07
2.905974922797597572e+07
2.905811431219278276e+07
2.905836255922836065e+07
2.906021074118630216e+07
2.906297589932932705e+07
2.906537934947057441e+07
2.906758774827916920e+07
2.906889079899580777e+07
2.906972177740513161e+07
2.906914620016971976e+07
2.906670855042428896e+07
2.906345044173533469e+07
2.906110571976767853e+07
2.905953246896330267e+07
2.905917399225798249e+07
2.906023788602506369e+07
2.906178870426616073e+07
2.906301604252956063e+07
2.906385714713547379e+07
2.906417600209923834e+07
2.906389378035735711e+07
2.906368892937535420e+07
2.906339155204676092e+07
2.906126391984280944e+07
2.905892741152444482e+07
2.905728535388996825e+07
2.905707183329492807e+07
2.905790845915072039e+07
2.906097369951422140e+07
2.906417595644584671e+07
2.906670761780384183e+07
2.906749660437702388e+07
2.906715055141066015e+07
2.906538478526694328e+07
2.906378386419918016e+07
2.906234505160675570e+07
2.906120913139367104e+07
2.905956801546241343e+07
2.905991416528413445e+07
2.906075073910436407e+07
2.906339252019393072e+07
2.906878069191265479e+07
2.907465926826705784e+07
2.907808791673913226e+07
2.908011958416582271e+07
2.908150831892862171e+07
2.908049423251794279e+07
2.907880951614344120e+07
2.907832048143928871e+07
2.907582343579458073e+07
2.907226378672673181e+07
2.906982188760467991e+07
2.907080397035406902e+07
2.907294629804959893e+07
2.907451042881712690e+07
2.907558969941893592e+07
2.907625408050884306e+07
2.907603181525799260e+07
2.907521790917954966e+07
2.907389344025900215e+07
2.907389233986166865e+07
2.907406083947904781e+07
2.907333520606782287e+07
2.907299946260446310e+07
2.907265079026486725e+07
2.907106074429441616e+07
2.907045274380103499e+07
2.906978662437369302e+07
2.906960084498944134e+07
2.906870711458492652e+07
2.906890138734429702e+07
2.906795366991725191e+07
2.906527339909473062e+07
2.906174288466703892e+07
2.905905359827307984e+07
2.905743331581909582e+07
2.905855464887808636e+07
2.906070978449921682e+07
2.906409162186926231e+07
2.906584042434747890e+07
2.906753989203124493e+07
2.906668473729148507e+07
2.906596656525147706e+07
2.906384085746513680e+07
2.906395249109901115e+07
2.906158583923491836e+07
2.906618218475988135e+07
2.906245238812091947e+07
2.906379454795764014e+07
2.906480982935703918e+07
2.906674197926804051e+07
2.906830475720822439e+07
2.907100741972896457e+07
2.907233870597045869e+07
2.907357546143182367e+07
2.907389602576928586e+07
2.907333115379127115e+07
2.907224677937578410e+07
2.907125117221400142e+07
2.907041890366134420e+07
2.906938489719796553e+07
2.907102632418502495e+07
2.907346735588322952e+07
2.907497494261105731e+07
2.907663872491599992e+07
2.907753275077086315e+07
2.907740684303308278e+07
2.907730671730365232e+07
2.907777423874700069e+07
2.907703089186892658e+07
2.907597676473671943e+07
2.907562112294285744e+07
2.907577305391123518e+07
2.907575029146520048e+07
2.907603134520254284e+07
2.907688780631188303e+07
2.907749374204247072e+07
2.907913940316342935e+07
2.908129583090990782e+07
2.908112289240810648e+07
2.907838729534040019e+07
2.907455229903271422e+07
2.907039541868200526e+07
2.906688523500227928e+07
2.906531826714873686e+07
2.906514716975461692e+07
2.906604279611930624e+07
2.906816571881416067e+07
2.907127190119537339e+07
2.907221295833041891e+07
2.907148781109080091e+07
2.907070982455808669e+07
2.907005085917628929e+07
2.906924451102953777e+07
2.906922798608141392e+07
2.907099761411460489e+07
2.907222419719641283e+07
2.907261282645140216e+07
2.907312114739041403e+07
2.907355505178276822e+07
2.907386579839319363e+07
2.907308123666081578e+07
2.907193521517908573e+07
2.907085151004346460e+07
2.907078620050055906e+07
2.907188942393458262e+07
2.907153443061576411e+07
2.906910933678271994e+07
2.906576849553361535e+07
2.906268980848822370e+07
2.906037305999936536e+07
2.905973526329852268e+07
2.906039644543403760e+07
2.906276079145193100e+07
2.906576396364619583e+07
2.906711706996534020e+07
2.906713978659794107e+07
2.906636788296312094e+07
2.906536272770132869e+07
2.906445235228528827e+07
2.906424411017005891e+07
2.906430226354097202e+07
2.906423770499632135e+07
2.906472385759384558e+07
2.906618140620214120e+07
2.906735109402171522e+07
2.906743166657610983e+07
2.906716599367714673e+07
2.906663234268592671e+07
2.906540904004810005e+07
2.906342482206812501e+07
2.906280951777917519e+07
2.906259920930970833e+07
2.906179539729345962e+07
2.906026132627389207e+07
2.905914680670962855e+07
2.905848272985917330e+07
2.905917638054633513e+07
2.906050955703485757e+07
2.906420234195976704e+07
2.906735357739945874e+07
2.906995743263227865e+07
