2.628204731340230256e+07
2.628325546393068507e+07
2.628284491584556550e+07
2.628280354618756473e+07
2.628247258793684840e+07
2.628231019415306300e+07
2.628207672436023504e+07
2.628227133433516324e+07
2.628271857458914816e+07
2.628357895374279097e+07
2.628401393674575165e+07
2.628434288418561593e+07
2.628445913908563554e+07
2.628412767207184061e+07
2.628315072516471893e+07
2.628204536712992564e+07
2.628067904004859924e+07
2.627927133444260806e+07
2.627773834912268072e+07
2.627642555722436681e+07
2.627581752594343200e+07
2.627591134706358239e+07
2.627653869936053455e+07
2.627746756209323928e+07
2.627820568253766373e+07
2.627890067724112794e+07
2.627920136812732741e+07
2.627920132984596118e+07
2.627912614274859428e+07
2.627909385484687984e+07
2.627851970577278361e+07
2.627807776673299819e+07
2.627816009488189593e+07
2.627802196758471057e+07
2.627870203650973737e+07
2.627975418675084040e+07
2.628036406876166910e+07
2.628069974236103520e+07
2.628074842007455230e+07
2.627981057619560137e+07
2.627870508191773668e+07
2.627709522388676926e+07
2.627517076250598580e+07
2.627360149275508150e+07
2.627282301162941754e+07
2.627265418557274342e+07
2.627324294599924982e+07
2.627431878604023904e+07
2.627557082444660738e+07
2.627680407379880920e+07
2.627806867335477471e+07
2.627904100673816726e+07
2.627923605018472672e+07
2.627889646997047588e+07
2.627833876941853017e+07
2.627764983953350410e+07
2.627717225998792052e+07
2.627743511266568676e+07
2.627779069909580797e+07
2.627789515066755936e+07
2.627837696943782270e+07
2.627894235001016781e+07
2.627977650263410434e+07
2.627991150839224458e+07
2.627940983280546218e+07
2.627833144486547261e+07
2.627666904107591510e+07
2.627513064825964719e+07
2.627383484963871166e+07
2.627288858262240142e+07
2.627265532693205029e+07
2.627305965148248896e+07
2.627402996905737370e+07
2.627500987787824869e+07
2.627610323972231895e+07
2.627672225849952549e+07
2.627756728007130325e+07
2.627795389541428909e+07
2.627796320582062379e+07
2.627727550792660564e+07
2.627678059914128110e+07
2.627688423216973618e+07
2.627725798151763901e+07
2.627767397940974310e+07
2.627803452939881757e+07
2.627857455321582407e+07
2.627931504191654548e+07
2.627977011413347721e+07
2.627969152110846341e+07
2.627851210576631129e+07
2.627672564783316106e+07
2.627511621737549827e+07
2.627408305935492367e+07
2.627305819898368791e+07
2.627261496676130220e+07
2.627277280802134797e+07
2.627372001767747849e+07
2.627513766279759258e+07
2.627656016741586104e+07
2.627763842291497067e+07
2.627815449516742304e+07
2.627782298376198485e+07
2.627692910791254044e+07
2.627630262843744084e+07
2.627600732327778265e+07
2.627624251605343446e+07
2.627719684495510161e+07
2.627874414175320789e+07
2.628065161352948099e+07
2.628216692582539842e+07
2.628306352841506526e+07
2.628336975752133504e+07
2.628290471055668965e+07
2.628157708517143130e+07
2.627966905743597448e+07
2.627749367133558169e+07
2.627586048561498150e+07
2.627477502295774221e+07
2.627395221001780033e+07
2.627383280661284924e+07
2.627455488691420108e+07
2.627555520546869189e+07
2.627665314046121016e+07
2.627765568500558287e+07
2.627826830025130138e+07
2.627802338239712641e+07
2.627733535420738906e+07
2.627650098359694704e+07
2.627575646373432875e+07
2.627504219727677479e+07
2.627478511102351546e+07
2.627573260646015778e+07
2.627730067940254509e+07
2.627898075715457648e+07
2.628048628899308667e+07
2.628129243696108088e+07
2.628182958891560137e+07
2.628165245146484673e+07
2.628047331818733737e+07
2.627879501758284122e+07
2.627683513642049581e+07
2.627506121376993135e+07
2.627404478047462180e+07
2.627340392337530106e+07
2.627350762687631696e+07
2.627437191975383088e+07
2.627561744272923470e+07
2.627664864510760456e+07
2.627724734435475990e+07
2.627707857056200504e+07
2.627639149471584707e+07
2.627547332742385194e+07
2.627452896870262548e+07
2.627370838753356785e+07
2.627331886253590882e+07
2.627324955430387706e+07
2.627380964252376184e+07
2.627512896206941083e+07
2.627697945035932586e+07
2.627885930086683482e+07
2.628063137693832070e+07
2.628175754737340659e+07
2.628192478726605698e+07
2.628066374986883998e+07
2.627907000412363186e+07
2.627720302982571721e+07
2.627562833923323080e+07
2.627456372976144403e+07
2.627386424782495201e+07
2.627387669192380831e+07
2.627433601788774505e+07
2.627510484652871266e+07
2.627593215417445824e+07
2.627639210509992018e+07
2.627600704527163878e+07
2.627488315975109488e+07
2.627341397109725326e+07
2.627140119981813431e+07
2.626953733582726866e+07
2.626834227695750445e+07
2.626805199670407921e+07
2.626844381036050245e+07
2.626967534228469431e+07
2.627138678869572654e+07
2.627324646786230430e+07
2.627438118424414843e+07
2.627497305431954563e+07
2.627450986223657057e+07
2.627310008828592300e+07
2.627098082327322289e+07
2.626913844774900749e+07
2.626894392011172697e+07
2.627091741077369079e+07
2.627039474164863676e+07
2.627189044879692420e+07
2.627333614768224582e+07
2.627483865315219760e+07
2.627573484523962438e+07
2.627619257062191889e+07
2.627618982141288742e+07
2.627497878715243563e+07
2.627274631403868645e+07
2.627106873664772511e+07
2.627025294548351690e+07
2.627023710962594301e+07
2.627051988279798254e+07
2.627165690761048719e+07
2.627303748044580221e+07
2.627463348123246804e+07
2.627598398752222955e+07
2.627764432926237583e+07
2.627824109136338905e+07
2.627735524457984418e+07
2.627572578752439469e+07
2.627444461500812694e+07
2.627401569768593088e+07
2.627388011947964132e+07
2.627404922763540223e+07
2.627471242981626838e+07
2.627530677581393719e+07
2.627605958733784780e+07
2.627681660444588959e+07
2.627742005913452059e+07
2.627774251463337615e+07
2.627773836971898749e+07
2.627637170153095201e+07
2.627451463892728090e+07
2.627242839189884439e+07
2.627112132210284844e+07
2.627055010059875995e+07
2.627123617929219827e+07
2.627232098755338788e+07
2.627416044080849737e+07
2.627603972759232670e+07
2.627760073959152773e+07
2.627870083675226942e+07
2.627996676191945747e+07
2.627988888833428919e+07
2.627954540852620080e+07
2.627804063655873016e+07
2.627969338563749194e+07
2.627591258936887607e+07
2.627631635866502300e+07
2.627643101898109168e+07
2.627778373801697418e+07
2.627867529372354597e+07
2.627963409331376478e+07
2.627957573342336342e+07
2.627930352315098420e+07
2.627780801593692228e+07
2.627604421617459878e+07
2.627430429450277612e+07
2.627306328388080001e+07
2.627233581999629736e+07
2.627210566042821854e+07
2.627199877793397382e+07
2.627229714686725661e+07
2.627282183013730869e+07
2.627371279088307172e+07
2.627407868630110845e+07
2.627409396027629450e+07
2.627403380929843336e+07
2.627375208815193549e+07
2.627351610701249167e+07
2.627400232800630108e+07
2.627486298599799722e+07
2.627567022082567960e+07
2.627716898772317544e+07
2.627919432616728544e+07
2.628066611327431723e+07
2.628160944784578308e+07
2.628216853370029479e+07
2.628234848128908128e+07
2.628191992810737714e+07
2.628136140498158708e+07
2.628027174849088863e+07
2.627885988531669602e+07
2.627791292686274275e+07
2.627779851419096813e+07
2.627851202107655630e+07
2.627994923125866428e+07
2.628126888195132837e+07
2.628281450185288861e+07
2.628414267459342629e+07
2.628468176886963099e+07
2.628435505265113339e+07
2.628385256323727965e+07
2.628333322941502929e+07
2.628306484131256863e+07
2.628289147580445185e+07
2.628298237289103121e+07
2.628377624572414905e+07
2.628495029640391096e+07
2.628616737947530672e+07
2.628740402195736766e+07
2.628806740012849122e+07
2.628772870006947964e+07
2.628716806089683622e+07
2.628637833329438791e+07
2.628530076436707377e+07
2.628390166966882348e+07
2.628280205811620504e+07
2.628190953460658342e+07
2.628123005132413283e+07
2.628097850035819411e+07
2.628146214262674004e+07
2.628245687098387256e+07
2.628381661228810996e+07
2.628507033516088873e+07
2.628597567966753617e+07
2.628619131106135249e+07
2.628579184982860461e+07
2.628501665480152145e+07
2.628420376788844541e+07
2.628352930177631602e+07
2.628382994281454012e+07
2.628467719177360088e+07
2.628551265605481341e+07
2.628617589244256541e+07
2.628711420129977912e+07
2.628770609801379964e+07
2.628793299801426753e+07
2.628713982456113771e+07
2.628575944160727412e+07
2.628404666079546139e+07
2.628247545158402994e+07
2.628098707948049158e+07
2.627994629334975407e+07
2.627861360766354948e+07
2.627804204955535010e+07
2.627779551740057394e+07
2.627857857612591609e+07
2.627964628968194127e+07
2.628137488943263888e+07
2.628174460205033049e+07
2.628282134003358334e+07
