1.396128201365622319e+07
1.396251272953998484e+07
1.396285812632686831e+07
1.396326661463955604e+07
1.396419691351799108e+07
1.396553377071179077e+07
1.396676246588099934e+07
1.396722012764608860e+07
1.396698292294682004e+07
1.396685014949285984e+07
1.396634004333859123e+07
1.396586902501782402e+07
1.396540176233914308e+07
1.396452589532014728e+07
1.396336310534595139e+07
1.396102971379625611e+07
1.395815734858039021e+07
1.395624068858321942e+07
1.395531843702623993e+07
1.395556095295454003e+07
1.395592266352137923e+07
1.395633911606582813e+07
1.395723166678919457e+07
1.395842934034397081e+07
1.395929676763197966e+07
1.396021117211197689e+07
1.396115751310096867e+07
1.396171958568967879e+07
1.396204671265650727e+07
1.396237250051469170e+07
1.396278795031390712e+07
1.396316032045285217e+07
1.396300962160162069e+07
1.396297429775021970e+07
1.396381142550707608e+07
1.396360531114049070e+07
1.396248508726627193e+07
1.396170975010232627e+07
1.396057997023648210e+07
1.395930555511040241e+07
1.395741966346692666e+07
1.395526576747670770e+07
1.395313565121977963e+07
1.395150259448634461e+07
1.395043826126098819e+07
1.395072157952633128e+07
1.395132190069437027e+07
1.395128519316471927e+07
1.395134284351928346e+07
1.395212924721230380e+07
1.395296869498079643e+07
1.395466946370535158e+07
1.395736552936678007e+07
1.396014722575312480e+07
1.396064572821320035e+07
1.396099052879351191e+07
1.396188830785312690e+07
1.396308512482344732e+07
1.396392998996519111e+07
1.396405079282717593e+07
1.396373821419890784e+07
1.396329322741748765e+07
1.396178832672776468e+07
1.395902888254774734e+07
1.395658773529290408e+07
1.395395691804467514e+07
1.395158101346923038e+07
1.394978458760742843e+07
1.394903159099270776e+07
1.394959277880210802e+07
1.395107943372029625e+07
1.395174928926932625e+07
1.395296301212458685e+07
1.395457926959653571e+07
1.395554447892881557e+07
1.395576892568321154e+07
1.395703314658289962e+07
1.395819467066035606e+07
1.395990361521048658e+07
1.396005890035516210e+07
1.395860069022131152e+07
1.395822693881099112e+07
1.395857705219509266e+07
1.395907285134039260e+07
1.395815135840657167e+07
1.395695752830817923e+07
1.395594415582529083e+07
1.395448461210124008e+07
1.395265672349671274e+07
1.395036007538270764e+07
1.394829239490857534e+07
1.394713568497728743e+07
1.394685270699705184e+07
1.394741868464598246e+07
1.394874201098266058e+07
1.395094641392906755e+07
1.395240290104664676e+07
1.395348609713741206e+07
1.395440914484530874e+07
1.395521555906833522e+07
1.395535563409578428e+07
1.395569373828869127e+07
1.395676376539009064e+07
1.395786238597782888e+07
1.395775077337006666e+07
1.395655983283217251e+07
1.395644348271789588e+07
1.395717629126373492e+07
1.395854271365300752e+07
1.396028660266355425e+07
1.396140675736463629e+07
1.396154943985933438e+07
1.396085620039805211e+07
1.395911651812084019e+07
1.395633410425426811e+07
1.395326040569193289e+07
1.395059287456663139e+07
1.394824179837434366e+07
1.394691148793457448e+07
1.394679355573385023e+07
1.394755175976010785e+07
1.394848692163862661e+07
1.395010977324779145e+07
1.395182687817050889e+07
1.395302308081861213e+07
1.395336925911564752e+07
1.395299356886155158e+07
1.395274083690226451e+07
1.395327733795862272e+07
1.395383276454513147e+07
1.395500165720670484e+07
1.395621761130702868e+07
1.395704311536264233e+07
1.395845589908223599e+07
1.396073259143616445e+07
1.396220609266986512e+07
1.396223410918511823e+07
1.396076380305593088e+07
1.395781781125101633e+07
1.395353167000781000e+07
1.394951921152436733e+07
1.394638796597533114e+07
1.394501605590987578e+07
1.394479497670602798e+07
1.394529880418853648e+07
1.394700844259517640e+07
1.394943152003218234e+07
1.395199917465647124e+07
1.395443759589699470e+07
1.395607948268754221e+07
1.395673583806653135e+07
1.395673766592928208e+07
1.395616375785738789e+07
1.395565014582813159e+07
1.395508777159491181e+07
1.395491129646126367e+07
1.395589424168585986e+07
1.395781657500193641e+07
1.395992074683305435e+07
1.396187447591803595e+07
1.396276722884004749e+07
1.396209408260177262e+07
1.395895298208093084e+07
1.395403902277071401e+07
1.394915614881839231e+07
1.394503675045099482e+07
1.394212835397359543e+07
1.394098085851099156e+07
1.394166740720915422e+07
1.394356746648787521e+07
1.394686164634363540e+07
1.395046038491265289e+07
1.395369124231043272e+07
1.395547423956351541e+07
1.395634467739509605e+07
1.395674803872990422e+07
1.395602838873628713e+07
1.395446179922677204e+07
1.395332264540987276e+07
1.395257601353573613e+07
1.395274679855615273e+07
1.395401491123284400e+07
1.395571236579306610e+07
1.395782124240699597e+07
1.395975481893774681e+07
1.396045166468248889e+07
1.396029402570838667e+07
1.395901565177134424e+07
1.395671338307785802e+07
1.395398703587660752e+07
1.395165364857712761e+07
1.395042489150918461e+07
1.395196074688689411e+07
1.395214091752034798e+07
1.395430950126707554e+07
1.395684819046784751e+07
1.395875968497201428e+07
1.395981249745728448e+07
1.396015062338566408e+07
1.395930073492264748e+07
1.395794200536338612e+07
1.395612622355985455e+07
1.395410324270419031e+07
1.395223102350347489e+07
1.395139137935730442e+07
1.395141410314110667e+07
1.395295206722168066e+07
1.395497230677164719e+07
1.395739619083160907e+07
1.395986163195477612e+07
1.396119332281565107e+07
1.396022321363991313e+07
1.395905474979284406e+07
1.395730440684758686e+07
1.395524961049162410e+07
1.395391592201092280e+07
1.395353807770503126e+07
1.395379405794943124e+07
1.395536570904110745e+07
1.395717959284817986e+07
1.395924417889427580e+07
1.396156763665604405e+07
1.396296367308788374e+07
1.396284996700950339e+07
1.396162906356059946e+07
1.395892678107032366e+07
1.395667899731089175e+07
1.395450990764028765e+07
1.395305693756700680e+07
1.395228590264257602e+07
1.395308584671208449e+07
1.395481648221003264e+07
1.395716653405145556e+07
1.395955262837215886e+07
1.396078029219858721e+07
1.396098899753764272e+07
1.396089138242114708e+07
1.395997034936359525e+07
1.395919867049663514e+07
1.395813975522201136e+07
1.394984207522824220e+07
1.395968941009663977e+07
1.395785520622740127e+07
1.395897751864279807e+07
1.395899040220754221e+07
1.396021700290274620e+07
1.395978449882866628e+07
1.396004850104898028e+07
1.395873338559018075e+07
1.395718272826337256e+07
1.395470270892744884e+07
1.395263890573192015e+07
1.395026508821462281e+07
1.394924585958559252e+07
1.394900968320888467e+07
1.395018744616914913e+07
1.395117055711416900e+07
1.395283071570203267e+07
1.395424156813480891e+07
1.395513047094106115e+07
1.395537378860009275e+07
1.395491633217031695e+07
1.395309427307981625e+07
1.395148869287955947e+07
1.395035957581567392e+07
1.395020299514679983e+07
1.395049551094532199e+07
1.395155348693067953e+07
1.395317715208615363e+07
1.395537745903048292e+07
1.395553674206206203e+07
1.395497703782932833e+07
1.395416411316479929e+07
1.395306030298495851e+07
1.395162174883643165e+07
1.395026739136649668e+07
1.394857246073554270e+07
1.394666868482137844e+07
1.394544785821847990e+07
1.394576988792718016e+07
1.394652887777794898e+07
1.394683115296356380e+07
1.394811753484540619e+07
1.394900252533844672e+07
1.394877084934464470e+07
1.394852082003134862e+07
1.394837442881347239e+07
1.394809032642958686e+07
1.394819367632937618e+07
1.394814192862458341e+07
1.394832861297094822e+07
1.394850443264977261e+07
1.394875540574959293e+07
1.394962531656768359e+07
1.395058254933838360e+07
1.395029333651162870e+07
1.394934182978777215e+07
1.394803168577650748e+07
1.394672120928306319e+07
1.394557547851651534e+07
1.394442460420181789e+07
1.394331982861427404e+07
1.394224246539925598e+07
1.394163080949804746e+07
1.394173901465883292e+07
1.394198506106324494e+07
1.394303767083568312e+07
1.394406796856191941e+07
1.394463282576595433e+07
1.394476943433013372e+07
1.394476047213103995e+07
1.394426311820023321e+07
1.394448217457390949e+07
1.394480088264498673e+07
1.394502583231719770e+07
1.394476880793110840e+07
1.394539967854862474e+07
1.394540798402236961e+07
1.394628066691595130e+07
1.394732932083187439e+07
1.394842685344430432e+07
1.394848830865572579e+07
1.394833025868654251e+07
1.394713510008047521e+07
1.394601324234275147e+07
1.394402743230974302e+07
1.394251660286766291e+07
1.394074675367281027e+07
1.394018823612983711e+07
1.393952026616826653e+07
1.394014419875256158e+07
1.394045291076905094e+07
1.394197957543444820e+07
1.394171190179316886e+07
1.394269023602513038e+07
1.394034638657577336e+07
