1.673299877754618786e+07
1.673536223874943890e+07
1.673503989634093456e+07
1.673567161943678744e+07
1.673537464229348488e+07
1.673561170110941492e+07
1.673525423359595425e+07
1.673526302849724330e+07
1.673506352235567570e+07
1.673522736797473952e+07
1.673515537987245433e+07
1.673463459727062844e+07
1.673344421300619841e+07
1.673223227394086309e+07
1.673067714943076670e+07
1.672947528844927996e+07
1.672821681074515171e+07
1.672713629479419626e+07
1.672599613842863962e+07
1.672557796341720410e+07
1.672589823724804632e+07
1.672728076840604283e+07
1.672884440246071108e+07
1.673044450219850615e+07
1.673187239741059579e+07
1.673283419038365036e+07
1.673366192056393437e+07
1.673422946083441004e+07
1.673450192403746769e+07
1.673441814152675308e+07
1.673412223051588610e+07
1.673374075446069241e+07
1.673366239082379267e+07
1.673387950963085145e+07
1.673431538801026344e+07
1.673456205510975234e+07
1.673463456336902827e+07
1.673437849708783627e+07
1.673364191729830392e+07
1.673263511616441607e+07
1.673100259060199000e+07
1.672920414315069653e+07
1.672778629032965936e+07
1.672666222483112663e+07
1.672619800132223219e+07
1.672642623633776419e+07
1.672746324305513687e+07
1.672925637562568672e+07
1.673121463125509582e+07
1.673261249607590027e+07
1.673381762273216620e+07
1.673467406630632840e+07
1.673515477257503942e+07
1.673478600258258730e+07
1.673404974445742741e+07
1.673321516394879669e+07
1.673269604358120449e+07
1.673264890817824379e+07
1.673333719361905567e+07
1.673416151446486078e+07
1.673503654727106728e+07
1.673493429385675117e+07
1.673368997698421031e+07
1.673195341785235517e+07
1.673006756063588709e+07
1.672834590763744339e+07
1.672629565847905912e+07
1.672402012421679311e+07
1.672293583514303528e+07
1.672302130702546611e+07
1.672425678264600411e+07
1.672627063445443287e+07
1.672915763983905129e+07
1.673179373961713538e+07
1.673354367559660226e+07
1.673406427825031243e+07
1.673433025925595872e+07
1.673438418115565553e+07
1.673385751018116623e+07
1.673257045972332358e+07
1.673129021829770319e+07
1.673076429763568752e+07
1.673104146438957006e+07
1.673210919859677926e+07
1.673343061222602613e+07
1.673479193129663169e+07
1.673520964903539605e+07
1.673432355703466758e+07
1.673276500305150449e+07
1.673042164973698743e+07
1.672813186228254437e+07
1.672560464380503632e+07
1.672343188493011892e+07
1.672249471486685053e+07
1.672263994317993708e+07
1.672385761558826827e+07
1.672632984981733002e+07
1.672939516973755509e+07
1.673135526492549293e+07
1.673250429502929188e+07
1.673296534983693808e+07
1.673245203343478218e+07
1.673167486704697087e+07
1.673045115136562474e+07
1.672873393766266853e+07
1.672755861184440739e+07
1.672742405461768806e+07
1.672821619080744684e+07
1.672982886560795829e+07
1.673126028840671852e+07
1.673189688965279981e+07
1.673197622771012783e+07
1.673125615623444878e+07
1.672973521019709855e+07
1.672788088677417487e+07
1.672475797549838759e+07
1.672186418072102778e+07
1.671986046347557195e+07
1.671887743848301657e+07
1.671962771267800406e+07
1.672207788336610049e+07
1.672550734184452333e+07
1.672877269318292663e+07
1.673054039180443995e+07
1.673166150538495183e+07
1.673160054207000323e+07
1.673065705948461965e+07
1.672942214654029533e+07
1.672753055241581053e+07
1.672547585146143660e+07
1.672452888487896882e+07
1.672509976213708334e+07
1.672671552599808760e+07
1.672915141409770213e+07
1.673164741148671135e+07
1.673268706107661687e+07
1.673281316651717946e+07
1.673131199490905926e+07
1.672902208563873544e+07
1.672630038398797810e+07
1.672334119541389681e+07
1.672029468247274309e+07
1.671854930141818337e+07
1.671789331945818849e+07
1.671882857179252431e+07
1.672105340889560245e+07
1.672451825188416056e+07
1.672826244000449590e+07
1.673135823140607029e+07
1.673220876032531075e+07
1.673116541160906292e+07
1.672876091409534402e+07
1.672624017851867527e+07
1.672380531381740235e+07
1.672253142186453193e+07
1.672191875975178741e+07
1.672249434691737592e+07
1.672432876919437945e+07
1.672726297580798343e+07
1.673018201420695707e+07
1.673213132673190720e+07
1.673232794190294854e+07
1.673114928222823516e+07
1.672903838132931478e+07
1.672634877265181579e+07
1.672308282166457549e+07
1.672061751633894444e+07
1.671917266735784337e+07
1.671951310303753801e+07
1.672123187818997540e+07
1.672396962034764886e+07
1.672674196072545834e+07
1.672920099502106756e+07
1.673037830925983936e+07
1.673026459118685871e+07
1.672899515169793181e+07
1.672700375023962744e+07
1.672431635339287110e+07
1.672181604459667951e+07
1.672022089499361627e+07
1.672014805142213032e+07
1.672131917146778479e+07
1.672374981226515211e+07
1.672676955131782405e+07
1.672946909104322083e+07
1.673063715438615531e+07
1.673037221107597463e+07
1.672888664532631636e+07
1.672688755501045659e+07
1.672436314265992492e+07
1.672186782276319712e+07
1.671999786304535158e+07
1.672083732267634012e+07
1.672118843192230724e+07
1.672372535619906336e+07
1.672667694397783466e+07
1.672942891976891272e+07
1.673131013595721312e+07
1.673201211698510870e+07
1.673117925548580661e+07
1.672930638272991963e+07
1.672674930843603611e+07
1.672458583029371873e+07
1.672226078953633271e+07
1.672096841719802283e+07
1.672107022230452485e+07
1.672278647975512221e+07
1.672536413203807548e+07
1.672831793525330722e+07
1.673040622738883272e+07
1.673149342187519185e+07
1.673087685547474027e+07
1.672950486879480816e+07
1.672744115931282751e+07
1.672524828372230008e+07
1.672340870830463991e+07
1.672241865369521081e+07
1.672248715285206772e+07
1.672403338159986027e+07
1.672631517985513248e+07
1.672927474719815888e+07
1.673181759071972035e+07
1.673333188794169575e+07
1.673293257830313221e+07
1.673175876409993134e+07
1.672910182487899251e+07
1.672645278406665847e+07
1.672383881311673671e+07
1.672182616167864390e+07
1.672096052505146340e+07
1.672198209861617535e+07
1.672359228085261211e+07
1.672610784766924754e+07
1.672827382667250372e+07
1.673003316118809953e+07
1.673045987043642253e+07
1.673042387125927024e+07
1.672916690027567185e+07
1.672855640066103823e+07
1.672628554406895861e+07
1.672738035731899738e+07
1.672546448699937761e+07
1.672668708914229088e+07
1.672806241807670332e+07
1.673033289151425473e+07
1.673214654070005752e+07
1.673325826600402407e+07
1.673273363301580027e+07
1.673150893385364674e+07
1.672966862651976012e+07
1.672735713159085810e+07
1.672492237009559199e+07
1.672255501766414940e+07
1.672079294352361932e+07
1.672083821178151295e+07
1.672193845121634193e+07
1.672396612718261220e+07
1.672629114880340733e+07
1.672808878223699890e+07
1.672879455387500301e+07
1.672883724456954189e+07
1.672820959882877767e+07
1.672763383710220642e+07
1.672726537190410309e+07
1.672714802473945729e+07
1.672680223130652867e+07
1.672690273184971884e+07
1.672788081812430359e+07
1.672951717990279198e+07
1.673131509543460049e+07
1.673276593520108983e+07
1.673316601455184631e+07
1.673242851184557006e+07
1.673072681563850306e+07
1.672847508074156009e+07
1.672608216787917726e+07
1.672374369448538311e+07
1.672185628476226330e+07
1.672123531245389208e+07
1.672152946892194822e+07
1.672253787401152961e+07
1.672395776751659438e+07
1.672544851207021438e+07
1.672679222437250987e+07
1.672785736544884555e+07
1.672860635402500629e+07
1.672897377001793869e+07
1.672927899452628195e+07
1.672954819449055381e+07
1.672980479361926205e+07
1.672986241049013473e+07
1.673037173118968122e+07
1.673140747589089163e+07
1.673263218031834997e+07
1.673366132778584398e+07
1.673435939461821690e+07
1.673377289826803282e+07
1.673259318162395060e+07
1.673102478293921426e+07
1.672896859956999309e+07
1.672691407862183265e+07
1.672543819052514248e+07
1.672408535452940874e+07
1.672324335725617409e+07
1.672302850931921974e+07
1.672346250006503426e+07
1.672449054636382870e+07
1.672578709976805560e+07
1.672703942953179963e+07
1.672743597680480592e+07
1.672754453836622275e+07
1.672764019061540440e+07
1.672801742270089127e+07
1.672857129783505574e+07
1.672906282266271301e+07
1.672948208295010217e+07
1.673004021535183489e+07
1.673089250055223517e+07
1.673179331032114290e+07
1.673257860563752986e+07
1.673290358524617180e+07
1.673234767124550045e+07
1.673137766883449070e+07
1.673012644350100122e+07
1.672866331997591443e+07
1.672725632157060318e+07
1.672600142149558291e+07
1.672484074361433089e+07
1.672366540385520644e+07
1.672321979575326853e+07
1.672292510040689446e+07
1.672358523958340473e+07
1.672415834149538912e+07
1.672542830811819993e+07
1.672649642451382615e+07
1.672844170927077159e+07
