2.392035830758672673e+06
2.395275998148189392e+06
2.394690182154904585e+06
2.395480751395487227e+06
2.395251167091557756e+06
2.395765521056928672e+06
2.395786635137878824e+06
2.396091096845998429e+06
2.395871564837763552e+06
2.395865572361852042e+06
2.395360890576948412e+06
2.394688557131208014e+06
2.393464927265890408e+06
2.392437447811776306e+06
2.390999615094143432e+06
2.389744412837712560e+06
2.388445160938469693e+06
2.387491019704832695e+06
2.386767091255466454e+06
2.386723298088596202e+06
2.387146731457368936e+06
2.388075617803481407e+06
2.389154100621615071e+06
2.390550381089728791e+06
2.391842490295384079e+06
2.392909092811112758e+06
2.393498451376444194e+06
2.393918850669924170e+06
2.394040773507256992e+06
2.393892919482112862e+06
2.393775898805954959e+06
2.393867633284000214e+06
2.393816585431383923e+06
2.393896914241719991e+06
2.394057192969398573e+06
2.393936765663205646e+06
2.393345450420395937e+06
2.392685812787800562e+06
2.391560924487398472e+06
2.390045889889268670e+06
2.388375016502708197e+06
2.386772334495660383e+06
2.385424582063927781e+06
2.384637429567231797e+06
2.384545373577709310e+06
2.385150911767828744e+06
2.386375966522851493e+06
2.388106164981694892e+06
2.389850080300305504e+06
2.391466948553012218e+06
2.392588913909992669e+06
2.393120870080971159e+06
2.393201166046534199e+06
2.392915346210805699e+06
2.392393125181666575e+06
2.391945892324550077e+06
2.391733591381160542e+06
2.391849013217820320e+06
2.392350627029623371e+06
2.392831594382437412e+06
2.392988957646157127e+06
2.392887650733664166e+06
2.392308016337559558e+06
2.391076991630427539e+06
2.389263926386119798e+06
2.387176688977326266e+06
2.385058771247186232e+06
2.383416874638515059e+06
2.382613607328980695e+06
2.382651236601795536e+06
2.383597174777516630e+06
2.385321960644924082e+06
2.387487228931312915e+06
2.389573588781140745e+06
2.391256141440586187e+06
2.392203847969838418e+06
2.392515930711661000e+06
2.392199346859502140e+06
2.391380405295710079e+06
2.390570840594092850e+06
2.390001535861293785e+06
2.389842815233266912e+06
2.390322483700411860e+06
2.391254706374777481e+06
2.392082876070407219e+06
2.392728233145589009e+06
2.392890306755806319e+06
2.392122179409018252e+06
2.390586188416640740e+06
2.388300563683399931e+06
2.385745081635374576e+06
2.383427439252240583e+06
2.381808734842508100e+06
2.381154047424968798e+06
2.381655022814576980e+06
2.383075164310320746e+06
2.385290551619711798e+06
2.387824616842471994e+06
2.389883415910396725e+06
2.391408452429340221e+06
2.392200851514494978e+06
2.391927562402400654e+06
2.390993999918015208e+06
2.389848034093066119e+06
2.388657270228556357e+06
2.388034577996196691e+06
2.388460062435280532e+06
2.389431229778400157e+06
2.390731105804271530e+06
2.392152281014190055e+06
2.393201325741241686e+06
2.393299972278405447e+06
2.392400706827854738e+06
2.390396115852333605e+06
2.387821800966303796e+06
2.384994572803560179e+06
2.382649858916843776e+06
2.381245485799803864e+06
2.380916605900655035e+06
2.381774924295808654e+06
2.383798129532854538e+06
2.386340697567208204e+06
2.388747411374568939e+06
2.390780145486417692e+06
2.391905477453865111e+06
2.391876967740532942e+06
2.390956861776552629e+06
2.389479169500643387e+06
2.387813296955099795e+06
2.386591643063114956e+06
2.386327376288266387e+06
2.387029657105334103e+06
2.388502256836215965e+06
2.390297009993022773e+06
2.392234857501134742e+06
2.393392214924400672e+06
2.393378748401999008e+06
2.392073899460182525e+06
2.389928684173088986e+06
2.386982933365556411e+06
2.384230908823535778e+06
2.382101227706185076e+06
2.381047254814058542e+06
2.381212287473897450e+06
2.382772395154212601e+06
2.385137244987670332e+06
2.387727145262824837e+06
2.390010196785434615e+06
2.391600326660051011e+06
2.391986922192724887e+06
2.391236049423071556e+06
2.389647914392618928e+06
2.387707375155560672e+06
2.385814763402956072e+06
2.384892654213080183e+06
2.384975018882080447e+06
2.385952285058282781e+06
2.387856230467617046e+06
2.390351529751603492e+06
2.392286009475045372e+06
2.393338510015180800e+06
2.393142081727677491e+06
2.391692760645936709e+06
2.389276128420427442e+06
2.386594293166786898e+06
2.384051493514402770e+06
2.382392079888992477e+06
2.381794273286461830e+06
2.382642160271541681e+06
2.384519713061764836e+06
2.386836972137644421e+06
2.389241644707741681e+06
2.391287253712572623e+06
2.392087831900591031e+06
2.391673030979526229e+06
2.390253070725287776e+06
2.388107775809423532e+06
2.385671584694150370e+06
2.384011659557034727e+06
2.383142363109484315e+06
2.383476711708008777e+06
2.384900063521686010e+06
2.387334859240587801e+06
2.389731064465541393e+06
2.391726996173023246e+06
2.392528124193567783e+06
2.392256125948782545e+06
2.390674559041465633e+06
2.388506190483182203e+06
2.385980846081858035e+06
2.384177825986019801e+06
2.382810539298112970e+06
2.383073021725788713e+06
2.384414678353044204e+06
2.386309458233853802e+06
2.388647828988026828e+06
2.390764511004766915e+06
2.391851089268104173e+06
2.391834880634163972e+06
2.390733895853476599e+06
2.388603763682997786e+06
2.386019277116232086e+06
2.383700968019347172e+06
2.381988562531603966e+06
2.381426593623653520e+06
2.382046329170118086e+06
2.383990923142707441e+06
2.386419698779424652e+06
2.388748547681780998e+06
2.390360429635787383e+06
2.391025864966164809e+06
2.390247821224178188e+06
2.388897900286584627e+06
2.387086439776178449e+06
2.385185452868162189e+06
2.383812137679631822e+06
2.383542595447695814e+06
2.384095342253031209e+06
2.385692079953762703e+06
2.387591556531262584e+06
2.389593010918692220e+06
2.390955786017334089e+06
2.391416936646375805e+06
2.390583359252871946e+06
2.388953618208974600e+06
2.386274832673818804e+06
2.383696828966922127e+06
2.381414112443851773e+06
2.380075626423533075e+06
2.379549852131428663e+06
2.380801892947094515e+06
2.382559007546875160e+06
2.384884695347650908e+06
2.386734358390332200e+06
2.388362622654606123e+06
2.388439279850254767e+06
2.388393928790531587e+06
2.386817440671178047e+06
2.386022335054997355e+06
2.383881600723241456e+06
2.383444440838983748e+06
2.384357549283480737e+06
2.385262462492915336e+06
2.386842561919899192e+06
2.388611148255974054e+06
2.390167003951948602e+06
2.390714524914774112e+06
2.390517147511818446e+06
2.389102430122154765e+06
2.386740199412718881e+06
2.384267637870066799e+06
2.381987479160578921e+06
2.379899641555820592e+06
2.378865191860408057e+06
2.378900443066713400e+06
2.379933034995942377e+06
2.381565108754707035e+06
2.383411201376957353e+06
2.385078141706281342e+06
2.386156532279437408e+06
2.386345104784536175e+06
2.386060146857790183e+06
2.385342943285075948e+06
2.384493717462698463e+06
2.384178269034419209e+06
2.384402331731648184e+06
2.384965652148570400e+06
2.386106003694646992e+06
2.387574211487887893e+06
2.388856366958581377e+06
2.389774922583344392e+06
2.389867227710654493e+06
2.388949136611376889e+06
2.387325482892461587e+06
2.385236884439900052e+06
2.382927586980564054e+06
2.380781102852082346e+06
2.379147236863906961e+06
2.378384099639861379e+06
2.378584628123821225e+06
2.379440372076899745e+06
2.380586822174291126e+06
2.381982418992851861e+06
2.383217661311978940e+06
2.384106258667174727e+06
2.384477597981636412e+06
2.384418744005449582e+06
2.384217125727559440e+06
2.384190522374150343e+06
2.384414395123262424e+06
2.384758346788602415e+06
2.385504646827965043e+06
2.386536556250835769e+06
2.387501509146777913e+06
2.388260625181614421e+06
2.388572524046742357e+06
2.388151667645821813e+06
2.387080227380976081e+06
2.385499743451729883e+06
2.383768525093257893e+06
2.381839921885090880e+06
2.380035237386603374e+06
2.378791851477184333e+06
2.378104398341280408e+06
2.377899769434099086e+06
2.378319134622351732e+06
2.379087976240560878e+06
2.380029969026010949e+06
2.381204105190589558e+06
2.382097443204917014e+06
2.382625558002163656e+06
2.383068431867871899e+06
2.383500249343312811e+06
2.383906690282297786e+06
2.384354243420001585e+06
2.384827060147204902e+06
2.385422685166642535e+06
2.386138868249780033e+06
2.386783654421968386e+06
2.387136829444696195e+06
2.387133919838240836e+06
2.386690727750434540e+06
2.385923085565092508e+06
2.384802736775358208e+06
2.383407151685195975e+06
2.381895308755512815e+06
2.380493130032414570e+06
2.379229757707008626e+06
2.378358097513070796e+06
2.377891963739907835e+06
2.377883212556804065e+06
2.378325954262428451e+06
2.379159088143516798e+06
2.380140798424813431e+06
2.381264063522581011e+06
2.382138701420519035e+06
