2.563501047027822118e+06
2.567366364302122965e+06
2.566541752990900073e+06
2.567433052090672776e+06
2.567193297179915011e+06
2.567779290695767384e+06
2.567793883066268172e+06
2.568144173880965449e+06
2.567927047591319773e+06
2.567965419769078959e+06
2.567505779577401001e+06
2.566886170606531203e+06
2.565703023475041613e+06
2.564744957894828636e+06
2.563289894213902764e+06
2.562026228119287174e+06
2.560671425273910165e+06
2.559684700054796878e+06
2.558840493819902185e+06
2.558747588825520594e+06
2.559100518761925399e+06
2.560020941368672997e+06
2.561081386962620541e+06
2.562515252459232230e+06
2.563779616775516886e+06
2.564898340906982776e+06
2.565549236092155799e+06
2.565954796224739868e+06
2.566065791172482073e+06
2.565884522310404107e+06
2.565723277597657405e+06
2.565715622491556220e+06
2.565682200241616927e+06
2.565710060837842058e+06
2.565893071459534578e+06
2.565820616687210277e+06
2.565283229445392732e+06
2.564640534560000990e+06
2.563592915386411827e+06
2.562048822605194524e+06
2.560338960028911009e+06
2.558645233066403773e+06
2.557192951088857371e+06
2.556310297992128879e+06
2.556143245698451065e+06
2.556592985500218812e+06
2.557731229258494917e+06
2.559371513656451833e+06
2.561115103567920160e+06
2.562799454065070953e+06
2.563953220253064763e+06
2.564511954370056745e+06
2.564595256854325533e+06
2.564272792683519889e+06
2.563704763533726800e+06
2.563181619317134377e+06
2.562891229322828818e+06
2.562942207997508813e+06
2.563416174582201056e+06
2.563874979121196084e+06
2.564051283065915108e+06
2.563975008417252917e+06
2.563430056515078060e+06
2.562172744794160593e+06
2.560364467270664871e+06
2.558179330392436590e+06
2.555928020619285759e+06
2.554183030678064097e+06
2.553255250549810473e+06
2.553140174977568444e+06
2.554006773245110177e+06
2.555672984224840067e+06
2.557835737290508114e+06
2.559925281568482053e+06
2.561657466388647445e+06
2.562566472292955033e+06
2.562901857992532197e+06
2.562565249933426268e+06
2.561661173217200208e+06
2.560750812886594795e+06
2.560093439916893374e+06
2.559808721549960785e+06
2.560229309226684738e+06
2.561156362881846726e+06
2.561982541511775460e+06
2.562678228001396172e+06
2.562922346850539092e+06
2.562162471408106852e+06
2.560638109738555271e+06
2.558303699052672833e+06
2.555666296148103196e+06
2.553192191676300950e+06
2.551385553819244727e+06
2.550558518429609016e+06
2.550959947388409637e+06
2.552304768240404781e+06
2.554514862928084098e+06
2.557068183287692722e+06
2.559216898234102409e+06
2.560796153902214486e+06
2.561641648653244600e+06
2.561386001753314864e+06
2.560375306678326335e+06
2.559170673442016821e+06
2.557908246824069414e+06
2.557176900358479470e+06
2.557511745150598232e+06
2.558432546943740454e+06
2.559748135456628632e+06
2.561261013304235414e+06
2.562416557960818987e+06
2.562598074739816599e+06
2.561767907413795125e+06
2.559773754214792047e+06
2.557132019074478187e+06
2.554209208592128009e+06
2.551710246303552762e+06
2.550144573240074795e+06
2.549697425415455829e+06
2.550461204993742984e+06
2.552476651234764606e+06
2.555044237059168052e+06
2.557504608790874016e+06
2.559664299775439780e+06
2.560892718102755956e+06
2.560827464524595533e+06
2.559906128738971427e+06
2.558326056737218518e+06
2.556552341328803916e+06
2.555157970597652718e+06
2.554759876266844571e+06
2.555353571758022066e+06
2.556827406576506793e+06
2.558615049944008701e+06
2.560612325287910178e+06
2.561855007244154811e+06
2.561935933431236073e+06
2.560645040956556331e+06
2.558475465114452410e+06
2.555440771106644999e+06
2.552548258345094509e+06
2.550198232869243249e+06
2.548972158433170989e+06
2.549010482316716108e+06
2.550517053538892884e+06
2.552866795493653044e+06
2.555555370645919815e+06
2.557933598492252175e+06
2.559680816181456670e+06
2.560158516132862307e+06
2.559448196661174297e+06
2.557783735639378428e+06
2.555758447268266231e+06
2.553676838934925385e+06
2.552566724857951049e+06
2.552536319327136036e+06
2.553462392424860038e+06
2.555353297785936855e+06
2.557956486085361801e+06
2.559961145439336542e+06
2.561130288319889456e+06
2.560988839085886255e+06
2.559561597011552658e+06
2.557064881707183551e+06
2.554290779066079296e+06
2.551554669786358718e+06
2.549755525715863798e+06
2.548998199639773462e+06
2.549768436946688220e+06
2.551636134917033371e+06
2.554026927237017080e+06
2.556511504597785417e+06
2.558697407522086054e+06
2.559626059602434747e+06
2.559267376680234447e+06
2.557849488437798806e+06
2.555655273750245105e+06
2.553058170956810005e+06
2.551251415379931219e+06
2.550247905691681430e+06
2.550485498093528207e+06
2.551886947789981030e+06
2.554371364464130718e+06
2.556805084155420307e+06
2.558929386073207483e+06
2.559836122281216085e+06
2.559649004075366072e+06
2.558075849802019075e+06
2.555879199996844400e+06
2.553205569675885607e+06
2.551254097767384723e+06
2.549721578281735536e+06
2.550359011436255183e+06
2.551198075863158796e+06
2.553238825699904468e+06
2.555636359227710869e+06
2.557938092707151081e+06
2.559155298638779204e+06
2.559269236373078544e+06
2.558284838952841703e+06
2.556189232912646141e+06
2.553591859136096202e+06
2.551282245393800084e+06
2.549461418802837376e+06
2.548884443843831774e+06
2.549487190216600895e+06
2.551431388816613704e+06
2.553961446458643768e+06
2.556491646934253629e+06
2.558276529744249769e+06
2.559148420478883199e+06
2.558481108482498210e+06
2.557179234697239939e+06
2.555379023562320508e+06
2.553492445046471432e+06
2.552071721653636079e+06
2.551824849179312587e+06
2.552335054411983117e+06
2.554024185209081508e+06
2.555995312391294166e+06
2.558142823103345465e+06
2.559616230112988967e+06
2.560263124770856462e+06
2.559476479873108212e+06
2.558005212402179372e+06
2.555331817226403393e+06
2.552755993206575979e+06
2.550398302541442215e+06
2.549050144248291384e+06
2.548451735525265802e+06
2.549761999667356722e+06
2.551515272418219596e+06
2.553947508462993428e+06
2.555917235956878401e+06
2.557725238129294012e+06
2.557856106013508979e+06
2.557958918225131929e+06
2.556353908741821069e+06
2.555657761616547126e+06
2.553311601989811286e+06
2.553828720218494534e+06
2.553653224227244966e+06
2.554804540168865118e+06
2.556243024179833941e+06
2.558167228282510303e+06
2.559745616373758763e+06
2.560436381526164711e+06
2.560298561401280575e+06
2.559035748959985562e+06
2.556606904488743283e+06
2.554144988316988107e+06
2.551800506767418701e+06
2.549599842159822118e+06
2.548460413964281790e+06
2.548471043698262423e+06
2.549442615018142853e+06
2.551129286494196858e+06
2.552965945825334638e+06
2.554736519464139827e+06
2.555887500572432298e+06
2.556137262774673291e+06
2.555839582292781211e+06
2.555139861438549589e+06
2.554219049189033918e+06
2.553821842605932150e+06
2.554045100676706526e+06
2.554537179705387913e+06
2.555731993601792026e+06
2.557266852868091781e+06
2.558594035962620284e+06
2.559570066986474674e+06
2.559778374193578493e+06
2.558945200544323307e+06
2.557361986293696798e+06
2.555279857134682126e+06
2.552950329821502324e+06
2.550654332919946872e+06
2.548950601101651788e+06
2.548213122150552925e+06
2.548421459365663119e+06
2.549304733686926309e+06
2.550458147708035540e+06
2.551917388863732573e+06
2.553230468002256472e+06
2.554194884132455569e+06
2.554639753794110846e+06
2.554623205905589741e+06
2.554426398665063549e+06
2.554313820932331961e+06
2.554587246671809815e+06
2.554998319619736169e+06
2.555785995869115461e+06
2.556887047864574473e+06
2.557914953342804220e+06
2.558751577410534490e+06
2.559150198624447919e+06
2.558805214745156001e+06
2.557809483250406571e+06
2.556290491980992258e+06
2.554575198484401219e+06
2.552573347314843442e+06
2.550725114712596405e+06
2.549526390270046424e+06
2.548919136714716908e+06
2.548696970969501417e+06
2.549146859149984084e+06
2.549941076720430516e+06
2.550906499971452169e+06
2.552105980136123020e+06
2.553043798307505902e+06
2.553627969904357102e+06
2.554076108647247311e+06
2.554479136512276251e+06
2.554940100794376340e+06
2.555457089205699507e+06
2.555985547939203680e+06
2.556590782853452954e+06
2.557353202554497868e+06
2.557967274375439622e+06
2.558366225489729084e+06
2.558377286087598186e+06
2.557968181677297689e+06
2.557209899611010682e+06
2.556127460436006077e+06
2.554708968197564129e+06
2.553209609603424557e+06
2.551802614479940385e+06
2.550542783623247407e+06
2.549592818326392677e+06
2.549129766358212102e+06
2.549057826562922448e+06
2.549535969164330047e+06
2.550310190634626895e+06
2.551408651118373033e+06
2.552414773002471309e+06
2.553534882751910947e+06
