4.011238749753963202e+07
4.011260158309573680e+07
4.011483797053724527e+07
4.011538959717950970e+07
4.011567715476879478e+07
4.011622429274769872e+07
4.011664843759422749e+07
4.011724728048052639e+07
4.011785069157440215e+07
4.011845872979441285e+07
4.011874654246123880e+07
4.011887619207672775e+07
4.011686543491831422e+07
4.011494304412240535e+07
4.011426720601396263e+07
4.011304375447183847e+07
4.011194823581356555e+07
4.011052771509012580e+07
4.010945287384300679e+07
4.010882206675719470e+07
4.010876387998932600e+07
4.010864542647942156e+07
4.010898191843648255e+07
4.010893433685965836e+07
4.011047025540664047e+07
4.011407236607746035e+07
4.011521796174704283e+07
4.011603175434517860e+07
4.011650192536944896e+07
4.011671127938961238e+07
4.011706767877772450e+07
4.011738662696924061e+07
4.011747221911848336e+07
4.011747272951470315e+07
4.011730927391944081e+07
4.011699722585239261e+07
4.011668870552316308e+07
4.011611962885974348e+07
4.011520030471275747e+07
4.011371935465382040e+07
4.011184414031020552e+07
4.010973481147987396e+07
4.010890491221244633e+07
4.010825653028183430e+07
4.010747222647867352e+07
4.010762886718688160e+07
4.010871053936725855e+07
4.011062260027951747e+07
4.011301628060615063e+07
4.011526612621251494e+07
4.011657742909424752e+07
4.011776368997916579e+07
4.011817830356141925e+07
4.011803714503484964e+07
4.011745718088489771e+07
4.011666559003541619e+07
4.011601909558384120e+07
4.011605762636737525e+07
4.011605951514270157e+07
4.011597152373395860e+07
4.011603427021180093e+07
4.011619349781431258e+07
4.011616379149671644e+07
4.011576333998331428e+07
4.011489561766321957e+07
4.011361604898419976e+07
4.011203630301719159e+07
4.011044422980564833e+07
4.010914101757345349e+07
4.010838575839313120e+07
4.010875708734379709e+07
4.010875130494132638e+07
4.011026083542712778e+07
4.011272219392992556e+07
4.011467872103800625e+07
4.011596971876794100e+07
4.011644721742469817e+07
4.011641132308734208e+07
4.011587896414204687e+07
4.011557653290020674e+07
4.011530164245252311e+07
4.011514265245825052e+07
4.011467813437116891e+07
4.011449344869692624e+07
4.011434759902646393e+07
4.011523101617314667e+07
4.011744993606684357e+07
4.011752654956356436e+07
4.011674282545822114e+07
4.011512684873701632e+07
4.011316044122056663e+07
4.011110199837531149e+07
4.010953268592528254e+07
4.010831916423895210e+07
4.010840419308312982e+07
4.010816293254360557e+07
4.010850378169249743e+07
4.011110039889552444e+07
4.011335060971286893e+07
4.011551281016936898e+07
4.011663693072185665e+07
4.011715787949872017e+07
4.011670826779436320e+07
4.011597778322092444e+07
4.011465183031201363e+07
4.011328157772952318e+07
4.011232443160720915e+07
4.011238103091230243e+07
4.011428678628183156e+07
4.011605928920403868e+07
4.011742577340181172e+07
4.011859047949095815e+07
4.011870396123303473e+07
4.011792551314105839e+07
4.011609950248559564e+07
4.011412517091523856e+07
4.011197932278890163e+07
4.011074447641939670e+07
4.010806341997745633e+07
4.010618243586074561e+07
4.010773612612377107e+07
4.010967082254216075e+07
4.011216163652416319e+07
4.011413580979403853e+07
4.011592394849491864e+07
4.011645659943225235e+07
4.011684838888613135e+07
4.011655323556036502e+07
4.011509798416583985e+07
4.011372129573830962e+07
4.011286069919124246e+07
4.011281113042649627e+07
4.011343163451270759e+07
4.011447475164193660e+07
4.011573219508601725e+07
4.011670529428096116e+07
4.011707560559552163e+07
4.011655352952058613e+07
4.011519413534452766e+07
4.011324345400141925e+07
4.011108279340125620e+07
4.010858570865233243e+07
4.010688151536950469e+07
4.010617658911553025e+07
4.010668002909921110e+07
4.010825245835332572e+07
4.011095657888119668e+07
4.011408887564356625e+07
4.011661599183375388e+07
4.011806669217356294e+07
4.011858493533663452e+07
4.011790742194705456e+07
4.011620947148796171e+07
4.011406351760233939e+07
4.011233529529321939e+07
4.011117825950975716e+07
4.011118468702006340e+07
4.011229503975476325e+07
4.011444321612593532e+07
4.011674332806604356e+07
4.011871057707882673e+07
4.011947463808975369e+07
4.011960103843007237e+07
4.011888956992645562e+07
4.011759355121076107e+07
4.011353063556277752e+07
4.011015989550448209e+07
4.010854580039872974e+07
4.010803434896476567e+07
4.010905873790474236e+07
4.011096577156475931e+07
4.011303262842737138e+07
4.011484789452476054e+07
4.011573915754612535e+07
4.011688015148811042e+07
4.011779328063273430e+07
4.011605006052144617e+07
4.011387482071535289e+07
4.011142067898433656e+07
4.011002170810949057e+07
4.010950063564939052e+07
4.011045521609301120e+07
4.011219645507308841e+07
4.011430230198591202e+07
4.011586465286087990e+07
4.011678855149848014e+07
4.011708543685264140e+07
4.011810310529389232e+07
4.011707800867775828e+07
4.011572186210338771e+07
4.011377383078671992e+07
4.011236575817342103e+07
4.011189829558268189e+07
4.011214841645085067e+07
4.011361815672048181e+07
4.011573841968251020e+07
4.011715969295204431e+07
4.011771067757061124e+07
4.011875145894761384e+07
4.011879821921170503e+07
4.011834995554176718e+07
4.011675908670166135e+07
4.011338023440533876e+07
4.011074279496240616e+07
4.010896730426729470e+07
4.010850412183774263e+07
4.010895234115075320e+07
4.010988801082318276e+07
4.011141228132272512e+07
4.011538788365407288e+07
4.011750775556721538e+07
4.011781886178196967e+07
4.011750664199380577e+07
4.011671159561114758e+07
4.011535906713163108e+07
4.011385682532525808e+07
4.011263011876589805e+07
4.011228291804657876e+07
4.011293469595291466e+07
4.011402030347847193e+07
4.011542356079577655e+07
4.011670734152828157e+07
4.011740275485943258e+07
4.011717295650517941e+07
4.011619847173892707e+07
4.011450111590033770e+07
4.011258271429248154e+07
4.011091542486891896e+07
4.010976653604170680e+07
4.010900558744951338e+07
4.010956890935705602e+07
4.011134636588561535e+07
4.011353785611473024e+07
4.011576577633337677e+07
4.011767788644320518e+07
4.011841261923845857e+07
4.011720098395095021e+07
4.011658800298634171e+07
4.011523213627504557e+07
4.011437948133308440e+07
4.011357133620983362e+07
4.011255865390715748e+07
4.011249353243982047e+07
4.011287319654737413e+07
4.011363132304721326e+07
4.011555442617360502e+07
4.011727622529917955e+07
4.011726018079388887e+07
4.011697530660377443e+07
4.011581135787235945e+07
4.011465756785500795e+07
4.011319641069692373e+07
4.011178226489908248e+07
4.011044666076710075e+07
4.010988433382283896e+07
4.011014362904325873e+07
4.011120751929889619e+07
4.011260465326654911e+07
4.011420942077597231e+07
4.011542460205934197e+07
4.011614331372237206e+07
4.011609244666580111e+07
4.011556752104122192e+07
4.011478705222377926e+07
4.011409072914294153e+07
4.011381299545846879e+07
4.011409513485413045e+07
4.011460422229914367e+07
4.011551194889378548e+07
4.011655235038976371e+07
4.011730735480765253e+07
4.011760639014840871e+07
4.011745938636343926e+07
4.011705919110447168e+07
4.011658703628994524e+07
4.011549281318890303e+07
4.011403527692741156e+07
4.011257185133510083e+07
4.011147457871867716e+07
4.011094302664177120e+07
4.011100154917840660e+07
4.011136752500358969e+07
4.011209967249419540e+07
4.011289305259747803e+07
4.011368171195699275e+07
4.011420627157716453e+07
4.011443316325249523e+07
4.011423272544576973e+07
4.011401638928319514e+07
4.011414323344647884e+07
4.011460899814458191e+07
4.011562100151433796e+07
4.011715033895488828e+07
4.011850882012664527e+07
4.011953811152593046e+07
4.012005151854491234e+07
4.012004841753744334e+07
4.011932213626354188e+07
4.011797276698158681e+07
4.011623487040532380e+07
4.011422491587673873e+07
4.011215855129113048e+07
4.011036808198977262e+07
4.010921842353206128e+07
4.010867950574541837e+07
4.010894863442907482e+07
4.010988929091908783e+07
4.011140156706855446e+07
4.011292266998016089e+07
4.011466874770756811e+07
4.011609375506863743e+07
4.011495419954735786e+07
4.011533842495725304e+07
4.011588203193422407e+07
4.011609942682928592e+07
4.011626726066917926e+07
4.011609402963145822e+07
4.011692918088362366e+07
4.011770877136299759e+07
4.011798581859891117e+07
4.011813062694172561e+07
4.011785389983181655e+07
4.011737290287334472e+07
4.011660375077695400e+07
4.011544122782742977e+07
4.011375238743592799e+07
4.011213506438537687e+07
4.011083091376536340e+07
4.011000484690906107e+07
4.010969228822298348e+07
4.010974852675733715e+07
4.011032911871368438e+07
4.011092321166748554e+07
4.011173739701672643e+07
4.011252241717165709e+07
4.011360440048998594e+07
