4.860750561394510418e+07
4.860860595881076902e+07
4.860872034867152572e+07
4.860883770047135651e+07
4.860881301112841070e+07
4.860901130115488172e+07
4.860915977421896160e+07
4.860919790462771803e+07
4.860909249301844835e+07
4.860879293046600372e+07
4.860832939394284040e+07
4.860757168542245030e+07
4.860655037320100516e+07
4.860551877326613665e+07
4.860424829781612754e+07
4.860306735860259831e+07
4.860192624428481609e+07
4.860099529141371697e+07
4.860037932678751647e+07
4.860031878685796261e+07
4.860085288077017665e+07
4.860184770501604676e+07
4.860314177079071850e+07
4.860475178717164695e+07
4.860640592133093625e+07
4.860779697541376203e+07
4.860854003840933740e+07
4.860896682761565596e+07
4.860924131934754550e+07
4.860922829290310293e+07
4.860915978869295120e+07
4.860897630759384483e+07
4.860878897453899682e+07
4.860870363943792880e+07
4.860874569568017870e+07
4.860850243962791562e+07
4.860802030056289583e+07
4.860730489250232279e+07
4.860630691446274519e+07
4.860502879819071293e+07
4.860355446163006127e+07
4.860205379962816089e+07
4.860076423139808327e+07
4.859996409729204327e+07
4.859998069614786655e+07
4.860071494379695505e+07
4.860216751556219906e+07
4.860420187995369732e+07
4.860619176001763344e+07
4.860784947165412456e+07
4.860922370379365236e+07
4.860994172357597947e+07
4.861013326628513634e+07
4.860986726997889578e+07
4.860913339785748720e+07
4.860821204518926144e+07
4.860767891361191124e+07
4.860781746378167719e+07
4.860838461427092552e+07
4.860910061153022945e+07
4.860942274628292024e+07
4.860913956830573827e+07
4.860829262752092630e+07
4.860698632212024182e+07
4.860519664571312070e+07
4.860317126094102114e+07
4.860117475972550362e+07
4.859955109816480428e+07
4.859863677146697789e+07
4.859852368452011049e+07
4.859928288868131489e+07
4.860079798256520927e+07
4.860280711863233149e+07
4.860489604959885776e+07
4.860670015783160180e+07
4.860786405231391639e+07
4.860838212506504357e+07
4.860820749213092774e+07
4.860758934791352600e+07
4.860695683890558034e+07
4.860662505662513524e+07
4.860675449112139642e+07
4.860713938515783846e+07
4.860763054383642226e+07
4.860814653051064909e+07
4.860846139042972773e+07
4.860841464387924969e+07
4.860767069348068535e+07
4.860627856823919713e+07
4.860434172993510216e+07
4.860219200289276242e+07
4.860042671947248280e+07
4.859937645488548279e+07
4.859894021313140541e+07
4.859946231262353063e+07
4.860104494158659875e+07
4.860318800543628633e+07
4.860554666647591442e+07
4.860740846184800565e+07
4.860870338026591390e+07
4.860926789355252683e+07
4.860908972126901895e+07
4.860851113614532351e+07
4.860781570693007112e+07
4.860698100623177737e+07
4.860666517904396355e+07
4.860707592631809413e+07
4.860806762747380137e+07
4.860905810614308715e+07
4.861004786608194560e+07
4.861066215745585412e+07
4.861056844808101654e+07
4.860950449947868288e+07
4.860759492050336301e+07
4.860520796314474195e+07
4.860278058063533157e+07
4.860076927844953537e+07
4.859940778209665418e+07
4.859897792299909145e+07
4.859987091166315228e+07
4.860209043931785971e+07
4.860473334481692314e+07
4.860708086115849763e+07
4.860895685383372009e+07
4.860996340232231468e+07
4.861009191321051866e+07
4.860943066846710443e+07
4.860850178883708268e+07
4.860735132329486310e+07
4.860622156198336184e+07
4.860582969702436775e+07
4.860650352601289749e+07
4.860779204594594240e+07
4.860913588971511275e+07
4.861051628827231377e+07
4.861125496277084202e+07
4.861104562602350861e+07
4.860980414153274149e+07
4.860783539194711298e+07
4.860533867239286751e+07
4.860298285575728118e+07
4.860108783153680712e+07
4.859998010820161551e+07
4.859996442165454477e+07
4.860143407785759121e+07
4.860365819930825382e+07
4.860600533610840887e+07
4.860799020519101620e+07
4.860922182213128358e+07
4.860940591030575335e+07
4.860855363961769640e+07
4.860702842327436805e+07
4.860533349322243780e+07
4.860397957850071043e+07
4.860333898439755291e+07
4.860355382306840271e+07
4.860473313890496641e+07
4.860674558379088342e+07
4.860902379342619330e+07
4.861086301048666239e+07
4.861177145584049076e+07
4.861171881319937110e+07
4.861074659981860220e+07
4.860863652398724854e+07
4.860594193691668659e+07
4.860335390823125094e+07
4.860145335947120190e+07
4.860064905741980672e+07
4.860124873640793562e+07
4.860303849584265798e+07
4.860549702793161571e+07
4.860789125504567474e+07
4.860961877614919841e+07
4.861031483671146631e+07
4.860984264185971022e+07
4.860854866629321128e+07
4.860672066224634647e+07
4.860488372328216583e+07
4.860344481931657344e+07
4.860266199369120598e+07
4.860289389928717166e+07
4.860427833083600551e+07
4.860684301445551962e+07
4.860922499073069543e+07
4.861070091497857869e+07
4.861125638148705661e+07
4.861078647121095657e+07
4.860937497574549168e+07
4.860746332356812805e+07
4.860534403208375722e+07
4.860335506317945570e+07
4.860215830692516267e+07
4.860264787403746694e+07
4.860309927917329967e+07
4.860528635585809499e+07
4.860782123258329928e+07
4.860985820706281066e+07
4.861093878991039097e+07
4.861099076649910212e+07
4.861009433955133706e+07
4.860826756276749820e+07
4.860595722561976314e+07
4.860382141325656325e+07
4.860212859699220210e+07
4.860132471480543911e+07
4.860174900607664883e+07
4.860351770085614920e+07
4.860605511152984202e+07
4.860864920592939854e+07
4.861068956681507081e+07
4.861156563151026517e+07
4.861093038044968247e+07
4.860949364139491320e+07
4.860765532821443677e+07
4.860571940770725161e+07
4.860413713126984984e+07
4.860360348245520145e+07
4.860404743425263464e+07
4.860549429520455003e+07
4.860757316646502912e+07
4.860970444360272586e+07
4.861116058887037635e+07
4.861170503812240809e+07
4.861107579866241664e+07
4.860952550648965687e+07
4.860705043866192549e+07
4.860441341668673605e+07
4.860190718458331376e+07
4.860017253881686181e+07
4.859953351641307771e+07
4.860043874763039500e+07
4.860221420655879378e+07
4.860462470724183321e+07
4.860705129487463087e+07
4.860897026209029555e+07
4.860963800665780157e+07
4.860952457292290032e+07
4.860853106343171746e+07
4.860737984257280827e+07
4.860587993105696887e+07
4.860563475490844995e+07
4.860521361464361101e+07
4.860615658576592058e+07
4.860763022432915866e+07
4.860974573462085426e+07
4.861170456717360765e+07
4.861296301571872085e+07
4.861309414186158031e+07
4.861198166552465409e+07
4.860968855816610903e+07
4.860694435884128511e+07
4.860430026333075017e+07
4.860200970131294429e+07
4.860067225846002251e+07
4.860053939810113609e+07
4.860144031740417331e+07
4.860315004600063711e+07
4.860523244564505666e+07
4.860731416586202383e+07
4.860879862867170572e+07
4.860936279002635181e+07
4.860899063817552477e+07
4.860810729658506066e+07
4.860717879802536964e+07
4.860657184100081772e+07
4.860647968470735103e+07
4.860693269517565519e+07
4.860804453247703612e+07
4.860964762564969808e+07
4.861141062514121830e+07
4.861265724476740509e+07
4.861274434974903613e+07
4.861165130348807573e+07
4.860973557735353708e+07
4.860740330598302186e+07
4.860510509109328687e+07
4.860321413470809162e+07
4.860178216893646866e+07
4.860091705323575437e+07
4.860083840830367804e+07
4.860167525890002400e+07
4.860300562907479703e+07
4.860485384217323363e+07
4.860665345161961019e+07
4.860788148369501531e+07
4.860839504437124729e+07
4.860847680248431861e+07
4.860857984400965273e+07
4.860892241520108283e+07
4.860931601173696667e+07
4.860959063982860744e+07
4.860990441862260550e+07
4.861031653091282398e+07
4.861061331966529042e+07
4.861074787844347209e+07
4.861063413661028445e+07
4.860993758861263841e+07
4.860871238432783633e+07
4.860714319912929833e+07
4.860551151246558130e+07
4.860393386542792618e+07
4.860282616540863365e+07
4.860197058375727385e+07
4.860136324001816660e+07
4.860113019486893713e+07
4.860132251259886473e+07
4.860174330387054384e+07
4.860241765469025820e+07
4.860331005624169111e+07
4.860406321848069876e+07
4.860463524273135513e+07
4.860511984738632292e+07
4.860558618564473838e+07
4.860610809111957997e+07
4.860668043752048910e+07
4.860728696811520308e+07
4.860784440170363337e+07
4.860845638851793855e+07
4.860898214990370721e+07
4.860922533564045280e+07
4.860904278402940929e+07
4.860850047604256123e+07
4.860772548577107489e+07
4.860681950213599950e+07
4.860599910928554833e+07
4.860507320511054993e+07
4.860378736927085370e+07
4.860264000797258317e+07
4.860170686881247908e+07
4.860135591357950121e+07
4.860142468034089357e+07
4.860205655451405793e+07
4.860293563332317770e+07
4.860393917355912179e+07
4.860469179032769054e+07
4.860562263707868010e+07
