2.577220154914979264e+07
2.577296206115048751e+07
2.577417360757862031e+07
2.577439088944513723e+07
2.577481156475684047e+07
2.577461154765488952e+07
2.577428170475251228e+07
2.577362482632272691e+07
2.577293471756552160e+07
2.577198991730229557e+07
2.577127738922010362e+07
2.577074547290610522e+07
2.577106297105019912e+07
2.577146120190637559e+07
2.577097480607725680e+07
2.577014790290012583e+07
2.576930081947682798e+07
2.576819472505212948e+07
2.576699689696889743e+07
2.576554521140320972e+07
2.576438413921644539e+07
2.576385755746784806e+07
2.576434288379748911e+07
2.576623418272244185e+07
2.576876980957296491e+07
2.577131775532002747e+07
2.577335155368888006e+07
2.577401181193264574e+07
2.577447877538426220e+07
2.577463586347816885e+07
2.577466164198645204e+07
2.577429788974549621e+07
2.577316682525690272e+07
2.577187202337362245e+07
2.577102552205510437e+07
2.577068239395717531e+07
2.577088300266804174e+07
2.577093771902197599e+07
2.577068284371095151e+07
2.576993716914895549e+07
2.576815172497534007e+07
2.576574391437284648e+07
2.576372518321158364e+07
2.576236030513790250e+07
2.576194271133679524e+07
2.576187637338022515e+07
2.576216026668158919e+07
2.576297842259518057e+07
2.576453539295720309e+07
2.576622112755313143e+07
2.576756672872245312e+07
2.576847757864181697e+07
2.576913017271747440e+07
2.576946804743919149e+07
2.576954815797324851e+07
2.576920257308602706e+07
2.576913099363882840e+07
2.577001757731207833e+07
2.577171958779918775e+07
2.577270590875068307e+07
2.577313763610581309e+07
2.577299074376628920e+07
2.577211009879288822e+07
2.577067652527866513e+07
2.576947612814335898e+07
2.576781426015599445e+07
2.576550882870692387e+07
2.576314761480474100e+07
2.576123743754014000e+07
2.576000950075871125e+07
2.576021449601432681e+07
2.576145886258842051e+07
2.576376245322648808e+07
2.576630198970956728e+07
2.576890288941129670e+07
2.577121226423734426e+07
2.577317548438780010e+07
2.577400908136585355e+07
2.577439490132112056e+07
2.577403317728735134e+07
2.577320269875264913e+07
2.577291292827448621e+07
2.577315520566829666e+07
2.577395013917025179e+07
2.577511860100482032e+07
2.577594816194083169e+07
2.577615165931976959e+07
2.577578998054987192e+07
2.577418046898390725e+07
2.577160960132331029e+07
2.576903369210501015e+07
2.576735508090328425e+07
2.576588797505272925e+07
2.576509486679020151e+07
2.576535533302361146e+07
2.576582522095200792e+07
2.576703509552827105e+07
2.576881834343447909e+07
2.577100925730435923e+07
2.577187281454170868e+07
2.577150694693064317e+07
2.577051287946672738e+07
2.576897234365420043e+07
2.576742588159820065e+07
2.576544386353167519e+07
2.576400150175165385e+07
2.576372779463665560e+07
2.576412774876242131e+07
2.576569561793489754e+07
2.576774157443104312e+07
2.576965670601890236e+07
2.577103675022279844e+07
2.577117627373928577e+07
2.576990447326711565e+07
2.576783326620017365e+07
2.576509975165548921e+07
2.576191443725835159e+07
2.575922975885860622e+07
2.575764300328752771e+07
2.575750985398666561e+07
2.575832435415964946e+07
2.576064505472527817e+07
2.576339072702725604e+07
2.576597525750790909e+07
2.576801089806466177e+07
2.576961633087817580e+07
2.577039887977259234e+07
2.577023201931913197e+07
2.576914243784181774e+07
2.576703192870458215e+07
2.576533048672819510e+07
2.576463358186283708e+07
2.576552112565747276e+07
2.576716813276973367e+07
2.576893181490290537e+07
2.577042540303030983e+07
2.577107767331570014e+07
2.577069370540887862e+07
2.576917971700630337e+07
2.576782549108605459e+07
2.576599436983943731e+07
2.576350030884414911e+07
2.576159323791430146e+07
2.576081836324464530e+07
2.576127148543490097e+07
2.576283807467079163e+07
2.576535175803599134e+07
2.576770295639263839e+07
2.576959959351514280e+07
2.577146936463548616e+07
2.577279891361968964e+07
2.577255291278382391e+07
2.577093434358032048e+07
2.576860571827415377e+07
2.576644022028103471e+07
2.576474239624758437e+07
2.576380859854180366e+07
2.576322028234502301e+07
2.576381853936811909e+07
2.576503641667444631e+07
2.576662010719156638e+07
2.576804914933512732e+07
2.576940035569423065e+07
2.576982678294834122e+07
2.576880198219890147e+07
2.576700340741990879e+07
2.576484459927583486e+07
2.576336707379732653e+07
2.576278131025928631e+07
2.576328378194103017e+07
2.576434751889152080e+07
2.576601649431242794e+07
2.576743529550112039e+07
2.576838707013300061e+07
2.576867565488548577e+07
2.576847152321428806e+07
2.576803419320205227e+07
2.576732666085587814e+07
2.576554812235940620e+07
2.576399208686662465e+07
2.576330644733969122e+07
2.576401641809365153e+07
2.576506899160923436e+07
2.576643322324990481e+07
2.576750479860896617e+07
2.576815174125012010e+07
2.576787906931945682e+07
2.576690725878130272e+07
2.576514467371677607e+07
2.576341082843201607e+07
2.576097561633219570e+07
2.575934940089008957e+07
2.576068850283230841e+07
2.575831609279210865e+07
2.576030116404812410e+07
2.576243522418472171e+07
2.576482786940198019e+07
2.576676940110533312e+07
2.576851964422819018e+07
2.576953130912432447e+07
2.576916481285246462e+07
2.576670072814362869e+07
2.576388851845375821e+07
2.576107496025070921e+07
2.575910300247221068e+07
2.575842335371433571e+07
2.575918096961601079e+07
2.576139762728658319e+07
2.576407184899982437e+07
2.576596339159116149e+07
2.576727650121610239e+07
2.576837247540102154e+07
2.576840204029202461e+07
2.576689405172047019e+07
2.576499104297867417e+07
2.576316677850717306e+07
2.576165738975629583e+07
2.576153738829524815e+07
2.576269179245942831e+07
2.576396348646796122e+07
2.576599710172293708e+07
2.576829121146293730e+07
2.577070881381429359e+07
2.577221621214900166e+07
2.577188365224808827e+07
2.576984489192122221e+07
2.576696189961294457e+07
2.576437989127150178e+07
2.576274196501402184e+07
2.576173256583050266e+07
2.576189558018096536e+07
2.576320862333622575e+07
2.576566630694124475e+07
2.576875640244316682e+07
2.577196468601325154e+07
2.577422870434270427e+07
2.577486714924294502e+07
2.577490226318600774e+07
2.577414115174159780e+07
2.577262708194600046e+07
2.577031135079320520e+07
2.577072827882440761e+07
2.577021278244201094e+07
2.577054555276996642e+07
2.577156093556479365e+07
2.577365038972026855e+07
2.577593864454944804e+07
2.577657543365085125e+07
2.577624286788037047e+07
2.577456468246239424e+07
2.577172482068903372e+07
2.576862101109204814e+07
2.576532744778525829e+07
2.576242197807831690e+07
2.576063621725612134e+07
2.575997647636753693e+07
2.576004573007764295e+07
2.576079663917198032e+07
2.576234091271156073e+07
2.576417995625277609e+07
2.576462252946986631e+07
2.576398703814245388e+07
2.576289465146151558e+07
2.576167392043910176e+07
2.576061337649714202e+07
2.576023485018432885e+07
2.576027657221057266e+07
2.576085986407834664e+07
2.576190494711855799e+07
2.576340158798074722e+07
2.576544402760886028e+07
2.576717568561077490e+07
2.576846097454253957e+07
2.576849646242030337e+07
2.576713128781938180e+07
2.576514338707521185e+07
2.576293692542243376e+07
2.576125445884426311e+07
2.576050302682597190e+07
2.576007780964240059e+07
2.575992771800878271e+07
2.576027584197304398e+07
2.576079328290835768e+07
2.576159989528547600e+07
2.576301631042858213e+07
2.576442539409675077e+07
2.576499539031739160e+07
2.576471842645531893e+07
2.576465383868286759e+07
2.576543452570228651e+07
2.576705241937144846e+07
2.576812432209759578e+07
2.576836631859701872e+07
2.576847509341562167e+07
2.576870187519707158e+07
2.576874309572648257e+07
2.576889130694475397e+07
2.576848107404055074e+07
2.576759337661414593e+07
2.576614059229937196e+07
2.576428707688559964e+07
2.576316573823885992e+07
2.576287111656982824e+07
2.576328033408414572e+07
2.576361270458932593e+07
2.576362150740708783e+07
2.576370494054546207e+07
2.576386418650262803e+07
2.576401101038319990e+07
2.576394989187205955e+07
2.576407086645501107e+07
2.576440511485479400e+07
2.576449417373859882e+07
2.576419513411803171e+07
2.576392986706554517e+07
2.576423789717450738e+07
2.576575266804045066e+07
2.576709899805583432e+07
2.576817857821578905e+07
2.576909894901257753e+07
2.576953223805183917e+07
2.576955845353863761e+07
2.576962056296720728e+07
2.576967482303273678e+07
2.576949545397313684e+07
2.576909708919637650e+07
2.576901227507108077e+07
2.576888038445656747e+07
2.576806979994476959e+07
2.576716456527549773e+07
2.576609249261726066e+07
2.576520527148807049e+07
2.576506520549392700e+07
2.576533489178567007e+07
2.576637061874758825e+07
2.576782623928471655e+07
