1.084227944975914899e+06
1.086687000977783697e+06
1.086438499179841951e+06
1.086982276036629220e+06
1.086915233988133259e+06
1.087358990922056837e+06
1.087481974124639528e+06
1.087780182544244220e+06
1.087585434900763677e+06
1.087558676460806746e+06
1.087175005582249491e+06
1.086486693349887617e+06
1.085286350035306299e+06
1.084251153152053710e+06
1.082862305383100873e+06
1.081464164288336877e+06
1.080228809526307974e+06
1.079210768789324677e+06
1.078427042399225524e+06
1.078378621742105577e+06
1.078815770313038025e+06
1.079790971108434722e+06
1.080926580504338257e+06
1.082394317814344307e+06
1.083850503692291910e+06
1.085014964529774385e+06
1.085713114413220203e+06
1.086118000149661908e+06
1.086256346392901149e+06
1.086086259082051693e+06
1.085933531728857430e+06
1.086043636845211266e+06
1.086025246857264079e+06
1.086075794221532298e+06
1.086392376621336909e+06
1.086364294332241872e+06
1.085799515678348718e+06
1.085231240459422348e+06
1.084226971306524705e+06
1.082594694339266280e+06
1.080899304352825042e+06
1.079176142096914351e+06
1.077679677550474415e+06
1.076840658028632868e+06
1.076716378997382009e+06
1.077302316205292009e+06
1.078557017988777254e+06
1.080316551359593635e+06
1.082144566411263542e+06
1.083848924479200738e+06
1.085116292181947967e+06
1.085659146763462108e+06
1.085748515953369439e+06
1.085468707786218263e+06
1.084836252532603452e+06
1.084388509158947272e+06
1.084225371890193550e+06
1.084343045865709195e+06
1.084978663022471592e+06
1.085564172810506308e+06
1.085751698529953137e+06
1.085756199813083047e+06
1.085260163392944727e+06
1.084013293573992327e+06
1.082242407727619400e+06
1.080095122886104276e+06
1.077892253180205123e+06
1.076185976911913836e+06
1.075414186909231590e+06
1.075429543994722888e+06
1.076423752165817888e+06
1.078334599713889882e+06
1.080696879607750103e+06
1.082980424234330887e+06
1.084922908596577821e+06
1.085945927195957163e+06
1.086405905301404884e+06
1.086268134212245001e+06
1.085368366665890208e+06
1.084608563102857908e+06
1.084133625933350762e+06
1.083891598970180377e+06
1.084455059738117037e+06
1.085527245399764739e+06
1.086353912566254381e+06
1.087127473233247641e+06
1.087387094337581890e+06
1.086557255700913025e+06
1.084999862197241513e+06
1.082574183614952490e+06
1.079775173530623550e+06
1.077231860229929211e+06
1.075357482319525909e+06
1.074471179636746645e+06
1.074857209859892493e+06
1.076223722479505930e+06
1.078325286649265094e+06
1.080963043390047504e+06
1.082996276438656729e+06
1.084381743635436753e+06
1.085214404603684088e+06
1.084690681775185512e+06
1.083457549282878637e+06
1.082206071617444046e+06
1.080679049129686318e+06
1.079778419536905130e+06
1.080141488179317908e+06
1.080974080849091988e+06
1.082218092736809282e+06
1.083732577387843048e+06
1.084809512497576652e+06
1.084887941684711492e+06
1.083962142919728067e+06
1.081830337522561895e+06
1.078998618633575272e+06
1.076005449554783059e+06
1.073314643450688338e+06
1.071734734279741999e+06
1.071298574855627958e+06
1.071973898439799901e+06
1.074123441564393928e+06
1.076797118438180070e+06
1.079228812168624252e+06
1.081469146193198860e+06
1.082733814573026029e+06
1.082561148033031495e+06
1.081619090178541141e+06
1.079992826241144445e+06
1.078079058108969824e+06
1.076711615772771183e+06
1.076341342070279876e+06
1.076973634957732400e+06
1.078619040894936305e+06
1.080476891025070334e+06
1.082602593393340707e+06
1.084102282107702456e+06
1.084128423436518759e+06
1.082916315651264274e+06
1.080769398200023919e+06
1.077671903553849552e+06
1.074730938693506876e+06
1.072469535602730699e+06
1.071259482275845716e+06
1.071391715818430763e+06
1.073013981490103528e+06
1.075532550757226069e+06
1.078337574971527560e+06
1.080798489705282031e+06
1.082593393550067907e+06
1.083104670608286746e+06
1.082330931978282286e+06
1.080687558780670399e+06
1.078664858281990513e+06
1.076555517651477130e+06
1.075487977781913476e+06
1.075641019080505939e+06
1.076579217808165122e+06
1.078574515960501274e+06
1.081385061578055145e+06
1.083464507691028062e+06
1.084636084286830621e+06
1.084624904408230213e+06
1.083085144791416358e+06
1.080615141396216815e+06
1.077847465380135691e+06
1.075034008746058214e+06
1.073275822423261125e+06
1.072617918458755827e+06
1.073388926499395166e+06
1.075458800545253558e+06
1.077895901502401801e+06
1.080424892192263622e+06
1.082791632012920221e+06
1.083709532466496807e+06
1.083290733197785681e+06
1.081960279342216440e+06
1.079704379127776716e+06
1.077038958104835590e+06
1.075288116938775871e+06
1.074364407981059514e+06
1.074611461361725582e+06
1.076178429216285469e+06
1.078806340846462641e+06
1.081400399789868621e+06
1.083584964604177047e+06
1.084583931990332901e+06
1.084336760711278766e+06
1.082850730024900753e+06
1.080545801486105425e+06
1.077915779191075591e+06
1.075984208203836344e+06
1.074622648321416695e+06
1.075219540750480257e+06
1.076171173694329802e+06
1.078288031168895075e+06
1.080676678865328897e+06
1.083142328629147960e+06
1.084269357231891947e+06
1.084327259954471607e+06
1.083376560208143434e+06
1.081046861294906354e+06
1.078424454986168072e+06
1.075999709123570705e+06
1.074099544242532691e+06
1.073539008413350442e+06
1.074226742765392875e+06
1.076212696865838487e+06
1.078999260754077462e+06
1.081548987643859815e+06
1.083399133510472719e+06
1.084393401961959898e+06
1.083735328941467917e+06
1.082443978298787260e+06
1.080781690339577151e+06
1.078799750825647963e+06
1.077443921469101449e+06
1.077279005715110106e+06
1.077817078403034713e+06
1.079620493000634713e+06
1.081739917070396245e+06
1.083848533194776624e+06
1.085465668021365069e+06
1.086057655734150438e+06
1.085239855159445666e+06
1.083693863168795826e+06
1.080975684166967636e+06
1.078150449742790079e+06
1.075870768777054735e+06
1.074376714494891465e+06
1.073685232165209716e+06
1.075021370372808073e+06
1.076914514225254767e+06
1.079155757827788359e+06
1.081249662211716641e+06
1.082904012109420262e+06
1.083010138641293859e+06
1.082867173922883114e+06
1.081352686705718283e+06
1.080142884464056697e+06
1.078268251581913559e+06
1.075141392357042758e+06
1.078614935822227970e+06
1.078959719424146228e+06
1.080735617325801635e+06
1.082307332947331946e+06
1.084222224193975562e+06
1.084435278969510924e+06
1.084512078217448201e+06
1.083050880328506930e+06
1.080384932923777029e+06
1.077761404107808834e+06
1.075509799181938870e+06
1.073000106127121951e+06
1.071997383641751483e+06
1.071910268017091323e+06
1.072922906575971982e+06
1.074652613757115323e+06
1.076527423934698338e+06
1.078256014175167540e+06
1.079531445904660504e+06
1.079594893454873236e+06
1.079224830608991208e+06
1.078369567890933948e+06
1.077233514297804097e+06
1.076770737525941338e+06
1.077014094446980860e+06
1.077328490500870394e+06
1.078570260064914590e+06
1.080136257308451924e+06
1.081409375570529373e+06
1.082417014674183214e+06
1.082620503598525422e+06
1.081553133110890398e+06
1.079809172374063404e+06
1.077508722726036329e+06
1.074881132124783238e+06
1.072398894427464809e+06
1.070480815512876492e+06
1.069375203749060398e+06
1.069407108893946279e+06
1.070127210708559491e+06
1.071123287213134579e+06
1.072486581983791664e+06
1.073769314143318217e+06
1.074634385476548690e+06
1.075094328285892960e+06
1.075032579959302908e+06
1.074825802950402955e+06
1.074819183809480863e+06
1.075100473784179892e+06
1.075449667877882253e+06
1.076250590702350251e+06
1.077448224048756063e+06
1.078492881010133773e+06
1.079343054578928044e+06
1.079831446739795385e+06
1.079477715686489362e+06
1.078472057154650101e+06
1.076949215201557614e+06
1.075176429565719794e+06
1.073357940149453003e+06
1.071378997491365764e+06
1.070140008349600714e+06
1.069470925681123743e+06
1.069165538984979736e+06
1.069655561157564865e+06
1.070526366053099278e+06
1.071399631830750499e+06
1.072727036364380969e+06
1.073718744968909305e+06
1.074222135975024197e+06
1.074721834953601239e+06
1.075223653255305719e+06
1.075571082007821184e+06
1.076136612319880398e+06
1.076540536049227696e+06
1.077174899475832935e+06
1.077949796067769406e+06
1.078627859778646845e+06
1.078898402689670678e+06
1.078893796696196543e+06
1.078222784500078764e+06
1.077400293621200370e+06
1.076119805843036156e+06
1.074578819046089659e+06
1.072803830536650261e+06
1.071299133037152234e+06
1.069680076787633123e+06
1.068680664334606146e+06
1.067889536548114615e+06
1.067865509604243096e+06
1.068004517872790340e+06
1.068958822459394578e+06
1.069579094487290597e+06
1.071071261742984876e+06
1.071200780220789602e+06
