1.005896984821432270e+07
1.005993941087081470e+07
1.006029588751774840e+07
1.006067194034214877e+07
1.006082380691765994e+07
1.006133839940594323e+07
1.006164363038249128e+07
1.006184571462538280e+07
1.006186866620399058e+07
1.006170737493628636e+07
1.006122522080816887e+07
1.006046847846500389e+07
1.005915218931148760e+07
1.005801942203465663e+07
1.005684639338803478e+07
1.005548809082331881e+07
1.005449975656638108e+07
1.005370777199150808e+07
1.005325909274574742e+07
1.005347520001884736e+07
1.005430560233346745e+07
1.005530587573117577e+07
1.005652782468915917e+07
1.005792894900726341e+07
1.005927489287701435e+07
1.006028784246704355e+07
1.006086594498678483e+07
1.006126309663482755e+07
1.006137757484708913e+07
1.006124830034679919e+07
1.006126173794975132e+07
1.006133566586619243e+07
1.006140077952917293e+07
1.006157491989635490e+07
1.006171014526683651e+07
1.006144302144466713e+07
1.006074270095600747e+07
1.005990240678562783e+07
1.005876593458125554e+07
1.005720321896093152e+07
1.005550746000281163e+07
1.005405717481129803e+07
1.005299865781292319e+07
1.005242571657980047e+07
1.005280200594120473e+07
1.005367098050071485e+07
1.005499644014753215e+07
1.005686580679508112e+07
1.005861076428915001e+07
1.005993842408985645e+07
1.006107510961192660e+07
1.006149576458904333e+07
1.006140165848996490e+07
1.006123569576437958e+07
1.006074093489899114e+07
1.006040421072283946e+07
1.006048388195491210e+07
1.006064222415187955e+07
1.006121690276748687e+07
1.006181038002401590e+07
1.006167044604355283e+07
1.006127380524660647e+07
1.006059295268287510e+07
1.005902795725733601e+07
1.005714775511691161e+07
1.005503663991202414e+07
1.005304899940216355e+07
1.005178664571115188e+07
1.005141591752741486e+07
1.005170799253396317e+07
1.005300460652508214e+07
1.005498004683137126e+07
1.005727675868508406e+07
1.005930449906845577e+07
1.006060550228792801e+07
1.006150223010643572e+07
1.006162213188121840e+07
1.006114870302180015e+07
1.006041204869989865e+07
1.005966210741144419e+07
1.005932272942790389e+07
1.005939209511961602e+07
1.006006195274315402e+07
1.006102009084218368e+07
1.006184956569398008e+07
1.006215833799464069e+07
1.006200780322681926e+07
1.006102818258522451e+07
1.005919469471372850e+07
1.005677792436453886e+07
1.005429771528045461e+07
1.005211159758087248e+07
1.005089898453640006e+07
1.005075764777578600e+07
1.005142463039542362e+07
1.005320981699739210e+07
1.005564194432321563e+07
1.005803291747309454e+07
1.005988159789453447e+07
1.006106740386299975e+07
1.006155851988130622e+07
1.006109856909975596e+07
1.006008021915001981e+07
1.005887324226123653e+07
1.005801785120771825e+07
1.005783452706554718e+07
1.005846244769674726e+07
1.005964128858638741e+07
1.006100833127805963e+07
1.006232172961902805e+07
1.006311166882836632e+07
1.006286096463585272e+07
1.006151202257591672e+07
1.005932470636852086e+07
1.005651255485378020e+07
1.005369788055430353e+07
1.005174289070340432e+07
1.005078994642120413e+07
1.005086865557171032e+07
1.005215503573410772e+07
1.005450835930744372e+07
1.005709044804396667e+07
1.005947121456899121e+07
1.006115346052588709e+07
1.006195064023135602e+07
1.006154064098775573e+07
1.006046971775518730e+07
1.005886463204606250e+07
1.005737774287378415e+07
1.005650187038816325e+07
1.005668330725763179e+07
1.005768178962006234e+07
1.005928910254328512e+07
1.006118883841958456e+07
1.006291632457184792e+07
1.006373027803047933e+07
1.006314715445746109e+07
1.006149853108225204e+07
1.005894623950183205e+07
1.005588079915373586e+07
1.005321825159743987e+07
1.005162002516899817e+07
1.005095447910386324e+07
1.005159248156377673e+07
1.005358357353366911e+07
1.005620930015361123e+07
1.005880857391933538e+07
1.006087793196387216e+07
1.006204474848790467e+07
1.006195071775734425e+07
1.006098170349696092e+07
1.005918561848714389e+07
1.005707752195727080e+07
1.005547309774707444e+07
1.005506049577102624e+07
1.005554491922764108e+07
1.005678568949609250e+07
1.005894610613623820e+07
1.006150700076560490e+07
1.006327693901716359e+07
1.006374614003922418e+07
1.006309460543349572e+07
1.006120638455119543e+07
1.005859404821679555e+07
1.005577654265809990e+07
1.005350368360838108e+07
1.005239466349737160e+07
1.005227678791902401e+07
1.005361360533485562e+07
1.005586316752996854e+07
1.005826171285113133e+07
1.006073762970712408e+07
1.006244178852484748e+07
1.006261381658598408e+07
1.006186588888572715e+07
1.006017010511171632e+07
1.005771737792396359e+07
1.005550224855163880e+07
1.005414745334077999e+07
1.005381977404023707e+07
1.005459929962729290e+07
1.005635251453642361e+07
1.005899232060239837e+07
1.006152839111041278e+07
1.006310506244795956e+07
1.006347025613760762e+07
1.006268959699945152e+07
1.006083907512569986e+07
1.005844250953337923e+07
1.005612573552165553e+07
1.005430771989873983e+07
1.005385254289618321e+07
1.005503242748675309e+07
1.005608936061539128e+07
1.005846253785846382e+07
1.006085391048660316e+07
1.006270020961061865e+07
1.006328563306237571e+07
1.006275726726237871e+07
1.006115384225942008e+07
1.005894919976080395e+07
1.005616226780327596e+07
1.005396614410683140e+07
1.005296603044690751e+07
1.005286009889688715e+07
1.005386148824475519e+07
1.005626114912595600e+07
1.005884436440691911e+07
1.006125303620240279e+07
1.006270142731885053e+07
1.006267656205038354e+07
1.006161935323165171e+07
1.006010406698426791e+07
1.005825941219654493e+07
1.005635990762419999e+07
1.005539530592786707e+07
1.005567119885317981e+07
1.005682329933986813e+07
1.005854701161729917e+07
1.006057887744975463e+07
1.006270808478955552e+07
1.006370956695410423e+07
1.006364171835459955e+07
1.006241754988468252e+07
1.006033451874880865e+07
1.005758432518400811e+07
1.005504817562265135e+07
1.005298241299463250e+07
1.005207936363122240e+07
1.005237432102334872e+07
1.005376822086906806e+07
1.005601201996372826e+07
1.005837572634650767e+07
1.006034993867481127e+07
1.006151222825651430e+07
1.006142003886699863e+07
1.006075636343273148e+07
1.005961690117957629e+07
1.005817130272388458e+07
1.005687739452223666e+07
1.005805896392302774e+07
1.005752689497924224e+07
1.005911507011361979e+07
1.006066985906813480e+07
1.006265716304866411e+07
1.006401665276782773e+07
1.006454016680425964e+07
1.006357349572429061e+07
1.006194511106729694e+07
1.005933715280527808e+07
1.005681651774408296e+07
1.005450079709114693e+07
1.005279601021278463e+07
1.005215477985327132e+07
1.005280326571804471e+07
1.005404134715359844e+07
1.005591502279853635e+07
1.005796706410968304e+07
1.005956825958262943e+07
1.006037828266645037e+07
1.006030924101107754e+07
1.005986364537950233e+07
1.005908465790612064e+07
1.005812303623311222e+07
1.005801182377613895e+07
1.005866741650700569e+07
1.005950255126853846e+07
1.006086473412014544e+07
1.006236193565178476e+07
1.006362785242490470e+07
1.006458805813294835e+07
1.006428876313464530e+07
1.006288632204862125e+07
1.006110143656477332e+07
1.005884823990775272e+07
1.005644795565423556e+07
1.005433808482597955e+07
1.005287219164584205e+07
1.005257863085466810e+07
1.005319622335579060e+07
1.005416597784832492e+07
1.005561864812057838e+07
1.005724381137252040e+07
1.005843651901624911e+07
1.005917225265771709e+07
1.005938618208289146e+07
1.005912503114597872e+07
1.005902873396980762e+07
1.005895303788710572e+07
1.005927767793522589e+07
1.006001554551922716e+07
1.006089092284143530e+07
1.006204008732112683e+07
1.006313655261142738e+07
1.006392374330883287e+07
1.006409429184587672e+07
1.006346768310865760e+07
1.006197314870980568e+07
1.006028524586479366e+07
1.005846799785726145e+07
1.005638545004477166e+07
1.005461829089833237e+07
1.005367336082541570e+07
1.005325054748374037e+07
1.005333371946764924e+07
1.005404231675040163e+07
1.005499244885117933e+07
1.005617229206385091e+07
1.005731398663498089e+07
1.005813525859257206e+07
1.005840756238279119e+07
1.005883134808499552e+07
1.005930263505028747e+07
1.005969436282314360e+07
1.006011482191555575e+07
1.006075671512874588e+07
1.006142682822947204e+07
1.006221724323004298e+07
1.006293047066855617e+07
1.006318092271832936e+07
1.006301383974933997e+07
1.006239912066744827e+07
1.006139058930780925e+07
1.006009134788342193e+07
1.005848493990308046e+07
1.005689704095671140e+07
1.005544102301274240e+07
1.005439470707895979e+07
1.005356713380712830e+07
1.005345202059221081e+07
1.005358545597885363e+07
1.005430532902374491e+07
1.005528312749350257e+07
1.005648860622765310e+07
1.005722067841607705e+07
1.005845055894075148e+07
