2.822254636106663942e+07
2.822396262058731169e+07
2.822401312789615989e+07
2.822380654979864880e+07
2.822334394115741551e+07
2.822342671590559185e+07
2.822339283222920075e+07
2.822345246640598029e+07
2.822325539968698844e+07
2.822299007187765092e+07
2.822253372401152924e+07
2.822183703262809664e+07
2.822081771408693492e+07
2.821987930253824219e+07
2.821875184744440019e+07
2.821773312778621167e+07
2.821671648865462095e+07
2.821604471605927870e+07
2.821560186425952986e+07
2.821569020228388533e+07
2.821624041077015921e+07
2.821716383848951757e+07
2.821835000073438138e+07
2.821981921994859725e+07
2.822128074083998054e+07
2.822265406276717037e+07
2.822350985362257063e+07
2.822408937155040726e+07
2.822440841398377344e+07
2.822439188492704183e+07
2.822431565938976780e+07
2.822431552191752568e+07
2.822429619589298218e+07
2.822430265585133061e+07
2.822424964892315120e+07
2.822390960491258278e+07
2.822330517189748958e+07
2.822256487118365616e+07
2.822157734303459898e+07
2.822025737261806056e+07
2.821880708859472722e+07
2.821749208831965178e+07
2.821647784737978131e+07
2.821595055308453739e+07
2.821612878828351572e+07
2.821701260834652185e+07
2.821856628595843911e+07
2.822051158142901212e+07
2.822238453454776481e+07
2.822407519883316010e+07
2.822515810999174044e+07
2.822572616226392984e+07
2.822579826466808096e+07
2.822551532806864008e+07
2.822495222441087291e+07
2.822436375835262239e+07
2.822406304253419861e+07
2.822411738247798756e+07
2.822447499488493428e+07
2.822494144536352903e+07
2.822496970195950940e+07
2.822461891268652678e+07
2.822389977125136182e+07
2.822264330731768161e+07
2.822089287316311896e+07
2.821926718288340792e+07
2.821761213713099062e+07
2.821608382092768326e+07
2.821534546759451926e+07
2.821543706988377497e+07
2.821641767162642255e+07
2.821810328694626316e+07
2.822025404267692938e+07
2.822241059478427842e+07
2.822414989359791949e+07
2.822521448057605699e+07
2.822571670072567835e+07
2.822556602872578055e+07
2.822502639254123718e+07
2.822437726124548167e+07
2.822390348317194358e+07
2.822387151806519181e+07
2.822432521328844130e+07
2.822509080204883218e+07
2.822576874908661097e+07
2.822620161870515719e+07
2.822625970402817428e+07
2.822557128665312007e+07
2.822415743640631065e+07
2.822208054863001034e+07
2.821968584150973707e+07
2.821751564707776159e+07
2.821615828932677209e+07
2.821588542548266426e+07
2.821652359753109515e+07
2.821772305323636904e+07
2.821956718743199110e+07
2.822168502622723579e+07
2.822352081514182314e+07
2.822492557352820039e+07
2.822554224686562270e+07
2.822534128706444800e+07
2.822449556943171844e+07
2.822338558570452034e+07
2.822245484743806347e+07
2.822201449279529601e+07
2.822217998568860441e+07
2.822292286457260326e+07
2.822395950787714869e+07
2.822511319790967926e+07
2.822594791858531907e+07
2.822595584866753221e+07
2.822505577138880640e+07
2.822328516992292926e+07
2.822106660925430432e+07
2.821868562679947168e+07
2.821676357444126904e+07
2.821571660000998527e+07
2.821569114892911911e+07
2.821678042879378796e+07
2.821878391525096819e+07
2.822129224111885577e+07
2.822366608119220659e+07
2.822562547673796862e+07
2.822671420167702064e+07
2.822667824498852715e+07
2.822577198016949371e+07
2.822430966949579120e+07
2.822267978984145075e+07
2.822156777809784561e+07
2.822136434859659150e+07
2.822203053945021704e+07
2.822326990963914618e+07
2.822495159968916699e+07
2.822675092414796352e+07
2.822776749460686743e+07
2.822769100664605573e+07
2.822647439609368145e+07
2.822446859925462306e+07
2.822182461668230221e+07
2.821936616908270866e+07
2.821741494511732087e+07
2.821636160782649368e+07
2.821653258229855448e+07
2.821802943710856885e+07
2.822026270237115026e+07
2.822254450793224946e+07
2.822468824286016822e+07
2.822594110357349738e+07
2.822588932157924026e+07
2.822496738949642330e+07
2.822333857846594229e+07
2.822123062779389322e+07
2.821932026592152938e+07
2.821845161973254383e+07
2.821876298157284409e+07
2.821985492395434901e+07
2.822174957291096076e+07
2.822400099453990534e+07
2.822577243781820685e+07
2.822672355995249748e+07
2.822654414479326084e+07
2.822529263091134280e+07
2.822313717707780004e+07
2.822061021331233159e+07
2.821827332623888925e+07
2.821667619912398234e+07
2.821620391990025714e+07
2.821701714545956627e+07
2.821870924205249175e+07
2.822087570278168097e+07
2.822315107359298319e+07
2.822496766950298101e+07
2.822579665217300877e+07
2.822546749322691560e+07
2.822409491400996223e+07
2.822204649933566526e+07
2.821988856423172355e+07
2.821830623186184093e+07
2.821758319594236091e+07
2.821790459677686542e+07
2.821933792822495848e+07
2.822165885083142295e+07
2.822408930212168023e+07
2.822606948852970451e+07
2.822708601035726443e+07
2.822696336537579075e+07
2.822561561688065529e+07
2.822360542429673672e+07
2.822140031693511084e+07
2.821964399039879441e+07
2.821863440122183785e+07
2.821905107104332373e+07
2.822004505436258763e+07
2.822198605433780327e+07
2.822419575446321070e+07
2.822614553682772070e+07
2.822729484562853351e+07
2.822743210826565698e+07
2.822655400073633343e+07
2.822463005480118841e+07
2.822226088654356822e+07
2.822019635085437819e+07
2.821865088877936825e+07
2.821813221078736335e+07
2.821881266895231977e+07
2.822068304420928657e+07
2.822297903937618434e+07
2.822520657552452013e+07
2.822677876547354832e+07
2.822736489464433119e+07
2.822675017008862272e+07
2.822547717644350976e+07
2.822367574867620319e+07
2.822185764932490513e+07
2.822053829305258393e+07
2.822027593759731203e+07
2.822097239676692337e+07
2.822254619480820745e+07
2.822450177777240053e+07
2.822650058294564486e+07
2.822795228056845069e+07
2.822851703982489556e+07
2.822786680959824845e+07
2.822624135484553128e+07
2.822399547119372711e+07
2.822155989109892398e+07
2.821975282472944632e+07
2.821811932783821225e+07
2.821715900079561025e+07
2.821770941429580003e+07
2.821919220936374739e+07
2.822132887470573559e+07
2.822332100609647855e+07
2.822469513505119458e+07
2.822470970421633124e+07
2.822442237303940952e+07
2.822333361045043170e+07
2.822214974045209587e+07
2.822065187278269604e+07
2.822115357318063453e+07
2.821983810247484967e+07
2.822137358572485298e+07
2.822305707297152653e+07
2.822507976397091523e+07
2.822603313320732489e+07
2.822650185363376513e+07
2.822616155658498779e+07
2.822524472064217180e+07
2.822351999889118224e+07
2.822114932382019982e+07
2.821881225601382181e+07
2.821692849778237566e+07
2.821587995493934304e+07
2.821587980685940385e+07
2.821692637065228447e+07
2.821847143015087768e+07
2.821994741730651259e+07
2.822132706448028609e+07
2.822244986919922382e+07
2.822298999626564980e+07
2.822310531345668435e+07
2.822247482226432487e+07
2.822140871225218102e+07
2.822096295874911547e+07
2.822112250004288927e+07
2.822181423948791623e+07
2.822289304989600182e+07
2.822422622873080149e+07
2.822550756914782897e+07
2.822637326497669145e+07
2.822664571335309744e+07
2.822579098452372476e+07
2.822385348636452481e+07
2.822180980944884941e+07
2.821978643139580637e+07
2.821779543868206069e+07
2.821619871263709292e+07
2.821566478626092151e+07
2.821594898317983374e+07
2.821685893466805294e+07
2.821832660461414233e+07
2.821988814268186688e+07
2.822105014796996117e+07
2.822193578092304990e+07
2.822230132294752076e+07
2.822222337014663965e+07
2.822197880956012383e+07
2.822203719897999614e+07
2.822241219806306437e+07
2.822288539717495069e+07
2.822374182567238808e+07
2.822506555797557160e+07
2.822625676453652605e+07
2.822719584790463373e+07
2.822735261643586308e+07
2.822668235955405235e+07
2.822541888907409087e+07
2.822359974667837098e+07
2.822182334487015381e+07
2.822007043460352346e+07
2.821848558000694588e+07
2.821732366117240861e+07
2.821681445438239723e+07
2.821689614805137366e+07
2.821745770966775343e+07
2.821826910716670007e+07
2.821921724326898903e+07
2.822021752179760113e+07
2.822107978275119886e+07
2.822164886455834657e+07
2.822217171507678181e+07
2.822258499215823039e+07
2.822307111434440687e+07
2.822372436672249809e+07
2.822473503457435593e+07
2.822559964698091894e+07
2.822632615242022648e+07
2.822670415173885971e+07
2.822707851212604716e+07
2.822691503198469058e+07
2.822630847761747241e+07
2.822528505335497111e+07
2.822414371230954677e+07
2.822271090114327148e+07
2.822135223903092742e+07
2.822000761636652797e+07
2.821924156469957158e+07
2.821853911030387506e+07
2.821819436803547293e+07
2.821810873612241820e+07
2.821874800314803794e+07
2.821947588617431000e+07
2.822047442868121341e+07
2.822090357158296555e+07
2.822196887409076095e+07
