1.583864754127498716e+07
1.583920087044076249e+07
1.583845157682761550e+07
1.583837716294255480e+07
1.583801870958756283e+07
1.583843452024877444e+07
1.583858327658088878e+07
1.583834746764540859e+07
1.583796921284766868e+07
1.583772947947496362e+07
1.583716614792724885e+07
1.583639233407106437e+07
1.583516671715121530e+07
1.583418164840773493e+07
1.583322446005939692e+07
1.583225516493624076e+07
1.583133073968293518e+07
1.583083756978840753e+07
1.583052795431134291e+07
1.583087594286077656e+07
1.583175240394075215e+07
1.583241842303405888e+07
1.583320554811079986e+07
1.583435525561663136e+07
1.583547300766675547e+07
1.583645537353118882e+07
1.583723625950489193e+07
1.583780225666647591e+07
1.583791882108572870e+07
1.583813186178981513e+07
1.583859627186700329e+07
1.583901945362102799e+07
1.583915065951102600e+07
1.583924309270664491e+07
1.583935575603821687e+07
1.583922300526401959e+07
1.583877028162728064e+07
1.583820570790896006e+07
1.583723369402172044e+07
1.583598352515932359e+07
1.583458284841121547e+07
1.583344915961459838e+07
1.583248828174316883e+07
1.583206347588964365e+07
1.583229154810667224e+07
1.583309833988614008e+07
1.583438138040889241e+07
1.583608907253031619e+07
1.583778151498923637e+07
1.583932461439372413e+07
1.584052770556459203e+07
1.584132262973588333e+07
1.584154669172153436e+07
1.584144924852087535e+07
1.584108359938420355e+07
1.584090791356224753e+07
1.584094363329952024e+07
1.584126780889889039e+07
1.584181558751371875e+07
1.584252812540514395e+07
1.584289539664349519e+07
1.584307193118074909e+07
1.584284917056999914e+07
1.584205507188230753e+07
1.584069707589019649e+07
1.583926709377457947e+07
1.583780127201536857e+07
1.583693618553822488e+07
1.583690817161365598e+07
1.583774375741564669e+07
1.583922213823906332e+07
1.584116887161835656e+07
1.584332032216271199e+07
1.584535683537936397e+07
1.584667663331850059e+07
1.584743684390006028e+07
1.584765753775705956e+07
1.584755610155883804e+07
1.584727699588689208e+07
1.584707414081815630e+07
1.584712312484013848e+07
1.584791269288989156e+07
1.584887363463214226e+07
1.584982955291381478e+07
1.585084871286446787e+07
1.585155654652139172e+07
1.585173539743684605e+07
1.585081655923166312e+07
1.584892049009427428e+07
1.584668166588053852e+07
1.584408779035028443e+07
1.584206992202944867e+07
1.584098682204502262e+07
1.584077756578920037e+07
1.584099159673795290e+07
1.584213216526418738e+07
1.584406880105838366e+07
1.584628025956964865e+07
1.584803584805438668e+07
1.584951427418362908e+07
1.585022682373548485e+07
1.585011952605567873e+07
1.584940112360070087e+07
1.584840126631806046e+07
1.584741550504671596e+07
1.584672021703210473e+07
1.584688172581733577e+07
1.584788586392720602e+07
1.584895940395877138e+07
1.584971188264708035e+07
1.584971696128273942e+07
1.584906085814296454e+07
1.584765129783269949e+07
1.584537604514850862e+07
1.584274814778895117e+07
1.584041805725513957e+07
1.583824142537556402e+07
1.583677120975772850e+07
1.583634901694047824e+07
1.583714640701865219e+07
1.583920411749828048e+07
1.584197902045437507e+07
1.584417081620349549e+07
1.584578204681896418e+07
1.584633059627451189e+07
1.584581976366122253e+07
1.584454971574107930e+07
1.584318343582815677e+07
1.584191857388898358e+07
1.584141554623769224e+07
1.584160892848633975e+07
1.584272721265409142e+07
1.584435047414353862e+07
1.584635349990541674e+07
1.584836862060596421e+07
1.584914331386215985e+07
1.584851458972980082e+07
1.584676564356228709e+07
1.584414092139730044e+07
1.584121151816722006e+07
1.583884997053291835e+07
1.583778454854110815e+07
1.583764784116044454e+07
1.583842680196737684e+07
1.584040222602992319e+07
1.584279334242014028e+07
1.584521413566719554e+07
1.584728365547652729e+07
1.584840590119846351e+07
1.584833788160314225e+07
1.584725960849266313e+07
1.584577892366152816e+07
1.584393023833631165e+07
1.584190953249180317e+07
1.584095997708798759e+07
1.584101826199811511e+07
1.584205392929877527e+07
1.584389917208825238e+07
1.584603261704506353e+07
1.584756955087696761e+07
1.584816328465751000e+07
1.584770931553493254e+07
1.584615284493246488e+07
1.584383996974669583e+07
1.584150240069848672e+07
1.583966753488560766e+07
1.583892853430256806e+07
1.583920446037714742e+07
1.584048969287786260e+07
1.584252835674067400e+07
1.584469640120597556e+07
1.584678494884998724e+07
1.584841197176107205e+07
1.584906098987582326e+07
1.584878396147646755e+07
1.584781561060181260e+07
1.584636157147799060e+07
1.584490270388828218e+07
1.584443911085837148e+07
1.584482448680344038e+07
1.584600585412850790e+07
1.584807668565068766e+07
1.585057101445483975e+07
1.585291372874448262e+07
1.585453582552171126e+07
1.585508806960533932e+07
1.585461561258007959e+07
1.585314848316817172e+07
1.585142013217055611e+07
1.584939545539359190e+07
1.584766149781169929e+07
1.584649677260122076e+07
1.584523588120184839e+07
1.584820934232640266e+07
1.584976071422008052e+07
1.585202139067549631e+07
1.585321663039723970e+07
1.585346300919744745e+07
1.585260771851275861e+07
1.585115622552104481e+07
1.584977524433320202e+07
1.584815421449963562e+07
1.584634656857514754e+07
1.584487217122160830e+07
1.584416932858904451e+07
1.584467474608657137e+07
1.584669833677970804e+07
1.584904772549588047e+07
1.585127561462549679e+07
1.585285283456766605e+07
1.585278195271885023e+07
1.585171173499573953e+07
1.585022604515986331e+07
1.584811787209733948e+07
1.584520057549013197e+07
1.584234119466230832e+07
1.584055901810179278e+07
1.584019119719131291e+07
1.584076385628047958e+07
1.584210332278317586e+07
1.584353224323783256e+07
1.584424954883901589e+07
1.584383549295959063e+07
1.584242225475480035e+07
1.584020000335283950e+07
1.583752639974589646e+07
1.583497831095735915e+07
1.583307514290426672e+07
1.583204529721372388e+07
1.583209822901142389e+07
1.583329214883972332e+07
1.583530061106773280e+07
1.583744713831368089e+07
1.583928406404326856e+07
1.584056083039195836e+07
1.584089916402190737e+07
1.584067161464715190e+07
1.583995656990682334e+07
1.583923733797092363e+07
1.583847799929336831e+07
1.584625226828106306e+07
1.583876005697686411e+07
1.584251164864006266e+07
1.584336594635954499e+07
1.584616779063138366e+07
1.584690015609571151e+07
1.584797835886165127e+07
1.584709007270331867e+07
1.584608183407934941e+07
1.584361139411309734e+07
1.584162675732990168e+07
1.583934656447103620e+07
1.583799259462468512e+07
1.583712694611391984e+07
1.583786348806196637e+07
1.583910906200675294e+07
1.584121747453312576e+07
1.584321040262267552e+07
1.584513076345035434e+07
1.584606184892175160e+07
1.584647809233769774e+07
1.584610987532528676e+07
1.584553166820045747e+07
1.584472366524722986e+07
1.584478516734221019e+07
1.584506944681084342e+07
1.584579245686697774e+07
1.584679266970852949e+07
1.584828090200133249e+07
1.584944703727777861e+07
1.585028773359820805e+07
1.585018354784660228e+07
1.584926832171994261e+07
1.584751651819671504e+07
1.584547406997101381e+07
1.584334835845882632e+07
1.584167622821432725e+07
1.584047359391720407e+07
1.584032113384671882e+07
1.584095896846096590e+07
1.584217319901684485e+07
1.584351602499744110e+07
1.584507293895952590e+07
1.584640399647611193e+07
1.584743035196852125e+07
1.584789235921599157e+07
1.584796070780411921e+07
1.584803840167332813e+07
1.584832051350691728e+07
1.584885102709203586e+07
1.584963876860327832e+07
1.585076732636167482e+07
1.585211132739775069e+07
1.585346285677590594e+07
1.585442725084772147e+07
1.585458277963899076e+07
1.585378658947462961e+07
1.585232059023475461e+07
1.585050289540757239e+07
1.584868704207305238e+07
1.584668588087952696e+07
1.584511369148366340e+07
1.584409455734624155e+07
1.584376205161720887e+07
1.584382690400643460e+07
1.584455681559414975e+07
1.584551881469728984e+07
1.584677189059985802e+07
1.584796786244755983e+07
1.584905721033511497e+07
1.584964992537910305e+07
1.585033527841828763e+07
1.585082677605558373e+07
1.585150072142777406e+07
1.585197954300305620e+07
1.585286834390593693e+07
1.585355883104212582e+07
1.585450799336906150e+07
1.585513576396608725e+07
1.585571223071415722e+07
1.585558070067487657e+07
1.585532893849571608e+07
1.585441615394921228e+07
1.585359859719565883e+07
1.585213327518016100e+07
1.585111058811778948e+07
1.584969286264835857e+07
1.584906276639394276e+07
1.584811060282150283e+07
1.584839992347202636e+07
1.584823862337259576e+07
1.584947752111002803e+07
1.584979068294822983e+07
1.585149245912908204e+07
1.585108178712395392e+07
1.585401225775211677e+07
