4.448968481301733851e+07
4.449108577176529914e+07
4.449136863429141045e+07
4.449158628813497722e+07
4.449144272769116610e+07
4.449173730970480293e+07
4.449204876885447651e+07
4.449237624116352201e+07
4.449247844699148834e+07
4.449249541141129285e+07
4.449213424681060761e+07
4.449154485088544339e+07
4.449055505095820874e+07
4.448952442140170187e+07
4.448837353574380279e+07
4.448715662610673159e+07
4.448617362254518270e+07
4.448582172487712651e+07
4.448598992118999362e+07
4.448647362489432096e+07
4.448728810698913783e+07
4.448818945799688250e+07
4.448937767368503660e+07
4.449089165617804229e+07
4.449268565157260746e+07
4.449408590834055096e+07
4.449450954517913610e+07
4.449442053568383306e+07
4.449389972153732926e+07
4.449349425624198467e+07
4.449359276602691412e+07
4.449393857871904224e+07
4.449414331101910770e+07
4.449441259388504922e+07
4.449481216508417577e+07
4.449498911889858544e+07
4.449490372027183324e+07
4.449464960107516497e+07
4.449392588200528175e+07
4.449250903609658033e+07
4.449072252738031000e+07
4.448937904684452713e+07
4.448841082730905712e+07
4.448773340130469948e+07
4.448739544508972019e+07
4.448754299940791726e+07
4.448828779170409590e+07
4.448960905139945447e+07
4.449126483040525019e+07
4.449305027971524745e+07
4.449439603404913098e+07
4.449550405344546586e+07
4.449646154856546223e+07
4.449679203113750368e+07
4.449630253606496006e+07
4.449567537855884433e+07
4.449563655830755085e+07
4.449603712518639117e+07
4.449640679207965732e+07
4.449681610616453737e+07
4.449713586959025264e+07
4.449719230675390363e+07
4.449635422010461241e+07
4.449487251261717081e+07
4.449313991990672797e+07
4.449108981013160199e+07
4.448897793146128207e+07
4.448732039048057795e+07
4.448617718681196123e+07
4.448591527645432949e+07
4.448696681123524904e+07
4.448916000177243352e+07
4.449162001123463362e+07
4.449306462384593487e+07
4.449370581983779371e+07
4.449424876398364455e+07
4.449456079474548250e+07
4.449420035040011257e+07
4.449335325528162718e+07
4.449232449497272074e+07
4.449179649346421659e+07
4.449225906075327098e+07
4.449346812987977266e+07
4.449459284872105718e+07
4.449490097465740889e+07
4.449479237756800652e+07
4.449415625268033147e+07
4.449301002305699885e+07
4.449122169749552011e+07
4.448912656418675184e+07
4.448705304484336823e+07
4.448553417491127551e+07
4.448461320361494273e+07
4.448419093279366940e+07
4.448461757829397172e+07
4.448580844166428596e+07
4.448756453074619174e+07
4.448993062830463052e+07
4.449203063895551115e+07
4.449283185364104807e+07
4.449288462419717759e+07
4.449244266078559309e+07
4.449192098292125762e+07
4.449135671367499232e+07
4.449097438929048181e+07
4.449116923117224872e+07
4.449194683528416604e+07
4.449267559081032872e+07
4.449340306367881596e+07
4.449408077896300703e+07
4.449446092576320469e+07
4.449418524497463554e+07
4.449320717305241525e+07
4.449170072483541071e+07
4.448982910840987414e+07
4.448806302598008513e+07
4.448677826687035710e+07
4.448576064716401696e+07
4.448520570972673595e+07
4.448540913563501835e+07
4.448681932774940133e+07
4.448930228886977583e+07
4.449118405579677969e+07
4.449221885843451321e+07
4.449245497231617570e+07
4.449214507744364440e+07
4.449162903174305707e+07
4.449122501908316463e+07
4.449074036783650517e+07
4.449025244079151750e+07
4.449057070669816434e+07
4.449194101069363952e+07
4.449334917612409592e+07
4.449460433191840351e+07
4.449533460072710365e+07
4.449526224094004184e+07
4.449425982494447380e+07
4.449241165797148645e+07
4.449000305522043258e+07
4.448734092660088092e+07
4.448527641665236652e+07
4.448420778002225608e+07
4.448412248335685581e+07
4.448490319325649738e+07
4.448666587743066251e+07
4.448900456397588551e+07
4.449099538440874219e+07
4.449229942614297569e+07
4.449283972673416883e+07
4.449264809089563787e+07
4.449196662684824318e+07
4.449094344661086053e+07
4.448942438482540101e+07
4.448797377073832601e+07
4.448733366634823382e+07
4.448759779689507931e+07
4.448860370264975727e+07
4.449025729159196466e+07
4.449199201119171828e+07
4.449324456249936670e+07
4.449381175196465850e+07
4.449383835538919270e+07
4.449309546557440609e+07
4.449196614700648189e+07
4.449026785962193459e+07
4.448814701158262044e+07
4.448675065306422859e+07
4.448644070429286361e+07
4.448738187770627439e+07
4.448920499481372535e+07
4.449133411394577473e+07
4.449348431089299917e+07
4.449521423646079004e+07
4.449568502139037848e+07
4.449489152793358266e+07
4.449340628765431792e+07
4.449166697570288181e+07
4.448990413991818577e+07
4.448850979153249413e+07
4.448757374305880815e+07
4.448742461473312229e+07
4.448820441105968505e+07
4.448999433703676611e+07
4.449193816275493801e+07
4.449339849977465719e+07
4.449398802372767031e+07
4.449379636878626049e+07
4.449266231019409746e+07
4.449080908305276185e+07
4.448876756476758420e+07
4.448724186606975645e+07
4.448658565352108330e+07
4.448697897423189878e+07
4.448787924078523368e+07
4.448945827093129605e+07
4.449128145354439318e+07
4.449296755027247220e+07
4.449394353658417612e+07
4.449384271168102324e+07
4.449285612583071738e+07
4.449111826662308723e+07
4.448892100126628578e+07
4.448702927549070120e+07
4.448583358855840564e+07
4.448547652259321511e+07
4.448622880706387758e+07
4.448802245416653156e+07
4.449050196100856364e+07
4.449317878165778518e+07
4.449489013225917518e+07
4.449527135806079209e+07
4.449452255966460705e+07
4.449305160977519304e+07
4.449112327317830920e+07
4.448942673240928352e+07
4.448845170547719300e+07
4.448822505028349906e+07
4.448846225996471196e+07
4.448924147078335285e+07
4.449053080566351861e+07
4.449189559090293944e+07
4.449288434010937810e+07
4.449319863423702866e+07
4.449254130271491408e+07
4.449097961442402750e+07
4.448892163159639388e+07
4.448700751059540361e+07
4.448523717463369668e+07
4.448418582406358421e+07
4.448392045295961946e+07
4.448476638102048635e+07
4.448629675231662393e+07
4.448813665930343419e+07
4.448959362655273080e+07
4.449056884222811460e+07
4.449061861544599384e+07
4.449030793242031336e+07
4.448942649467840791e+07
4.448869060820868611e+07
4.448765165250431746e+07
4.449047488529422134e+07
4.448721938536309451e+07
4.448882017944048345e+07
4.448965452365076542e+07
4.449147318796481937e+07
4.449233859615438432e+07
4.449295425096610934e+07
4.449220230973475426e+07
4.449091682860366255e+07
4.448881869453722984e+07
4.448699550534162670e+07
4.448522781495804340e+07
4.448393504321754724e+07
4.448309853062366694e+07
4.448338455422007293e+07
4.448438689654260874e+07
4.448600865807835758e+07
4.448769157355214655e+07
4.448915302836563438e+07
4.448985598963349313e+07
4.448996306051831692e+07
4.448946034485270828e+07
4.448891072760645300e+07
4.448832833128876984e+07
4.448823436747051030e+07
4.448836101972376555e+07
4.448908107813607901e+07
4.449031874349063635e+07
4.449239805131920427e+07
4.449490438770421594e+07
4.449682185545128584e+07
4.449727074598003924e+07
4.449621929033006728e+07
4.449441877622671425e+07
4.449262709067170322e+07
4.449087447442938387e+07
4.448961715634938329e+07
4.448846040151100606e+07
4.448818294462312758e+07
4.448858676488947123e+07
4.448958376150794327e+07
4.449104324440362304e+07
4.449266394934917241e+07
4.449408572125349194e+07
4.449507990819836408e+07
4.449549957932100445e+07
4.449564120179104805e+07
4.449555411938137561e+07
4.449550438363049179e+07
4.449562147167228162e+07
4.449545694897270948e+07
4.449521945770204812e+07
4.449515287762314081e+07
4.449548709356554598e+07
4.449568716788332164e+07
4.449544064975239336e+07
4.449481609049080312e+07
4.449384978683687001e+07
4.449222640452347696e+07
4.449014418932094425e+07
4.448824674682774395e+07
4.448693386608733237e+07
4.448650876789871603e+07
4.448662839939236641e+07
4.448683662068540603e+07
4.448713673313463479e+07
4.448769676541757584e+07
4.448904802632755041e+07
4.449081660509662330e+07
4.449231274369821697e+07
4.449329313353610039e+07
4.449407549912203848e+07
4.449417172622384131e+07
4.449388630303256214e+07
4.449341777256705612e+07
4.449309162277163565e+07
4.449310628863541782e+07
4.449367433112163842e+07
4.449475668351055682e+07
4.449600781874234229e+07
4.449603871352694929e+07
4.449529485454128683e+07
4.449424014714114368e+07
4.449360950914784521e+07
4.449233072875583917e+07
4.449089033451411873e+07
4.448920742337460071e+07
4.448773451096563041e+07
4.448646085371090472e+07
4.448626858110214770e+07
4.448658096984618157e+07
4.448773801870162785e+07
4.448874454137064517e+07
4.449049570576085150e+07
4.449122762706571817e+07
4.449321847404509038e+07
