6.960036150996522047e+06
6.960983607867536135e+06
6.961332767523638904e+06
6.961736595865137875e+06
6.961904161241941154e+06
6.962338433122978546e+06
6.962661285811280832e+06
6.962776692192533985e+06
6.962736288067361340e+06
6.962521525132562034e+06
6.962051609109641984e+06
6.961250854753264226e+06
6.960027184187616222e+06
6.958887232984365895e+06
6.957700546475256793e+06
6.956438339911648072e+06
6.955394234868114814e+06
6.954648262489259243e+06
6.954217624672546051e+06
6.954384342244727537e+06
6.955198183050693013e+06
6.956203019414903596e+06
6.957397934958559461e+06
6.958797135740770027e+06
6.960082762524448335e+06
6.961083364691738039e+06
6.961680749468424357e+06
6.962096705234417692e+06
6.962281643187584355e+06
6.962188621634375304e+06
6.962190858301876113e+06
6.962277886569619179e+06
6.962311503561344929e+06
6.962413659209863283e+06
6.962562676397418603e+06
6.962291373418211006e+06
6.961613970637121238e+06
6.960802938222195953e+06
6.959658787948816083e+06
6.958135318217589520e+06
6.956476413142377511e+06
6.955073459775715135e+06
6.954014744890624657e+06
6.953466640195144340e+06
6.953788153730139136e+06
6.954598405864222907e+06
6.955929659517454915e+06
6.957738618526660837e+06
6.959528520567595959e+06
6.960974056644327007e+06
6.962073052982857451e+06
6.962522964957668446e+06
6.962504817777642049e+06
6.962300467819084413e+06
6.961846915016329847e+06
6.961480861499036662e+06
6.961448512500991113e+06
6.961639661087390035e+06
6.962149261636308394e+06
6.962662626995602623e+06
6.962615882116030902e+06
6.962249208812024444e+06
6.961564166715867817e+06
6.960108659404718317e+06
6.958206611372577958e+06
6.956181517412129790e+06
6.954227045648404397e+06
6.952897712971874513e+06
6.952471407243589871e+06
6.952796370241856202e+06
6.954030602608637884e+06
6.955983871423201635e+06
6.958219129559560679e+06
6.960318499690364115e+06
6.961791004858030006e+06
6.962677258925415576e+06
6.962859278216169216e+06
6.962396303641265258e+06
6.961657798393094912e+06
6.960886537718401290e+06
6.960476624704608694e+06
6.960521852431879379e+06
6.961141549136959016e+06
6.962070034966352396e+06
6.962856877396529540e+06
6.963240186592398211e+06
6.963122270235336386e+06
6.962164580323607661e+06
6.960359899795071222e+06
6.957994975505832583e+06
6.955527811336578801e+06
6.953262627823060378e+06
6.951951080067387782e+06
6.951664324961542152e+06
6.952402403308928944e+06
6.954205737320772372e+06
6.956648171806073748e+06
6.959111597299313173e+06
6.961035177465316840e+06
6.962346742853160948e+06
6.962886219545727596e+06
6.962465958113411441e+06
6.961496514959483407e+06
6.960303869587942027e+06
6.959405064034769312e+06
6.959101576813015155e+06
6.959694915143519640e+06
6.960838060526392423e+06
6.962170169833878987e+06
6.963452403049319983e+06
6.964237292624501511e+06
6.964019963776803575e+06
6.962683104850474745e+06
6.960509636705853045e+06
6.957803464416245930e+06
6.954992128334178589e+06
6.952942774578215554e+06
6.951935635621513240e+06
6.951962352527058683e+06
6.953222685832247138e+06
6.955507914219563827e+06
6.958137333169212565e+06
6.960537635834564455e+06
6.962406403070488945e+06
6.963252630873259157e+06
6.962986277753879316e+06
6.961921033769212663e+06
6.960414471047956496e+06
6.958865265069468878e+06
6.957914060268026777e+06
6.957938724988294765e+06
6.958911259898161516e+06
6.960452075172063895e+06
6.962300045781198889e+06
6.963975337967726402e+06
6.964813566650065593e+06
6.964361589693715796e+06
6.962782265441032127e+06
6.960319430389169604e+06
6.957332029589585960e+06
6.954722953834990039e+06
6.952972962565398775e+06
6.952339348218317144e+06
6.952945390564043075e+06
6.954872242136641406e+06
6.957431053769780323e+06
6.959982499461801723e+06
6.962152755279616453e+06
6.963409526296108961e+06
6.963426883064378053e+06
6.962471661954891868e+06
6.960781550435894169e+06
6.958771940741548315e+06
6.957107650626462884e+06
6.956580284417933784e+06
6.956992367244831286e+06
6.958187592882839963e+06
6.960307378749923781e+06
6.962758682294780388e+06
6.964464195482553914e+06
6.965016992104426026e+06
6.964445625894772820e+06
6.962728092640544288e+06
6.960145103851397522e+06
6.957427186047785915e+06
6.955154573759047315e+06
6.953874332718220539e+06
6.953706976158831269e+06
6.954958164506039582e+06
6.957162798426896334e+06
6.959508408157553524e+06
6.961948195544520393e+06
6.963625317547856830e+06
6.963973509255137295e+06
6.963239118919793516e+06
6.961655275981113315e+06
6.959368545461758971e+06
6.957225027402495965e+06
6.955833656426866539e+06
6.955344564164185897e+06
6.956013579420668073e+06
6.957772796346144751e+06
6.960336015611324459e+06
6.962799942049040459e+06
6.964421743670713156e+06
6.964869930187230930e+06
6.964188822686099447e+06
6.962382515583024360e+06
6.960101630331120454e+06
6.957861360661001876e+06
6.956105059947364032e+06
6.955418817988416180e+06
6.956422511495846324e+06
6.957499706034089439e+06
6.959859475708919577e+06
6.962175034625005908e+06
6.963997352133901790e+06
6.964735223101323470e+06
6.964330432756341994e+06
6.962829669044465758e+06
6.960650761997573078e+06
6.957971140678004362e+06
6.955787808678095229e+06
6.954628482284103520e+06
6.954469984127553180e+06
6.955482567604897544e+06
6.957791468772501685e+06
6.960357406825041398e+06
6.962609758716088720e+06
6.964085532194783911e+06
6.964211162141425535e+06
6.963143000587215647e+06
6.961535999487405643e+06
6.959609106773721986e+06
6.957820381321088411e+06
6.956954085385548882e+06
6.957095208797437139e+06
6.958129815026960336e+06
6.959891782361712307e+06
6.961938958389472216e+06
6.963912676016519777e+06
6.965024820764563978e+06
6.965033920912697911e+06
6.963874900011486374e+06
6.961782240781671368e+06
6.959070503389313817e+06
6.956524853829585947e+06
6.954504007971720770e+06
6.953511489912625402e+06
6.953727096001963131e+06
6.955181096927341074e+06
6.957434957240810618e+06
6.959859596435336396e+06
6.961768220023028553e+06
6.962955079261451028e+06
6.962925340266522020e+06
6.962226899479486048e+06
6.960976286655847915e+06
6.959613976945514791e+06
6.958407695815982297e+06
6.959416112092673779e+06
6.958813012344880030e+06
6.960429784597434103e+06
6.962073641456676647e+06
6.964070173529480584e+06
6.965396769503918476e+06
6.965936496124051511e+06
6.965152963749818504e+06
6.963424311528896913e+06
6.960805455168992281e+06
6.958242643373732455e+06
6.955978774505434558e+06
6.954262301133567467e+06
6.953561721701940522e+06
6.954142900514664128e+06
6.955475961306788959e+06
6.957346625730863772e+06
6.959426543758253567e+06
6.961154510887240991e+06
6.961986044220833108e+06
6.962019236123445444e+06
6.961518810234159231e+06
6.960655577956861816e+06
6.959716869237465784e+06
6.959548635127718560e+06
6.960020817850464024e+06
6.960890120032114908e+06
6.962212451834772713e+06
6.963761901621593162e+06
6.965006658576902933e+06
6.965883517185503617e+06
6.965761353445941582e+06
6.964509526310028508e+06
6.962641340002412908e+06
6.960399758463462815e+06
6.957988210786749609e+06
6.955932697847536765e+06
6.954450908316999674e+06
6.954074012595371343e+06
6.954628003893895075e+06
6.955731944218621589e+06
6.957147543258635327e+06
6.958707216163776815e+06
6.959958468194646761e+06
6.960785887623964809e+06
6.961038888776977547e+06
6.960861354925876483e+06
6.960659177084726281e+06
6.960636178738984279e+06
6.960865270150043070e+06
6.961444400053228252e+06
6.962300010209555738e+06
6.963436950683584437e+06
6.964491522082868032e+06
6.965273766969780438e+06
6.965457780889766291e+06
6.964896647561212070e+06
6.963470658554768190e+06
6.961771195933350362e+06
6.960011402576491237e+06
6.958003027714881115e+06
6.956278888066484593e+06
6.955248091696227901e+06
6.954795665407499298e+06
6.954847443265442736e+06
6.955480588620699942e+06
6.956467669885506853e+06
6.957584128927524202e+06
6.958718942896291614e+06
6.959605424677670933e+06
6.960003503039069474e+06
6.960377670414471067e+06
6.960777785553960130e+06
6.961228607856081799e+06
6.961623305488173850e+06
6.962238822180507705e+06
6.962924098040379584e+06
6.963676859003892168e+06
6.964311799398025498e+06
6.964519178421738558e+06
6.964365755238005891e+06
6.963792371563960798e+06
6.962738859975983389e+06
6.961427257731355727e+06
6.959853069576310925e+06
6.958356787256485783e+06
6.956917551993153058e+06
6.955844412770376541e+06
6.955041755269118585e+06
6.954864904167554341e+06
6.955002136594139040e+06
6.955731180750275031e+06
6.956668200352719985e+06
6.957899015124040656e+06
6.958681335329668596e+06
6.959879601230480708e+06
