2.575365541218510270e+07
2.575442266345411912e+07
2.575563390611997619e+07
2.575585228733247891e+07
2.575627212509748712e+07
2.575607292688588053e+07
2.575573991499010101e+07
2.575508218939428404e+07
2.575439078957955912e+07
2.575344240293916687e+07
2.575273123262174055e+07
2.575219763624825701e+07
2.575252015380317345e+07
2.575291836880887672e+07
2.575243246823947877e+07
2.575160513870062307e+07
2.575075952806300670e+07
2.574965293898962811e+07
2.574845185854576156e+07
2.574700081983229518e+07
2.574583776998230815e+07
2.574531073971613124e+07
2.574579337131917104e+07
2.574768636044565588e+07
2.575022502818368748e+07
2.575277608525386080e+07
2.575481316494442150e+07
2.575547340676366910e+07
2.575593856922100112e+07
2.575609538134224340e+07
2.575612279818712920e+07
2.575575971902236715e+07
2.575462530679677054e+07
2.575332803067502752e+07
2.575247820149590820e+07
2.575213577989644185e+07
2.575233852757352218e+07
2.575239400640823692e+07
2.575213854382120818e+07
2.575139610518544167e+07
2.574960770518492162e+07
2.574719758357207850e+07
2.574517752732838318e+07
2.574381135002316535e+07
2.574339751164916158e+07
2.574332607449715212e+07
2.574360912661683932e+07
2.574442855840398744e+07
2.574598439893448725e+07
2.574767050942528620e+07
2.574901565861234441e+07
2.574992322457240894e+07
2.575057942958590761e+07
2.575091886555710807e+07
2.575100032431144640e+07
2.575065623692220449e+07
2.575058281733908877e+07
2.575147090864138305e+07
2.575317537065480649e+07
2.575416517576348782e+07
2.575459640670324117e+07
2.575444750545657054e+07
2.575356425268440694e+07
2.575212997175893188e+07
2.575092965511468425e+07
2.574927260271784663e+07
2.574696369058400393e+07
2.574459941130639240e+07
2.574268911366908625e+07
2.574145821677787974e+07
2.574166357979883999e+07
2.574290854710191488e+07
2.574521216300471872e+07
2.574775280908580124e+07
2.575035526859917119e+07
2.575266681151134148e+07
2.575463125202129781e+07
2.575546850277732685e+07
2.575585491225624084e+07
2.575549117867856100e+07
2.575466199837663025e+07
2.575437281216374412e+07
2.575461446883859858e+07
2.575541031431800127e+07
2.575657864651595429e+07
2.575740686206581816e+07
2.575761110059300438e+07
2.575725069074667245e+07
2.575563521518883482e+07
2.575306321287078783e+07
2.575048789665384218e+07
2.574881187480871379e+07
2.574734546783224493e+07
2.574655384808213636e+07
2.574681538846022263e+07
2.574728286952285096e+07
2.574849099708044156e+07
2.575027109435810894e+07
2.575246326166980714e+07
2.575332612696857378e+07
2.575295770597261563e+07
2.575196101597707719e+07
2.575042025107389316e+07
2.574887171302292123e+07
2.574688995347061381e+07
2.574544580764527991e+07
2.574517399581171200e+07
2.574557099400544912e+07
2.574714049145982414e+07
2.574918858310478181e+07
2.575110226212642714e+07
2.575248575081088021e+07
2.575262675901974365e+07
2.575135550395936146e+07
2.574928332844056934e+07
2.574654919532706216e+07
2.574336212212523818e+07
2.574067668901901320e+07
2.573908704775476083e+07
2.573895352016690001e+07
2.573976663185040653e+07
2.574208821849059686e+07
2.574483537974463031e+07
2.574742043692108616e+07
2.574945545275555924e+07
2.575106574095341191e+07
2.575184578488224745e+07
2.575168151513056085e+07
2.575059333425487950e+07
2.574848107880676910e+07
2.574677818067068979e+07
2.574607952937994525e+07
2.574696626802085713e+07
2.574861564642000943e+07
2.575037854132424667e+07
2.575187307419305667e+07
2.575252351688632742e+07
2.575214016775860637e+07
2.575062506193906441e+07
2.574927253221101686e+07
2.574744602717167884e+07
2.574495067485316098e+07
2.574304342643270269e+07
2.574226778094456717e+07
2.574271955656927451e+07
2.574428621040550619e+07
2.574679897346640006e+07
2.574914954343740642e+07
2.575104483680519834e+07
2.575291758687428385e+07
2.575424726713154465e+07
2.575400362194809690e+07
2.575238431990281492e+07
2.575005398424188793e+07
2.574788691185338795e+07
2.574618760105037317e+07
2.574525196246320009e+07
2.574465947569976375e+07
2.574525667476264387e+07
2.574647019171997160e+07
2.574805458089235052e+07
2.574948493575856462e+07
2.575084136752614751e+07
2.575127294543035701e+07
2.575024673320636153e+07
2.574844864260140061e+07
2.574629203965127841e+07
2.574481219797664881e+07
2.574422401141678169e+07
2.574472586449388042e+07
2.574578675281884894e+07
2.574745474524419755e+07
2.574887280247545615e+07
2.574982096560878307e+07
2.575011153482662141e+07
2.574990641120654717e+07
2.574947463315803930e+07
2.574876894910135493e+07
2.574699085459284857e+07
2.574543195386460051e+07
2.574474773390261456e+07
2.574545924474666268e+07
2.574650796409875527e+07
2.574787229083398357e+07
2.574894109140664712e+07
2.574958658196688071e+07
2.574931299656372517e+07
2.574834120653209463e+07
2.574657913073560968e+07
2.574484689614588022e+07
2.574241116807138175e+07
2.574078295631136000e+07
2.574212415138009191e+07
2.573974930652020499e+07
2.574173347438419983e+07
2.574386975656344742e+07
2.574626270471936837e+07
2.574820339818211272e+07
2.574995495381323993e+07
2.575096977704655379e+07
2.575060520996958017e+07
2.574814240583743155e+07
2.574532726223368943e+07
2.574251285265368223e+07
2.574053826670378819e+07
2.573985763647820055e+07
2.574061495418562740e+07
2.574283307655280828e+07
2.574550863093760982e+07
2.574739962755738944e+07
2.574871074331117421e+07
2.574980830485337600e+07
2.574983981187369302e+07
2.574833153133576736e+07
2.574642677406791970e+07
2.574460331264317781e+07
2.574309417798420787e+07
2.574297268535956740e+07
2.574412943935126066e+07
2.574539916204625741e+07
2.574743436420529708e+07
2.574972725072044507e+07
2.575214464281354100e+07
2.575365839059419185e+07
2.575332500332019106e+07
2.575128714214351773e+07
2.574839931069232896e+07
2.574581857469099760e+07
2.574418029014564306e+07
2.574317142862582952e+07
2.574333689792996645e+07
2.574464655525875464e+07
2.574710514365753159e+07
2.575019662880547717e+07
2.575340790639004111e+07
2.575567560885834321e+07
2.575631432709488645e+07
2.575634696260834485e+07
2.575558847006225586e+07
2.575407327108111978e+07
2.575175461948587745e+07
2.575217123797965795e+07
2.575165446395986900e+07
2.575198507093462348e+07
2.575300159438996762e+07
2.575508950656554848e+07
2.575738152260880545e+07
2.575802034890598431e+07
2.575768872232201323e+07
2.575600969081797823e+07
2.575316866662994400e+07
2.575006277455534786e+07
2.574676680048502237e+07
2.574385898667786643e+07
2.574207419294720516e+07
2.574141171263783425e+07
2.574147851280111820e+07
2.574222840665655211e+07
2.574377137266203016e+07
2.574561292252782360e+07
2.574605631555452198e+07
2.574541722291245684e+07
2.574432526086029038e+07
2.574310130744584277e+07
2.574203999077313393e+07
2.574166220100312307e+07
2.574170269295638800e+07
2.574228509461257234e+07
2.574332909259495884e+07
2.574482634153318778e+07
2.574687000186272711e+07
2.574860488714331016e+07
2.574989235425176099e+07
2.574993050320383161e+07
2.574856739861734957e+07
2.574657964175657183e+07
2.574437207282868028e+07
2.574269009986496344e+07
2.574194022096035257e+07
2.574151461393605918e+07
2.574136661640706286e+07
2.574170716353993863e+07
2.574222585131210089e+07
2.574303271335376054e+07
2.574444854935872182e+07
2.574585922389274836e+07
2.574642982584514469e+07
2.574615363418051973e+07
2.574608794105084613e+07
2.574686855719985440e+07
2.574849021490895003e+07
2.574956490578895807e+07
2.574980539021026716e+07
2.574991185860420391e+07
2.575013703530320153e+07
2.575017897116355225e+07
2.575032667417614907e+07
2.574991814869529754e+07
2.574903075285586342e+07
2.574757690154488012e+07
2.574572369975891337e+07
2.574460354409937188e+07
2.574430744749316573e+07
2.574472205239533260e+07
2.574505873204327002e+07
2.574506436839423701e+07
2.574514775762390345e+07
2.574530458695938066e+07
2.574544938696571440e+07
2.574538702411757782e+07
2.574550592967871204e+07
2.574584104055735469e+07
2.574593152914338559e+07
2.574563163175305352e+07
2.574536561639252678e+07
2.574567097413554788e+07
2.574718996179354936e+07
2.574853778916246817e+07
2.574961975196818635e+07
2.575054001221774891e+07
2.575097465370399877e+07
2.575100037134634331e+07
2.575106127717993036e+07
2.575111841830755398e+07
2.575094048732454702e+07
2.575054537299462780e+07
2.575046177856351063e+07
2.575033036599034816e+07
2.574951972159903124e+07
2.574861261238295212e+07
2.574753888177412748e+07
2.574665046676898748e+07
2.574650814109521359e+07
2.574677764042638987e+07
2.574781095712690428e+07
2.574926939428326488e+07
