5.886632673649939708e+06
5.888151099738672376e+06
5.888250217845607549e+06
5.888738135236788541e+06
5.888833862103754655e+06
5.889248499497989193e+06
5.889514250958119519e+06
5.889731378315865993e+06
5.889714239644009620e+06
5.889627129976779222e+06
5.889260927122776397e+06
5.888557395223171450e+06
5.887478165827511810e+06
5.886469659231312573e+06
5.885198163414345123e+06
5.884003959489705972e+06
5.882894204786363058e+06
5.882070202454699203e+06
5.881505638309952803e+06
5.881533877635207959e+06
5.882077938105074689e+06
5.883021026108316146e+06
5.884162652639663778e+06
5.885525512705410831e+06
5.886760712387391366e+06
5.887784006399344653e+06
5.888421654587544501e+06
5.888836174228734337e+06
5.888964737744300626e+06
5.888843216105963103e+06
5.888773994457258843e+06
5.888815885519463569e+06
5.888880460567313246e+06
5.888966859579434618e+06
5.889125808390261605e+06
5.888971596888533793e+06
5.888451913269932382e+06
5.887773111387120560e+06
5.886734563928079791e+06
5.885307647433356382e+06
5.883691659342416562e+06
5.882206028633356094e+06
5.881030056922081858e+06
5.880362816648345441e+06
5.880424632221261971e+06
5.881086364964517765e+06
5.882290238036237657e+06
5.883975144205004908e+06
5.885679406895336695e+06
5.887188302966400050e+06
5.888268537920479663e+06
5.888785229658689350e+06
5.888878223467865959e+06
5.888599707150675356e+06
5.888109664710388519e+06
5.887684529578207992e+06
5.887581200861527584e+06
5.887767174727056175e+06
5.888280458721046336e+06
5.888743556615420617e+06
5.888903867403860204e+06
5.888761728281944990e+06
5.888159968986506574e+06
5.886911858131388202e+06
5.885185770505772904e+06
5.883173475073724054e+06
5.881162539815386757e+06
5.879664372256478295e+06
5.878992208322492428e+06
5.879144521683749743e+06
5.880181411866757087e+06
5.881938710190558806e+06
5.884041091075750999e+06
5.886065740855508484e+06
5.887617788582791574e+06
5.888442879530623555e+06
5.888689427296278998e+06
5.888357185224761255e+06
5.887617981625413522e+06
5.886845467562920414e+06
5.886349861346619204e+06
5.886297079626119696e+06
5.886805639803889208e+06
5.887685508907927200e+06
5.888526050198782235e+06
5.889093462195627391e+06
5.889183259058387950e+06
5.888385756623323075e+06
5.886813953918507323e+06
5.884612230957776308e+06
5.882205372918980196e+06
5.879997431299232878e+06
5.878527593908490613e+06
5.878017220506351441e+06
5.878570582818963565e+06
5.880055204459079541e+06
5.882296040954004042e+06
5.884650203517751768e+06
5.886544279511916451e+06
5.887939013241501525e+06
5.888569304720377550e+06
5.888278832952860743e+06
5.887348758950485848e+06
5.886197393695135601e+06
5.885148495188838802e+06
5.884664726136992685e+06
5.885131426294556819e+06
5.886127883478991687e+06
5.887326934053545818e+06
5.888657303242792375e+06
5.889598709678105079e+06
5.889643361020830460e+06
5.888610003002271056e+06
5.886610680738013238e+06
5.884045081271809526e+06
5.881322181004730053e+06
5.879160575875313953e+06
5.877943992073670030e+06
5.877702283553015441e+06
5.878684455093582161e+06
5.880695907461260445e+06
5.883208458625427447e+06
5.885529924066495150e+06
5.887435412271657027e+06
5.888366276256983168e+06
5.888261590024294332e+06
5.887297980696366169e+06
5.885819267510464415e+06
5.884217591053617187e+06
5.883151061811214313e+06
5.883048748479565606e+06
5.883836554935649037e+06
5.885247184280193411e+06
5.887021322114753537e+06
5.888748771017761901e+06
5.889797775193779729e+06
5.889689407743996009e+06
5.888341271479335614e+06
5.886134168414025567e+06
5.883264803770941682e+06
5.880618253547152504e+06
5.878648074510676786e+06
5.877707880684995092e+06
5.878033711336803623e+06
5.879641249035475776e+06
5.881979353298658505e+06
5.884433399825521745e+06
5.886637821787701920e+06
5.888034503876213916e+06
5.888285381220379844e+06
5.887463246359243058e+06
5.885890195659257472e+06
5.883993938251393847e+06
5.882273496979252435e+06
5.881474520538448356e+06
5.881685382340607233e+06
5.882739661318036728e+06
5.884720221015057527e+06
5.887121596312333830e+06
5.888981121941326186e+06
5.889910027646915056e+06
5.889652493335784413e+06
5.888183027783069760e+06
5.885794651741350070e+06
5.883123614114015363e+06
5.880763084375827573e+06
5.879227301677515730e+06
5.878798853785163723e+06
5.879740099766860716e+06
5.881675371820675209e+06
5.883979051957861520e+06
5.886392906543959863e+06
5.888209762917731889e+06
5.888873496246923693e+06
5.888361865354220383e+06
5.886918548270286061e+06
5.884763885346807539e+06
5.882496200477865525e+06
5.880947078910164535e+06
5.880288620310665108e+06
5.880779987478444353e+06
5.882379418289302848e+06
5.884726267018930055e+06
5.887107506291916594e+06
5.888938201318469830e+06
5.889666231123954058e+06
5.889266537547416054e+06
5.887668758152929135e+06
5.885451112335704267e+06
5.883119242265733890e+06
5.881329014901611954e+06
5.880363623354585841e+06
5.881107704908478074e+06
5.881981877863781527e+06
5.884035511726642027e+06
5.886246533624736592e+06
5.888240476185912266e+06
5.889240848000098020e+06
5.889130078088426031e+06
5.887916869126607664e+06
5.885862088236986659e+06
5.883372497430416755e+06
5.881162314785048366e+06
5.879672527103409171e+06
5.879278154789644293e+06
5.880069495877416804e+06
5.882121269548741169e+06
5.884549649737709202e+06
5.886858529129822738e+06
5.888432916141924448e+06
5.888923652502824552e+06
5.888113419398522004e+06
5.886719004169250838e+06
5.884874927654151805e+06
5.883074360979539342e+06
5.881900482491911389e+06
5.881733677237370051e+06
5.882501761496042833e+06
5.884072961081441492e+06
5.885985420925560407e+06
5.887884820510169491e+06
5.889172758317217231e+06
5.889454005327472463e+06
5.888610419908622280e+06
5.886920933355503716e+06
5.884400428000584245e+06
5.881953259126563556e+06
5.879913080883920193e+06
5.878713961329550482e+06
5.878482385892488062e+06
5.879744265272864141e+06
5.881738274550598115e+06
5.884015982240962796e+06
5.885914983267833479e+06
5.887317523684849031e+06
5.887467009486808442e+06
5.887154023594765924e+06
5.885861838962802663e+06
5.884756560484222136e+06
5.883326931833430193e+06
5.883933969867640175e+06
5.883464176405772567e+06
5.884753041289777495e+06
5.886188798132494092e+06
5.888058382818432525e+06
5.889415868043278344e+06
5.890049212505594827e+06
5.889676376074435189e+06
5.888260231351756491e+06
5.885942980544710532e+06
5.883536036367104389e+06
5.881310844808312133e+06
5.879466134433028288e+06
5.878567192367366515e+06
5.878817435624380596e+06
5.879966763336835429e+06
5.881657079441308044e+06
5.883520328344778158e+06
5.885206311185060069e+06
5.886205880834251642e+06
5.886392014203177765e+06
5.886051387372167781e+06
5.885327400095357560e+06
5.884545586817023344e+06
5.884352324333126657e+06
5.884649792348498479e+06
5.885327836202859879e+06
5.886454198273295537e+06
5.887884184264244512e+06
5.889146409482399933e+06
5.889971629263552837e+06
5.889997711762637831e+06
5.889038605681210756e+06
5.887379067090838216e+06
5.885316623264008202e+06
5.883091592630969360e+06
5.881084829489512369e+06
5.879601168121084571e+06
5.879040908635846339e+06
5.879378839873097837e+06
5.880335211215206422e+06
5.881541727418472990e+06
5.882934028339029290e+06
5.884160409751516767e+06
5.885043930495209061e+06
5.885377354245888069e+06
5.885347494680705480e+06
5.885214341940692626e+06
5.885267833054387011e+06
5.885551466003063135e+06
5.885953479587257840e+06
5.886713272918774746e+06
5.887723985832378268e+06
5.888723989323814400e+06
5.889441963038013317e+06
5.889665519528716803e+06
5.889208206945779733e+06
5.888086000655427575e+06
5.886528560506512411e+06
5.884901301236535423e+06
5.883007741863022558e+06
5.881378328851302154e+06
5.880211978614331223e+06
5.879652396015460603e+06
5.879565960463361815e+06
5.880044108061213978e+06
5.880868250917278230e+06
5.881880566643129103e+06
5.882999112309152260e+06
5.883850813398701139e+06
5.884386633320792578e+06
5.884830275525538251e+06
5.885251506358789280e+06
5.885725322430473752e+06
5.886131651452548802e+06
5.886653808368617669e+06
5.887191647610836662e+06
5.887887911146571860e+06
5.888477422801329754e+06
5.888789144141712226e+06
5.888708679567971267e+06
5.888266512158438563e+06
5.887413960094307549e+06
5.886313024078421295e+06
5.884879111842672341e+06
5.883444298976100981e+06
5.882017607489706948e+06
5.880894375313402154e+06
5.880020024201719090e+06
5.879664518526312895e+06
5.879631352119758725e+06
5.880178976771055721e+06
5.880943133553438820e+06
5.882093429712027311e+06
5.882975148442571983e+06
5.884158265180157498e+06
