1.186355085093329847e+07
1.186449651021375135e+07
1.186485117286989838e+07
1.186522251079596765e+07
1.186534353025659174e+07
1.186588133630046248e+07
1.186616912057769112e+07
1.186634238669960387e+07
1.186635466622270457e+07
1.186617159403192252e+07
1.186568371766239963e+07
1.186498861060588248e+07
1.186367903131925873e+07
1.186257922347052768e+07
1.186149819669063576e+07
1.186014760117006674e+07
1.185918349656789564e+07
1.185839655020418204e+07
1.185796425589628890e+07
1.185819103266496211e+07
1.185899497946561128e+07
1.185996152522680350e+07
1.186119497872303054e+07
1.186253912902740389e+07
1.186387901102405973e+07
1.186488378744835965e+07
1.186548534176382609e+07
1.186588969917098060e+07
1.186602022652469203e+07
1.186589720484720357e+07
1.186590326983317919e+07
1.186598370220895857e+07
1.186603142033292353e+07
1.186619783054162003e+07
1.186633320760495216e+07
1.186607656418470480e+07
1.186537801902716421e+07
1.186455523017593659e+07
1.186347517262209207e+07
1.186195969232815132e+07
1.186029600643920712e+07
1.185886677748008259e+07
1.185782508673588373e+07
1.185726658831167966e+07
1.185764266135856323e+07
1.185846402663839981e+07
1.185972709697534330e+07
1.186162708213435113e+07
1.186338954352200776e+07
1.186466818829536624e+07
1.186583727317196876e+07
1.186624233116615005e+07
1.186612243915135041e+07
1.186598555016854405e+07
1.186543719270990230e+07
1.186506627079269849e+07
1.186512528799864277e+07
1.186524728006717935e+07
1.186578923616293259e+07
1.186641496455039829e+07
1.186628759553390741e+07
1.186590161061146110e+07
1.186527161293370463e+07
1.186374448532690667e+07
1.186190395269144326e+07
1.185979854933144338e+07
1.185777232167539559e+07
1.185649121216686070e+07
1.185614422849130817e+07
1.185641266738019511e+07
1.185771792796007171e+07
1.185967799262831546e+07
1.186195835535942391e+07
1.186397948741631582e+07
1.186524956293921918e+07
1.186615968660215288e+07
1.186624620624905080e+07
1.186575450695884414e+07
1.186500946128636226e+07
1.186426916383763961e+07
1.186389879391467944e+07
1.186393772216325067e+07
1.186459617040351219e+07
1.186554902217591554e+07
1.186635669066643529e+07
1.186667599255901948e+07
1.186654610955416784e+07
1.186559600669843145e+07
1.186379945107485913e+07
1.186139543514527567e+07
1.185892891326566041e+07
1.185673706233457848e+07
1.185554759905873425e+07
1.185542781581932493e+07
1.185607276873855293e+07
1.185791026667566039e+07
1.186039988271322474e+07
1.186279496566434391e+07
1.186463295917122066e+07
1.186583410841214657e+07
1.186636685698031262e+07
1.186589094982199930e+07
1.186483254451693594e+07
1.186361560777321644e+07
1.186272883759396337e+07
1.186251375370239653e+07
1.186311214040637948e+07
1.186425805348223075e+07
1.186564653667113930e+07
1.186697983767214604e+07
1.186781044686182402e+07
1.186754798143629543e+07
1.186619767666733824e+07
1.186403362028889172e+07
1.186121152010127157e+07
1.185839479492850788e+07
1.185646390180326253e+07
1.185553793393157981e+07
1.185563981787722744e+07
1.185693537100552768e+07
1.185933288032786734e+07
1.186192220723823644e+07
1.186428479053288512e+07
1.186590747669528052e+07
1.186671520915780775e+07
1.186628331388370320e+07
1.186520342867994308e+07
1.186354305364669114e+07
1.186203813826926239e+07
1.186115854217834771e+07
1.186135292567304708e+07
1.186232502416358329e+07
1.186395182075766847e+07
1.186589325779907219e+07
1.186764804423823208e+07
1.186847545866273530e+07
1.186784232573057525e+07
1.186618418148184754e+07
1.186360567195125669e+07
1.186052559448497556e+07
1.185785239169747569e+07
1.185631982790731266e+07
1.185565206276210770e+07
1.185627584572657570e+07
1.185827019070527516e+07
1.186089682102819532e+07
1.186352773641684838e+07
1.186555323044632375e+07
1.186669104530952312e+07
1.186656457196941413e+07
1.186560044128969871e+07
1.186379795383748040e+07
1.186167161705129594e+07
1.186006854370883480e+07
1.185965530647533573e+07
1.186016103563666344e+07
1.186139781678834744e+07
1.186359575020002201e+07
1.186619969929825142e+07
1.186797145384854265e+07
1.186839386819228716e+07
1.186772496720381267e+07
1.186580802561082318e+07
1.186320215841089189e+07
1.186037458877477050e+07
1.185805916347011551e+07
1.185698829438494891e+07
1.185684969616585970e+07
1.185820215491048060e+07
1.186047469783681072e+07
1.186288419457495026e+07
1.186540566130192205e+07
1.186710627199142426e+07
1.186720153448194452e+07
1.186651669274855033e+07
1.186483370964780264e+07
1.186231956597949937e+07
1.186008628140133247e+07
1.185867327571379207e+07
1.185838402341932058e+07
1.185918733574377559e+07
1.186093115039501153e+07
1.186361086373299547e+07
1.186620474277785979e+07
1.186779667107002437e+07
1.186813061403344758e+07
1.186730048538777977e+07
1.186547106029276736e+07
1.186305528430455551e+07
1.186071881527514756e+07
1.185885801616768725e+07
1.185842467490712367e+07
1.185963173582113534e+07
1.186068025801134482e+07
1.186307658563124388e+07
1.186552967240070365e+07
1.186743432905911840e+07
1.186804901932314411e+07
1.186753967435957678e+07
1.186590666362266801e+07
1.186376636232331954e+07
1.186090789055859670e+07
1.185863724929258786e+07
1.185766033029920794e+07
1.185754255846914090e+07
1.185853031188485585e+07
1.186093097956882231e+07
1.186354983752287179e+07
1.186595917396657914e+07
1.186744496606092714e+07
1.186733313609629124e+07
1.186628551310005598e+07
1.186475724114982784e+07
1.186288365420815535e+07
1.186092026943743043e+07
1.185993657597715035e+07
1.186025646912579611e+07
1.186141928277513199e+07
1.186315305262760818e+07
1.186515966286588088e+07
1.186737948701991141e+07
1.186836839133029245e+07
1.186829981523220800e+07
1.186706389059405960e+07
1.186499869899809547e+07
1.186230915104949474e+07
1.185975035268733650e+07
1.185762592912431434e+07
1.185674223958391510e+07
1.185706531740907952e+07
1.185846602480095066e+07
1.186074740705554001e+07
1.186313904955825582e+07
1.186516510915788449e+07
1.186629110307694413e+07
1.186615495997801982e+07
1.186543412018571422e+07
1.186430571657394804e+07
1.186283337210900337e+07
1.186146064719040692e+07
1.186269502910960093e+07
1.186209405604013428e+07
1.186375529562269710e+07
1.186528181859842129e+07
1.186724817176376469e+07
1.186862971427331679e+07
1.186921079269246757e+07
1.186819821190480329e+07
1.186656907439514063e+07
1.186395737330028974e+07
1.186148498388850130e+07
1.185914621154604293e+07
1.185739690639363229e+07
1.185677768753805384e+07
1.185750378193839453e+07
1.185874262165732309e+07
1.186067572788823768e+07
1.186279390279701352e+07
1.186437822299594805e+07
1.186514034262029640e+07
1.186497542220672406e+07
1.186451348156563751e+07
1.186371980330380797e+07
1.186268975704941154e+07
1.186255431120237522e+07
1.186327922025876679e+07
1.186407571545205079e+07
1.186545476330128312e+07
1.186694049895972572e+07
1.186822386575452797e+07
1.186924090331664123e+07
1.186895287196875922e+07
1.186747909697050229e+07
1.186570184163780138e+07
1.186345978904973157e+07
1.186105747514395975e+07
1.185896942807841860e+07
1.185752116833177209e+07
1.185731833178303018e+07
1.185800350894112885e+07
1.185891821689483523e+07
1.186037496227174625e+07
1.186197717416330241e+07
1.186317354587281868e+07
1.186384893352393992e+07
1.186407864794440381e+07
1.186375720545578934e+07
1.186366116562616266e+07
1.186356463351522386e+07
1.186384326441663876e+07
1.186460877618462034e+07
1.186549069189342484e+07
1.186665220963475294e+07
1.186775199023732357e+07
1.186856387538254075e+07
1.186875427768759429e+07
1.186810190317424946e+07
1.186658596734523401e+07
1.186495161781426147e+07
1.186315988863064535e+07
1.186109160171370208e+07
1.185929240197655372e+07
1.185837316421644948e+07
1.185802241115540080e+07
1.185812498300275579e+07
1.185885084915822744e+07
1.185978129493920691e+07
1.186096413742247596e+07
1.186208902654854022e+07
1.186290402341521159e+07
1.186314868854065612e+07
1.186354390803856030e+07
1.186399199782243744e+07
1.186434735665027238e+07
1.186478651454730332e+07
1.186545376430403069e+07
1.186614478089124151e+07
1.186691605525466986e+07
1.186762025915733539e+07
1.186784798752306774e+07
1.186773969911006652e+07
1.186714336011859402e+07
1.186609826258132234e+07
1.186484218754235096e+07
1.186324024862873927e+07
1.186165360914804414e+07
1.186018272478877194e+07
1.185916373539080657e+07
1.185835056158358231e+07
1.185825143046862260e+07
1.185838059587684460e+07
1.185911772086235322e+07
1.186007172500238195e+07
1.186129446651375853e+07
1.186198858237658814e+07
1.186320201039946079e+07
