5.710350196385709569e+06
5.712465076443430036e+06
5.712410842115452513e+06
5.713068739073866047e+06
5.713133670384363271e+06
5.713712084351020865e+06
5.714011959831021726e+06
5.714429854404877871e+06
5.714528099203133024e+06
5.714635124906392768e+06
5.714383951905924827e+06
5.714005081486113369e+06
5.713191096013139933e+06
5.712461525787084363e+06
5.711571411265372299e+06
5.710707015417315066e+06
5.709919227525300346e+06
5.709428045722105540e+06
5.709109001275552437e+06
5.709324992273597978e+06
5.710012283836916089e+06
5.710977569796344265e+06
5.712066142988312058e+06
5.713340444075108506e+06
5.714516993852702901e+06
5.715497637563024648e+06
5.716075246587560512e+06
5.716550497083080001e+06
5.716758096741624177e+06
5.716831117085768841e+06
5.716912684807892889e+06
5.717071683150934987e+06
5.717248349083406851e+06
5.717517243454684503e+06
5.717774260309888981e+06
5.717738254783637822e+06
5.717347550707820803e+06
5.716831620636794716e+06
5.716012757000166923e+06
5.714895211355208419e+06
5.713617466179957613e+06
5.712506886189583689e+06
5.711636721416946501e+06
5.711224308805067092e+06
5.711485085337241180e+06
5.712198103130560368e+06
5.713342251321569085e+06
5.714843479071699083e+06
5.716341457649953663e+06
5.717627566262658685e+06
5.718580445761187002e+06
5.719077314303071238e+06
5.719164364536558278e+06
5.719084177599928342e+06
5.718802096036688425e+06
5.718594279150849208e+06
5.718608480276633985e+06
5.718855485045520589e+06
5.719328778646037914e+06
5.719814036771536805e+06
5.719925082378852181e+06
5.719784833349121734e+06
5.719307171208394691e+06
5.718277807560255751e+06
5.716836624695109203e+06
5.715250761924011633e+06
5.713628548931673169e+06
5.712505143191431649e+06
5.712100384677562863e+06
5.712346917155959643e+06
5.713277691973847337e+06
5.714792215168069117e+06
5.716581375949535519e+06
5.718236885718123987e+06
5.719424876430597156e+06
5.720141001966861077e+06
5.720302171187664382e+06
5.719976163429654203e+06
5.719431264349680394e+06
5.718837031348534860e+06
5.718487253166511655e+06
5.718497060622376390e+06
5.718975901455303654e+06
5.719686510758885182e+06
5.720339257649390958e+06
5.720680990388565697e+06
5.720642180408752523e+06
5.719907083171729930e+06
5.718511414894429035e+06
5.716651793885568157e+06
5.714668612832115032e+06
5.712847533054423518e+06
5.711703438936681487e+06
5.711364912683214992e+06
5.711813386563614011e+06
5.713027290425647981e+06
5.714842680247970857e+06
5.716728555008295923e+06
5.718224174223137088e+06
5.719224513329444453e+06
5.719600789497721940e+06
5.719262456919430755e+06
5.718423607176767662e+06
5.717408726874436252e+06
5.716617510483393446e+06
5.716274731373760849e+06
5.716638682435618713e+06
5.717444654564053752e+06
5.718401175773986615e+06
5.719383332210349850e+06
5.719988371354923584e+06
5.719840484864639118e+06
5.718839348132945597e+06
5.717092515790680423e+06
5.714933164278901182e+06
5.712642409935761243e+06
5.710889518477845937e+06
5.709925825354075059e+06
5.709784642239161767e+06
5.710666662272857502e+06
5.712304646596665494e+06
5.714264719891686924e+06
5.716054732426683418e+06
5.717441368858591653e+06
5.718032629063175991e+06
5.717737830925893970e+06
5.716811172760283574e+06
5.715541837941006757e+06
5.714230550208811648e+06
5.713344807190160267e+06
5.713271688726339489e+06
5.713913727859933861e+06
5.715038903649209999e+06
5.716445361361443996e+06
5.717798350484427065e+06
5.718457098648128100e+06
5.718157646968825720e+06
5.716851147955569439e+06
5.714896921118590049e+06
5.712464497178799473e+06
5.710290607031689957e+06
5.708666627718721516e+06
5.707927722488065250e+06
5.708184315753853880e+06
5.709521369732477702e+06
5.711408752872943878e+06
5.713337435312659480e+06
5.715000045739105903e+06
5.715958776088543236e+06
5.715930747968886048e+06
5.715085333893120289e+06
5.713695750766498037e+06
5.712062626140126958e+06
5.710676854424519464e+06
5.710102979072243907e+06
5.710299523941252381e+06
5.711145571553341113e+06
5.712714496373527683e+06
5.714571935306239873e+06
5.715916288915603422e+06
5.716405531743318774e+06
5.715918716169147752e+06
5.714506906057809480e+06
5.712384875113819726e+06
5.710164698175161146e+06
5.708219115946151316e+06
5.706994078921715729e+06
5.706644427444401197e+06
5.707459436033508740e+06
5.709037540954617783e+06
5.710841720745944418e+06
5.712693619036562741e+06
5.714017941209897399e+06
5.714361070110909641e+06
5.713784471404103562e+06
5.712467109969529323e+06
5.710655271618344821e+06
5.708802459254289977e+06
5.707598239623616450e+06
5.707071705206266604e+06
5.707480078344805166e+06
5.708718744767552242e+06
5.710655295767933130e+06
5.712491515217737295e+06
5.713857253358753398e+06
5.714265326422999613e+06
5.713787732921554707e+06
5.712326568546221592e+06
5.710489290725018829e+06
5.708553861828830093e+06
5.707125532466816716e+06
5.706267023123824969e+06
5.706499801412169822e+06
5.707777701200569049e+06
5.709311974957113154e+06
5.711163383274611086e+06
5.712636174281603657e+06
5.713307069511586800e+06
5.713049557442929596e+06
5.711904219689136371e+06
5.710161687738339417e+06
5.708031179538923316e+06
5.706219591894138604e+06
5.705120740596376359e+06
5.704802971622623503e+06
5.705428175136541948e+06
5.707114346035332419e+06
5.709029763051556423e+06
5.710833077515345998e+06
5.712013091203117743e+06
5.712251061963967979e+06
5.711447640273377299e+06
5.710239901509150863e+06
5.708724744749688543e+06
5.707276823848743923e+06
5.706314074018271640e+06
5.706291264906605706e+06
5.706956236124637537e+06
5.708227097634015605e+06
5.709752736145038158e+06
5.711311761763818562e+06
5.712196484794774093e+06
5.712289527817793190e+06
5.711427780208134092e+06
5.709873514253706671e+06
5.707729303009266034e+06
5.705713275259680115e+06
5.703980369236758910e+06
5.703058521611071192e+06
5.702952129127081484e+06
5.703996090465942398e+06
5.705535640807996504e+06
5.707388833245140500e+06
5.708819833747812547e+06
5.709929639671464451e+06
5.709893483795727603e+06
5.709587480579098687e+06
5.708396700915608555e+06
5.707580377473736182e+06
5.706077080214049667e+06
5.704218755381179973e+06
5.706830331441669725e+06
5.707119026608178392e+06
5.708711624511341564e+06
5.709827195677451789e+06
5.711030881277953275e+06
5.711258941343280487e+06
5.710920127117572352e+06
5.709505444173346274e+06
5.707639562956103124e+06
5.705490146939379163e+06
5.703745753642583266e+06
5.702164292137419805e+06
5.701491861790630035e+06
5.701681708824331872e+06
5.702690291826324537e+06
5.703973564626983367e+06
5.705545348581430502e+06
5.706744465208484791e+06
5.707472609757279046e+06
5.707483155855000950e+06
5.707159771657087840e+06
5.706473426227010787e+06
5.705787039101518691e+06
5.705519826832695864e+06
5.705795913999908604e+06
5.706274319837958552e+06
5.707198711884558201e+06
5.708317057299591601e+06
5.709311033166543581e+06
5.709902483595141210e+06
5.709808871951322071e+06
5.708863521974553354e+06
5.707461617776045576e+06
5.705700886527732946e+06
5.703828368465172127e+06
5.702105809571074322e+06
5.700849782752647996e+06
5.700399973798393272e+06
5.700682365326250903e+06
5.701390624460631050e+06
5.702385753050898202e+06
5.703517508927381597e+06
5.704431252724358812e+06
5.705065064770606346e+06
5.705271190204262733e+06
5.705123197264507413e+06
5.704948219895380549e+06
5.704892926850816235e+06
5.705019395407709293e+06
5.705378038248243742e+06
5.705974370071523823e+06
5.706805994182097726e+06
5.707561301956112497e+06
5.708094469846912660e+06
5.708211676671320572e+06
5.707765194107098505e+06
5.706701856308641843e+06
5.705381321267503314e+06
5.703924380569602363e+06
5.702307614727212116e+06
5.700896290009811521e+06
5.700010344801221974e+06
5.699525928995853290e+06
5.699478606515780091e+06
5.699864744784222916e+06
5.700553785152210854e+06
5.701310693710031919e+06
5.702189736221012659e+06
5.702812056834599003e+06
5.703156122068770230e+06
5.703405744550977834e+06
5.703721235854174010e+06
5.703965378253280185e+06
5.704266719661570154e+06
5.704621448790779337e+06
5.705103807174243964e+06
5.705571652287857607e+06
5.706067611363655888e+06
5.706207307848404162e+06
5.706135884469487704e+06
5.705647083704710007e+06
5.704936869223562069e+06
5.703861534881686792e+06
5.702691172544716857e+06
5.701344692403079011e+06
5.700227523165984079e+06
5.699179792021696456e+06
5.698610922100367956e+06
5.698202988882082514e+06
5.698372422836979851e+06
5.698631123132440262e+06
5.699529673510597087e+06
5.700122624567909166e+06
5.701169239553952590e+06
5.701374173829815350e+06
