6.967503388990604877e+07
6.967472101282718778e+07
6.967626144711430371e+07
6.967660358251863718e+07
6.967718202049921453e+07
6.967706823079316318e+07
6.967700263938054442e+07
6.967649783872756362e+07
6.967611750230672956e+07
6.967540819318579137e+07
6.967479755540876091e+07
6.967392103312781453e+07
6.967317555773787200e+07
6.967237552606521547e+07
6.967185616623060405e+07
6.967178428328661621e+07
6.967186164450247586e+07
6.967167913065020740e+07
6.967132461550968885e+07
6.967100357955293357e+07
6.967109449676823616e+07
6.967176710496667027e+07
6.967324218963767588e+07
6.967503928532423079e+07
6.967672522819867730e+07
6.967798421241289377e+07
6.967864919991515577e+07
6.967875143498106301e+07
6.967870993835142255e+07
6.967856126820798218e+07
6.967852531912350655e+07
6.967864509693810344e+07
6.967892891377310455e+07
6.967934277835632861e+07
6.967995946745523810e+07
6.968059441599623859e+07
6.968099754291601479e+07
6.968087823159216344e+07
6.968056206360824406e+07
6.968022484256525338e+07
6.967950578404004872e+07
6.967833175700660050e+07
6.967702147236974537e+07
6.967579582075084746e+07
6.967493949844214320e+07
6.967469655134585500e+07
6.967512299942508340e+07
6.967616678447853029e+07
6.967764273262651265e+07
6.967970589558562636e+07
6.968203476951187849e+07
6.968380798990868032e+07
6.968451343708227575e+07
6.968397482680147886e+07
6.968274611071240902e+07
6.968115079292078316e+07
6.967927743692673743e+07
6.967759617193636298e+07
6.967637482683323324e+07
6.967565218346427381e+07
6.967554984305059910e+07
6.967566387578891218e+07
6.967557116308638453e+07
6.967512391158880293e+07
6.967422765636567771e+07
6.967307180014550686e+07
6.967182060578112304e+07
6.967087353157326579e+07
6.967048721244202554e+07
6.967104902360224724e+07
6.967291352145327628e+07
6.967579750358875096e+07
6.967916550269858539e+07
6.968236383830793202e+07
6.968472247284507751e+07
6.968609668955045938e+07
6.968679998822884262e+07
6.968659051879023015e+07
6.968568070131543279e+07
6.968457396735979617e+07
6.968360046408207715e+07
6.968297422797742486e+07
6.968287768590153754e+07
6.968331668476866186e+07
6.968410854273924232e+07
6.968512887056230009e+07
6.968589344335708022e+07
6.968590260364957154e+07
6.968503513069757819e+07
6.968316566791695356e+07
6.968070203164608777e+07
6.967830495444548130e+07
6.967650253369747102e+07
6.967590286886785924e+07
6.967662519164013863e+07
6.967844164849609137e+07
6.968091215413589776e+07
6.968344833332662284e+07
6.968565603049600124e+07
6.968743573173162341e+07
6.968872421831288934e+07
6.968952284829081595e+07
6.968958741029015183e+07
6.968880400331322849e+07
6.968710508073444664e+07
6.968515318326984346e+07
6.968354461791507900e+07
6.968255655543871224e+07
6.968206483409672976e+07
6.968212936118271947e+07
6.968248054835973680e+07
6.968267686782594025e+07
6.968228947446130216e+07
6.968118302322861552e+07
6.967951723806421459e+07
6.967775325790143013e+07
6.967595073114137352e+07
6.967408734619961679e+07
6.967254586295881867e+07
6.967191767959275842e+07
6.967259220041473210e+07
6.967483766635359824e+07
6.967823607129898667e+07
6.968198489466229081e+07
6.968510201188060641e+07
6.968691115781140327e+07
6.968713569581095874e+07
6.968593492784275115e+07
6.968364786170510948e+07
6.968107156856848300e+07
6.967906416111712158e+07
6.967821736218787730e+07
6.967853988708496094e+07
6.967986897865086794e+07
6.968174699901571870e+07
6.968342669688786566e+07
6.968448742161281407e+07
6.968469108184748888e+07
6.968434461320893466e+07
6.968324689918336272e+07
6.968083714948156476e+07
6.967799857512094080e+07
6.967555130993539095e+07
6.967416488089770079e+07
6.967406289721605182e+07
6.967561272698734701e+07
6.967871157483793795e+07
6.968244411966815591e+07
6.968558096277686954e+07
6.968750811343008280e+07
6.968798589394247532e+07
6.968741960637120903e+07
6.968604847733774781e+07
6.968442887001842260e+07
6.968305271931633353e+07
6.968226866588495672e+07
6.968234602742037177e+07
6.968364838476273417e+07
6.968605107235121727e+07
6.968872941237455606e+07
6.969061446261319518e+07
6.969124684392952919e+07
6.969062699707730114e+07
6.968908000039504468e+07
6.968671100905449688e+07
6.968372087535196543e+07
6.968046785186795890e+07
6.967778542766793072e+07
6.967618673998701572e+07
6.967613875888402760e+07
6.967785752798299491e+07
6.968089571710623801e+07
6.968394480412547290e+07
6.968640860080711544e+07
6.968763074565386772e+07
6.968763785207837820e+07
6.968611497357511520e+07
6.968323759758289158e+07
6.967984497538262606e+07
6.967703700545074046e+07
6.967515420663206279e+07
6.967487088791386783e+07
6.967621697441352904e+07
6.967893853798884153e+07
6.968176197690224648e+07
6.968426898255373538e+07
6.968586281119064987e+07
6.968673988798481226e+07
6.968645974606078863e+07
6.968475352762523293e+07
6.968153843049806356e+07
6.967849279308757186e+07
6.967633022555793822e+07
6.967450473402257264e+07
6.967471000671342015e+07
6.967631299891278148e+07
6.967893509482178092e+07
6.968165490405732393e+07
6.968377650653119385e+07
6.968501423174667358e+07
6.968500007303658128e+07
6.968348694182775915e+07
6.968095067329706252e+07
6.967802179442854226e+07
6.967562176389829814e+07
6.967448525301547348e+07
6.967497017595061660e+07
6.967724144000326097e+07
6.968059536517998576e+07
6.968383139013326168e+07
6.968611556164890528e+07
6.968719506057941914e+07
6.968736822513526678e+07
6.968680177110224962e+07
6.968512665511372685e+07
6.968311014932991564e+07
6.968115353151018918e+07
6.967999332297451794e+07
6.967999040396174788e+07
6.968127974182671309e+07
6.968333904668056965e+07
6.968535771926575899e+07
6.968666753351195157e+07
6.968725282897406816e+07
6.968692185314363241e+07
6.968544612042085826e+07
6.968288731895366311e+07
6.968002077664226294e+07
6.967706771834655106e+07
6.967497631767486036e+07
6.967425938292005658e+07
6.967539261325144768e+07
6.967754571549277008e+07
6.968032364450027049e+07
6.968251723557239771e+07
6.968406870721675456e+07
6.968443979203324020e+07
6.968405964116075635e+07
6.968224471355350316e+07
6.968059462267754972e+07
6.967537645517490804e+07
6.967717500374606252e+07
6.967544423950394988e+07
6.967576212207511067e+07
6.967621394563908875e+07
6.967818076376803219e+07
6.968029987012071908e+07
6.968239760976336896e+07
6.968318346621365845e+07
6.968283618429304659e+07
6.968127735228374600e+07
6.967917268078584969e+07
6.967655791302521527e+07
6.967421980405023694e+07
6.967231798731538653e+07
6.967153360296283662e+07
6.967155136479184031e+07
6.967255306695424020e+07
6.967402500870543718e+07
6.967539715164543688e+07
6.967633019968628883e+07
6.967688610762637854e+07
6.967679708818303049e+07
6.967619279305355251e+07
6.967523825206412375e+07
6.967444852700607479e+07
6.967392788064000010e+07
6.967407580459785461e+07
6.967485640789256990e+07
6.967661643220911920e+07
6.967895054216942191e+07
6.968150816870458424e+07
6.968333841732649505e+07
6.968427301685540378e+07
6.968407407845003903e+07
6.968271607166351378e+07
6.968043920080654323e+07
6.967774742595885694e+07
6.967539558080415428e+07
6.967372137976454198e+07
6.967270221892230213e+07
6.967237174310138822e+07
6.967269920269219577e+07
6.967328714253892004e+07
6.967393808155491948e+07
6.967450089184157550e+07
6.967495631362877786e+07
6.967515956271022558e+07
6.967517798420776427e+07
6.967500771111549437e+07
6.967475135729022324e+07
6.967473025323103368e+07
6.967505160759566724e+07
6.967558979475003481e+07
6.967654576895704865e+07
6.967755935518559813e+07
6.967816999540372193e+07
6.967827466227027774e+07
6.967789149434441328e+07
6.967675316792966425e+07
6.967488259150332212e+07
6.967270376872260869e+07
6.967077846827612817e+07
6.966925872351454198e+07
6.966831028334800899e+07
6.966812402713188529e+07
6.966867722125385702e+07
6.966987594469635189e+07
6.967141934211529791e+07
6.967258080428801477e+07
6.967350191101871431e+07
6.967402824975834787e+07
6.967443256071278453e+07
6.967459451513965428e+07
6.967468987268219888e+07
6.967450272619025409e+07
6.967438327348363400e+07
6.967444634120656550e+07
6.967488061238332093e+07
6.967553383286574483e+07
6.967658722264215350e+07
6.967757209365926683e+07
6.967834729252789915e+07
6.967816969228897989e+07
6.967728531210999191e+07
6.967566286674980819e+07
6.967390463932336867e+07
6.967175667635750771e+07
6.966999051235069335e+07
6.966847668786272407e+07
6.966785022697837651e+07
6.966745364095468819e+07
6.966800635689176619e+07
6.966859109831221402e+07
6.967032158215959370e+07
6.967122231246131659e+07
