2.320481732214615867e+07
2.320619277014531940e+07
2.320628434177829325e+07
2.320678170292488858e+07
2.320704813427655771e+07
2.320759551799163967e+07
2.320790421753067523e+07
2.320813589676240087e+07
2.320813623147536069e+07
2.320818465777717531e+07
2.320795362225671485e+07
2.320707628890216723e+07
2.320579035363449529e+07
2.320449737019452080e+07
2.320307445145766065e+07
2.320166968969701603e+07
2.320065177411178499e+07
2.320008854796320945e+07
2.319997844096684456e+07
2.320012456222239509e+07
2.320066395138562098e+07
2.320139192981876805e+07
2.320222479617467150e+07
2.320330471819923818e+07
2.320426317705246061e+07
2.320500881712386757e+07
2.320536257230880111e+07
2.320564808479719236e+07
2.320567272127804905e+07
2.320549314092208073e+07
2.320540197318156064e+07
2.320537614439403266e+07
2.320534386075222492e+07
2.320544776507270336e+07
2.320565774953018874e+07
2.320556525134365633e+07
2.320509323079361767e+07
2.320444389950760454e+07
2.320353106824043021e+07
2.320215046791094169e+07
2.320051801900491491e+07
2.319908273270097375e+07
2.319797217949073762e+07
2.319743181612054259e+07
2.319772606620432064e+07
2.319857019445940852e+07
2.319992020288425311e+07
2.320167877154550329e+07
2.320343922121708095e+07
2.320488146385282278e+07
2.320596988572335988e+07
2.320646745149268582e+07
2.320655748685934395e+07
2.320651636419231817e+07
2.320629690886193141e+07
2.320604827914288640e+07
2.320604478448350728e+07
2.320626915706541762e+07
2.320666870408709720e+07
2.320702964403992891e+07
2.320695179880951717e+07
2.320650167627451941e+07
2.320564095473133773e+07
2.320419585796004906e+07
2.320236635365663841e+07
2.320045255665813759e+07
2.319877667707311735e+07
2.319765124507345632e+07
2.319734202917804569e+07
2.319752911966707185e+07
2.319838858543445542e+07
2.319987442858251929e+07
2.320167848786870390e+07
2.320335077284596860e+07
2.320447584292051196e+07
2.320511123002016917e+07
2.320515241262568533e+07
2.320469566838295758e+07
2.320397417250164971e+07
2.320319107064549625e+07
2.320275026843326166e+07
2.320279974978568777e+07
2.320333321368306503e+07
2.320400873082007095e+07
2.320456981085246429e+07
2.320477882414019853e+07
2.320457551199286431e+07
2.320365910953462869e+07
2.320191915126344562e+07
2.319971768606444821e+07
2.319748340022104979e+07
2.319549672947265580e+07
2.319433290759906173e+07
2.319411435359922051e+07
2.319489583937949687e+07
2.319661913990271091e+07
2.319899095202564076e+07
2.320140833993303031e+07
2.320335018019155040e+07
2.320459532721472159e+07
2.320510293327656016e+07
2.320476888833787292e+07
2.320394338273326308e+07
2.320290236888876557e+07
2.320215181233760342e+07
2.320197099903044850e+07
2.320264190236791223e+07
2.320383449968716875e+07
2.320516363806091994e+07
2.320650730037025735e+07
2.320738817664046586e+07
2.320731683309230581e+07
2.320627462965316698e+07
2.320458604726036638e+07
2.320271554221503437e+07
2.320071001638219133e+07
2.319923958589819446e+07
2.319865271731978282e+07
2.319925424533595517e+07
2.320080528996204585e+07
2.320297042604396120e+07
2.320540065321432054e+07
2.320759347971462831e+07
2.320955679103722796e+07
2.321028265415014327e+07
2.320973813615717366e+07
2.320833914229303971e+07
2.320658712289402261e+07
2.320491366621595249e+07
2.320378816446807981e+07
2.320365657939385623e+07
2.320451694376312569e+07
2.320608337122732028e+07
2.320789375565396622e+07
2.320952506045414880e+07
2.321054955455302447e+07
2.321042433519136906e+07
2.320915564421668649e+07
2.320695383881115541e+07
2.320402260080039129e+07
2.320140203569772840e+07
2.319963256189614907e+07
2.319899049530476704e+07
2.319953749656331912e+07
2.320118427773207054e+07
2.320346856696022302e+07
2.320582975425605476e+07
2.320795279479946569e+07
2.320924294959422573e+07
2.320975176454833150e+07
2.320906019591671973e+07
2.320744417433483526e+07
2.320540275013785064e+07
2.320413702330863103e+07
2.320387946696671844e+07
2.320426468105316535e+07
2.320548251324636117e+07
2.320768271509541199e+07
2.321021167307102308e+07
2.321207489357135817e+07
2.321288138801890239e+07
2.321246445931686834e+07
2.321052394625480473e+07
2.320746719837526232e+07
2.320437997807500139e+07
2.320191248142189160e+07
2.320053104629318789e+07
2.320017203495563567e+07
2.320098833062697574e+07
2.320263327776517347e+07
2.320466543691025674e+07
2.320693140575884655e+07
2.320856471146910265e+07
2.320875413110804558e+07
2.320788781371175870e+07
2.320610628364862502e+07
2.320377098387526721e+07
2.320155734157587960e+07
2.320012250263460726e+07
2.319960048820668086e+07
2.320031417962857336e+07
2.320185181396560743e+07
2.320416988525301218e+07
2.320656195352660865e+07
2.320860541863790900e+07
2.320935119899364561e+07
2.320862128035700321e+07
2.320655007416068017e+07
2.320397122425850481e+07
2.320145669448196143e+07
2.319959324399663880e+07
2.319882415914689377e+07
2.320007925287529826e+07
2.320124070880568773e+07
2.320359054875078797e+07
2.320629007006527856e+07
2.320854145641465485e+07
2.320957474457195029e+07
2.320916369634736329e+07
2.320761672397865728e+07
2.320552710382216051e+07
2.320328192359554395e+07
2.320110480177352577e+07
2.319943771897060052e+07
2.319888008758539706e+07
2.319974225038512796e+07
2.320200944838371128e+07
2.320443044890181720e+07
2.320681184758747742e+07
2.320835440881224722e+07
2.320847794400167093e+07
2.320761464757356793e+07
2.320639412181026116e+07
2.320482227219460160e+07
2.320313943347799778e+07
2.320196171244696528e+07
2.320177650938725471e+07
2.320257246911707520e+07
2.320426225785141438e+07
2.320662278072330728e+07
2.320894651044083014e+07
2.321015055729262903e+07
2.321017233435019851e+07
2.320873677858798578e+07
2.320622412362914532e+07
2.320340734070796147e+07
2.320117597432381660e+07
2.319909222682143748e+07
2.319788567304138094e+07
2.319780058011309430e+07
2.319883914642778784e+07
2.320075420192112401e+07
2.320318147316971421e+07
2.320541523212786019e+07
2.320672637191683054e+07
2.320670261197530851e+07
2.320608638049664721e+07
2.320465699476556852e+07
2.320331488535542041e+07
2.320190147580724955e+07
2.319955963060394302e+07
2.320340867700401694e+07
2.320423108337037638e+07
2.320653419093418866e+07
2.320812430523192137e+07
2.320966431815341488e+07
2.320978413877268881e+07
2.320913518362759799e+07
2.320708114305616543e+07
2.320454868884442002e+07
2.320175191333567351e+07
2.319947087954210490e+07
2.319755135527578369e+07
2.319691917402774841e+07
2.319727562320897356e+07
2.319852371806307510e+07
2.320012132558925822e+07
2.320200988607621565e+07
2.320326474346044660e+07
2.320391354308592528e+07
2.320382429502594844e+07
2.320348398850419372e+07
2.320269153526239470e+07
2.320192011463045329e+07
2.320164620177785680e+07
2.320199947466376051e+07
2.320272221793658286e+07
2.320393703014082089e+07
2.320528933613110334e+07
2.320649552029537782e+07
2.320715865703883395e+07
2.320682259295042977e+07
2.320542420907485113e+07
2.320347266300834343e+07
2.320126552985388413e+07
2.319888988998687640e+07
2.319687298048829287e+07
2.319567363605788723e+07
2.319555137166117877e+07
2.319613338662349060e+07
2.319719438551482186e+07
2.319842791742225736e+07
2.319953837470587343e+07
2.320035710621868819e+07
2.320108457146240026e+07
2.320152322649421543e+07
2.320147240263666585e+07
2.320099895631554350e+07
2.320093084995207563e+07
2.320115024392697215e+07
2.320168045821994916e+07
2.320235886280668154e+07
2.320321174308968708e+07
2.320411539144510403e+07
2.320485585757960752e+07
2.320500828831484541e+07
2.320461840599432588e+07
2.320316148790738359e+07
2.320087036213445291e+07
2.319862482130917162e+07
2.319638853480731696e+07
2.319471394129010290e+07
2.319396890788611770e+07
2.319365664648359269e+07
2.319394227054905891e+07
2.319491334887060896e+07
2.319624378838187084e+07
2.319748172561683878e+07
2.319882123178510740e+07
2.319975641421404853e+07
2.320015765526209399e+07
2.320045751219153777e+07
2.320079687744638696e+07
2.320112751496061683e+07
2.320140507932733372e+07
2.320133610472378135e+07
2.320134136708879471e+07
2.320137290727020428e+07
2.320152135889900103e+07
2.320128002005327120e+07
2.320080124880003557e+07
2.319982216973876581e+07
2.319861315952156112e+07
2.319698336717894673e+07
2.319531514665258676e+07
2.319358789937224239e+07
2.319230027189415321e+07
2.319112512247150391e+07
2.319057289488805085e+07
2.319030239593748003e+07
2.319079642445349321e+07
2.319141635822086781e+07
2.319278802727221698e+07
2.319373511168101802e+07
2.319525411378277466e+07
2.319570690984060615e+07
