2.470379596680697426e+07
2.470352368886125460e+07
2.470430121716080979e+07
2.470439923529767990e+07
2.470484025807921588e+07
2.470518233230818808e+07
2.470597349174711108e+07
2.470620048991107196e+07
2.470619920849504694e+07
2.470585023764355481e+07
2.470543327216468379e+07
2.470451836760246009e+07
2.470340806517604738e+07
2.470238419228502735e+07
2.470137048859830946e+07
2.470024570393978059e+07
2.469928926080194861e+07
2.469861539907706901e+07
2.469838709160292149e+07
2.469857857665874436e+07
2.469922625066083297e+07
2.470014911918624118e+07
2.470138032972332090e+07
2.470287326028410345e+07
2.470440793417475373e+07
2.470551565964036807e+07
2.470630539749564976e+07
2.470680373481882364e+07
2.470716077658579499e+07
2.470726622741063684e+07
2.470734306616474316e+07
2.470741279212284833e+07
2.470754685882208869e+07
2.470773772849540785e+07
2.470807138263592124e+07
2.470806200455766916e+07
2.470778230394339561e+07
2.470723572442607209e+07
2.470621315067430586e+07
2.470471569029587880e+07
2.470304011624002829e+07
2.470154830596259981e+07
2.470031316796622053e+07
2.469947866390805691e+07
2.469943006274355948e+07
2.469999874289936572e+07
2.470141514778254181e+07
2.470314609844060615e+07
2.470473916682072729e+07
2.470613442467048764e+07
2.470698487145772949e+07
2.470740304624538124e+07
2.470747807996484637e+07
2.470722188307040930e+07
2.470670355972752720e+07
2.470627904529173300e+07
2.470611108107448742e+07
2.470622368612652645e+07
2.470661819949021563e+07
2.470699610945935547e+07
2.470710573402439058e+07
2.470692265945169702e+07
2.470637688351843879e+07
2.470525733813682571e+07
2.470371954097294435e+07
2.470173695453260094e+07
2.469984014816504344e+07
2.469846834266052768e+07
2.469791805499212816e+07
2.469810320881527290e+07
2.469902733190400153e+07
2.470069914561300352e+07
2.470259375022610277e+07
2.470450459406390414e+07
2.470599108964267373e+07
2.470687728882483765e+07
2.470722944815828651e+07
2.470690591786634549e+07
2.470624114579579979e+07
2.470559787804800645e+07
2.470525126897322759e+07
2.470526362268143892e+07
2.470567937984050065e+07
2.470645613243738562e+07
2.470711559656484053e+07
2.470751523462393135e+07
2.470747341409728676e+07
2.470661849945943430e+07
2.470497590977810323e+07
2.470282026836686581e+07
2.470058319328110293e+07
2.469867162538477033e+07
2.469743104525488615e+07
2.469717493401748314e+07
2.469793799399463832e+07
2.469946195269083977e+07
2.470168507545596734e+07
2.470403038601769134e+07
2.470586710423507914e+07
2.470714734782828018e+07
2.470769103995195776e+07
2.470747618233979493e+07
2.470658138191017509e+07
2.470542849090251699e+07
2.470444776200579479e+07
2.470406013495894149e+07
2.470451505047703534e+07
2.470557472572436929e+07
2.470685650890963525e+07
2.470829167469599098e+07
2.470938686204088852e+07
2.470960067305148020e+07
2.470863219555715844e+07
2.470663485015262291e+07
2.470395128387311846e+07
2.470118103180592880e+07
2.469902451968232170e+07
2.469784151113450527e+07
2.469771645417648181e+07
2.469886664337229729e+07
2.470094869023688510e+07
2.470349082618258521e+07
2.470584974884472042e+07
2.470783045228978246e+07
2.470885403919574246e+07
2.470898060933516175e+07
2.470829918685115129e+07
2.470732225821756572e+07
2.470614552180781588e+07
2.470528308459855244e+07
2.470514391586104035e+07
2.470579707788399234e+07
2.470714752770483866e+07
2.470887981229256094e+07
2.471057022487406433e+07
2.471152018351335824e+07
2.471106478027676791e+07
2.470941296473043039e+07
2.470702264940330014e+07
2.470403294476556778e+07
2.470131419807336479e+07
2.469933159659846872e+07
2.469839025235876068e+07
2.469870577390165627e+07
2.470034247597518936e+07
2.470274542858279869e+07
2.470522115126223117e+07
2.470745082184340805e+07
2.470887404004054889e+07
2.470918467454291880e+07
2.470840498975614458e+07
2.470691005687107518e+07
2.470497833587963879e+07
2.470331391080295295e+07
2.470253994711571187e+07
2.470266163823617622e+07
2.470360572770951688e+07
2.470537057359950244e+07
2.470745285470043495e+07
2.470894531789057702e+07
2.470939616887653619e+07
2.470880865985815972e+07
2.470717706146631017e+07
2.470474215088910237e+07
2.470208993579257652e+07
2.469982152998851240e+07
2.469828339882736653e+07
2.469786283360583708e+07
2.469876147586084157e+07
2.470067945970503241e+07
2.470295687584771588e+07
2.470538412796184048e+07
2.470721143497719988e+07
2.470798564413838834e+07
2.470753792110385746e+07
2.470624402884248644e+07
2.470421635874447599e+07
2.470207946876012534e+07
2.470053734607531875e+07
2.469995256995595247e+07
2.470037376955805346e+07
2.470196173371326923e+07
2.470429403363324702e+07
2.470674048727641627e+07
2.470852466222474352e+07
2.470933193338639289e+07
2.470889062059392408e+07
2.470746991656128690e+07
2.470535203009955958e+07
2.470328424147365615e+07
2.470147139796611294e+07
2.470088331329346821e+07
2.470207287621666119e+07
2.470246532162412629e+07
2.470473564496514946e+07
2.470696129332248122e+07
2.470907676584056765e+07
2.471020656565880030e+07
2.471022123031764477e+07
2.470903765165343881e+07
2.470698452359398082e+07
2.470448074820126221e+07
2.470230330215533078e+07
2.470082571163898334e+07
2.470036289388117194e+07
2.470112107990290225e+07
2.470302816141973063e+07
2.470528579948579520e+07
2.470744302146695182e+07
2.470895960149050876e+07
2.470938409824608639e+07
2.470865821206295118e+07
2.470729933441305533e+07
2.470566436553464830e+07
2.470404387298432738e+07
2.470291801356852800e+07
2.470274277538216859e+07
2.470356897140004113e+07
2.470513246634072065e+07
2.470712422901209071e+07
2.470896295982630178e+07
2.471022842604550347e+07
2.471043510227183998e+07
2.470960466526220739e+07
2.470788332031903043e+07
2.470561031073774025e+07
2.470318445058104768e+07
2.470125023780895025e+07
2.470007436954063922e+07
2.469998249161636829e+07
2.470107650022462383e+07
2.470304698470772803e+07
2.470511449836768955e+07
2.470709914621923864e+07
2.470836305483875424e+07
2.470881183946909755e+07
2.470841021081932634e+07
2.470761451640518010e+07
2.470628024589958042e+07
2.470571906947188079e+07
2.470600315286963433e+07
2.470556985254291072e+07
2.470672309211675450e+07
2.470811285414892063e+07
2.470984356310967728e+07
2.471106056380339339e+07
2.471168709341637418e+07
2.471134404129283503e+07
2.471004962340807170e+07
2.470782969930517673e+07
2.470558400342264771e+07
2.470353238471893221e+07
2.470188308582646027e+07
2.470111753307974711e+07
2.470137716121117398e+07
2.470251387290125340e+07
2.470412396678968146e+07
2.470584306670584530e+07
2.470732851033846289e+07
2.470826035266276821e+07
2.470845936899639294e+07
2.470821708950220793e+07
2.470763398673517630e+07
2.470717143576036021e+07
2.470725529841800407e+07
2.470748637979232520e+07
2.470812328850557655e+07
2.470914425594886765e+07
2.471047316146100312e+07
2.471171991132676974e+07
2.471268327120159194e+07
2.471275371306082979e+07
2.471179697056197375e+07
2.471006474777365848e+07
2.470796807597443089e+07
2.470568878148486465e+07
2.470361242791574821e+07
2.470208183051072806e+07
2.470146828305080906e+07
2.470176577410422638e+07
2.470267953110069036e+07
2.470384526123083755e+07
2.470525574746077508e+07
2.470638736821807548e+07
2.470714041427267343e+07
2.470743236874369532e+07
2.470737926013459638e+07
2.470726472646826133e+07
2.470734994564351812e+07
2.470769464926046133e+07
2.470824497219029069e+07
2.470905480862308666e+07
2.471005367632565275e+07
2.471105261168680340e+07
2.471179855567518249e+07
2.471207098189349100e+07
2.471167993414551020e+07
2.471051696698244661e+07
2.470895074729782715e+07
2.470732808440370113e+07
2.470560938690483570e+07
2.470411337872361392e+07
2.470303191018280387e+07
2.470256419461230189e+07
2.470262930973277241e+07
2.470314274300329015e+07
2.470406643216386437e+07
2.470524569905906543e+07
2.470643060683649033e+07
2.470723781780669466e+07
2.470766853782457486e+07
2.470803875960791484e+07
2.470840607904784754e+07
2.470884401621904597e+07
2.470922882744202018e+07
2.470988315943797305e+07
2.471067120603889227e+07
2.471145985776546970e+07
2.471207848908688873e+07
2.471245296768879518e+07
2.471241120816143230e+07
2.471190216394812986e+07
2.471093761755922809e+07
2.470978373825848475e+07
2.470838716063784808e+07
2.470693415185159445e+07
2.470541382964873314e+07
2.470415155503610522e+07
2.470322867020009086e+07
2.470286102516895905e+07
2.470288399927297607e+07
2.470327183088537306e+07
2.470377990006964281e+07
2.470463726372791454e+07
2.470529201592269540e+07
2.470622298461511359e+07
