1.923053887911323458e+07
1.923115058111877739e+07
1.923170538996427879e+07
1.923187772368523851e+07
1.923193566562123224e+07
1.923173623758500069e+07
1.923170532984725758e+07
1.923192881588412449e+07
1.923215881627571955e+07
1.923249916628687084e+07
1.923254251262390986e+07
1.923157228673916683e+07
1.923044837154546753e+07
1.922957413455327973e+07
1.922855234026518837e+07
1.922746067197098956e+07
1.922649998316238448e+07
1.922590280907713622e+07
1.922585343039427698e+07
1.922623710869162902e+07
1.922658578304888308e+07
1.922699786704298854e+07
1.922774380517015979e+07
1.922883580488544330e+07
1.922985518622480705e+07
1.923036951984813064e+07
1.923073459692807868e+07
1.923093828214759752e+07
1.923113804950466752e+07
1.923133596980899572e+07
1.923147994813931733e+07
1.923164863721453026e+07
1.923214967196420953e+07
1.923248843475186080e+07
1.923304207203425094e+07
1.923327030352364853e+07
1.923286947599108890e+07
1.923213854757440463e+07
1.923084556100147218e+07
1.922899862907715887e+07
1.922732292490458488e+07
1.922612203619416058e+07
1.922554090270948410e+07
1.922529600070805103e+07
1.922540585624879971e+07
1.922583752623500675e+07
1.922679342573039979e+07
1.922811805812073126e+07
1.922947400223352760e+07
1.923067302336177602e+07
1.923208810388760641e+07
1.923267961282950267e+07
1.923259945957548916e+07
1.923208131382709369e+07
1.923115115974548832e+07
1.923029160224540159e+07
1.922978851836874709e+07
1.922958682215582579e+07
1.922971592824045569e+07
1.922968377183543891e+07
1.922927343077858537e+07
1.922851493895272166e+07
1.922745613682807982e+07
1.922590692903330550e+07
1.922401237424977496e+07
1.922216843107181042e+07
1.922046113073819876e+07
1.921926962472195178e+07
1.921888425652400404e+07
1.921924040487267822e+07
1.921996891646760330e+07
1.922101488877480850e+07
1.922247680451451242e+07
1.922393974413762614e+07
1.922521490946324170e+07
1.922627776252964139e+07
1.922724743134690821e+07
1.922765711179420352e+07
1.922704754561089352e+07
1.922601967057940736e+07
1.922531767664290220e+07
1.922504190758768097e+07
1.922524825292212889e+07
1.922579977118808404e+07
1.922638204289946705e+07
1.922673552045531943e+07
1.922668957088248059e+07
1.922584632744608447e+07
1.922424591619577631e+07
1.922209353053199872e+07
1.921988628231905773e+07
1.921837110725906491e+07
1.921779943816703185e+07
1.921783452186601609e+07
1.921830199714144692e+07
1.921948226177788153e+07
1.922130092443474010e+07
1.922325714678838104e+07
1.922491498759670928e+07
1.922615326662340015e+07
1.922666433830484003e+07
1.922637467852751911e+07
1.922562784931573644e+07
1.922450575513453782e+07
1.922350394175703824e+07
1.922310312092400342e+07
1.922363669821700454e+07
1.922507822172234580e+07
1.922685686789910123e+07
1.922879655837783217e+07
1.923055182507008687e+07
1.923105137656213343e+07
1.923019864572056383e+07
1.922803898640842736e+07
1.922548951923755556e+07
1.922285208219169080e+07
1.922051294807147235e+07
1.921903773814553022e+07
1.921864891839784756e+07
1.921978643650172651e+07
1.922173706149790064e+07
1.922405358903472498e+07
1.922634361482692510e+07
1.922855693644172326e+07
1.922991599373323843e+07
1.923000750125345588e+07
1.922907520423098281e+07
1.922739720374168828e+07
1.922562176351662353e+07
1.922432258797089756e+07
1.922409798993568122e+07
1.922494638652941585e+07
1.922659970878074318e+07
1.922813847992336750e+07
1.922919116174998879e+07
1.922952564586367086e+07
1.922900251894842461e+07
1.922772086672816053e+07
1.922577006619745493e+07
1.922328716339546815e+07
1.922089245886658132e+07
1.921918376066403836e+07
1.921816723666704074e+07
1.921847576147480682e+07
1.922022328458996862e+07
1.922265798462479562e+07
1.922482312047342584e+07
1.922657582892414182e+07
1.922772812565090880e+07
1.922815638561469689e+07
1.922763333994237334e+07
1.922640438599989191e+07
1.922502468469980732e+07
1.922396642611316219e+07
1.922366059348919988e+07
1.922413734654951841e+07
1.922555664126892015e+07
1.922769932705338299e+07
1.922981277562952042e+07
1.923126131685696170e+07
1.923173606329894811e+07
1.923117625361801684e+07
1.922963620030096546e+07
1.922765314630955830e+07
1.922552151084946468e+07
1.922381449007852376e+07
1.922262144165982306e+07
1.922221899032979831e+07
1.922306241061080620e+07
1.922476636736540869e+07
1.922681619458644837e+07
1.922915103142485768e+07
1.923108230049102008e+07
1.923196501362647116e+07
1.923168499910746887e+07
1.923050041206062958e+07
1.922885101599237695e+07
1.922747109082586318e+07
1.922655333422997221e+07
1.922633321898707747e+07
1.922676322923177481e+07
1.922806737851041183e+07
1.923023026334641129e+07
1.923238717636802793e+07
1.923384618143659830e+07
1.923429745766241103e+07
1.923376807572302967e+07
1.923259226906296983e+07
1.923115571148575097e+07
1.922939731281499937e+07
1.922785233219604939e+07
1.922720041869440675e+07
1.922789222673555464e+07
1.922835069991787896e+07
1.923010350767968968e+07
1.923190932093631476e+07
1.923334081399017572e+07
1.923391421383254230e+07
1.923363181991832331e+07
1.923246066409340873e+07
1.923085102354840562e+07
1.922884087156662345e+07
1.922702577046080306e+07
1.922555124367755279e+07
1.922482001205252856e+07
1.922540472611868382e+07
1.922712715536245704e+07
1.922904665679632872e+07
1.923077149273974448e+07
1.923211683433766291e+07
1.923238716592558846e+07
1.923146622301338986e+07
1.923027878217964619e+07
1.922905174902254343e+07
1.922788359567828104e+07
1.922721237984719500e+07
1.922734864851213619e+07
1.922841652557155862e+07
1.922993331429051235e+07
1.923170547782798484e+07
1.923321821742309630e+07
1.923422985807078704e+07
1.923422210757423192e+07
1.923315515417186543e+07
1.923139247982286289e+07
1.922888666124081612e+07
1.922653829347552359e+07
1.922475905940747261e+07
1.922390336233250797e+07
1.922429132530446723e+07
1.922588295319395885e+07
1.922811242486003041e+07
1.923043660839721188e+07
1.923228911118198559e+07
1.923342788187329471e+07
1.923370826162420586e+07
1.923317832035735995e+07
1.923215499934560806e+07
1.923106508389206231e+07
1.923027925267494470e+07
1.923157017415687442e+07
1.922985260830550641e+07
1.923117558566576615e+07
1.923217432186504453e+07
1.923396469004516676e+07
1.923533628896522149e+07
1.923607432764688879e+07
1.923522534790037200e+07
1.923328139881319553e+07
1.923058681117740646e+07
1.922795218988392130e+07
1.922549893623313680e+07
1.922367135111996531e+07
1.922312088904774189e+07
1.922388279964103922e+07
1.922558716208368912e+07
1.922785877450301126e+07
1.922965733666414395e+07
1.923101915341708809e+07
1.923163928926402703e+07
1.923191645823380351e+07
1.923185329213637114e+07
1.923166887590033561e+07
1.923147431410032883e+07
1.923179453118855506e+07
1.923240462950563431e+07
1.923333611968806013e+07
1.923459657259454578e+07
1.923617557343554497e+07
1.923740661058684438e+07
1.923823469460561872e+07
1.923819369574817270e+07
1.923727727331787720e+07
1.923569251135251299e+07
1.923386118019995838e+07
1.923183883010908961e+07
1.922998972233321145e+07
1.922864771411654726e+07
1.922832159166530892e+07
1.922898796385470405e+07
1.923048534775219485e+07
1.923224334762161970e+07
1.923380793518995121e+07
1.923494486523138359e+07
1.923581313538257405e+07
1.923616134700850397e+07
1.923596937797092274e+07
1.923594564038545266e+07
1.923612474907305464e+07
1.923645306097655743e+07
1.923710215566669777e+07
1.923811191202371940e+07
1.923940836510572582e+07
1.924071779897018522e+07
1.924148927851038799e+07
1.924162200268716365e+07
1.924110494533032179e+07
1.924007877757721767e+07
1.923876713158189133e+07
1.923737257500190660e+07
1.923581548144588992e+07
1.923435492951278016e+07
1.923326117815700173e+07
1.923267918469909951e+07
1.923264550875823572e+07
1.923332851164884493e+07
1.923435664217530563e+07
1.923546407971372828e+07
1.923666453707716614e+07
1.923779146269348264e+07
1.923853171264933795e+07
1.923897749890818074e+07
1.923919664748786017e+07
1.923935370004280657e+07
1.923952621794869378e+07
1.923992532240975648e+07
1.924034109288224205e+07
1.924087936171117052e+07
1.924121136096173525e+07
1.924132223701259866e+07
1.924109290417185426e+07
1.924063724899875373e+07
1.923980749134397134e+07
1.923849188337727636e+07
1.923668793132139370e+07
1.923479231018766016e+07
1.923300436242747679e+07
1.923164188983396441e+07
1.923057608389774710e+07
1.923011265523973852e+07
1.922957189944613725e+07
1.922995143155980855e+07
1.923078363440721110e+07
1.923189933555483073e+07
1.923222333343606815e+07
1.923323332154584676e+07
