1.196710301769830287e+07
1.196793286703211069e+07
1.196825055982674286e+07
1.196861409747486003e+07
1.196870375978142396e+07
1.196916962669039145e+07
1.196943937314768881e+07
1.196962706651198491e+07
1.196968002672569081e+07
1.196962006262120046e+07
1.196926438751639985e+07
1.196872382410423271e+07
1.196761597058543190e+07
1.196663360290594399e+07
1.196565783026173711e+07
1.196447611954903975e+07
1.196361579949753545e+07
1.196293075361142308e+07
1.196250808925182000e+07
1.196266288357757591e+07
1.196332546048701555e+07
1.196414675613149814e+07
1.196519569348124787e+07
1.196635705963149108e+07
1.196753479338337108e+07
1.196836234096153080e+07
1.196888414310537651e+07
1.196926132668999583e+07
1.196936808560572751e+07
1.196928639373444766e+07
1.196929625627880357e+07
1.196937826960497163e+07
1.196947535675854795e+07
1.196975862561562844e+07
1.196993170353319868e+07
1.196975685808521509e+07
1.196918174649877474e+07
1.196848661240505055e+07
1.196752023149446025e+07
1.196617614239864051e+07
1.196471712457056344e+07
1.196343956944973022e+07
1.196249564850760810e+07
1.196197031583552063e+07
1.196223859626506269e+07
1.196291457876930386e+07
1.196396680183905549e+07
1.196560118616103567e+07
1.196712344503854401e+07
1.196826237323785201e+07
1.196926762072724849e+07
1.196961170217078365e+07
1.196947877504513972e+07
1.196933724297573976e+07
1.196885743118919060e+07
1.196852031789357588e+07
1.196855727333373204e+07
1.196863865575665608e+07
1.196909845032097585e+07
1.196965105527101457e+07
1.196958858571038768e+07
1.196929545586634800e+07
1.196877937372592650e+07
1.196747444295457192e+07
1.196586981814979203e+07
1.196403687394059636e+07
1.196225991668078490e+07
1.196113010225082003e+07
1.196077790808651969e+07
1.196096614583662339e+07
1.196204435882773995e+07
1.196370754860929586e+07
1.196564469661264867e+07
1.196739291045345180e+07
1.196849971046494693e+07
1.196936123036394268e+07
1.196949496952250041e+07
1.196906372284791619e+07
1.196840878596027568e+07
1.196776006347853690e+07
1.196746284019283205e+07
1.196757935925517976e+07
1.196821443057860062e+07
1.196907640377006866e+07
1.196983479204861447e+07
1.197016037689296715e+07
1.197009707531646453e+07
1.196932215238756686e+07
1.196778154051839188e+07
1.196570426686886512e+07
1.196352920194082335e+07
1.196157389873797446e+07
1.196048519043184631e+07
1.196030702858901210e+07
1.196081037614071555e+07
1.196234311566742323e+07
1.196444925423805416e+07
1.196650812837142870e+07
1.196811517762318626e+07
1.196919163579550758e+07
1.196964891198450327e+07
1.196922338597315177e+07
1.196832439548921585e+07
1.196729030455760844e+07
1.196650693907945603e+07
1.196636637215499580e+07
1.196691567283424363e+07
1.196792882507527061e+07
1.196913325598869845e+07
1.197030800876267999e+07
1.197106531554455869e+07
1.197088938314058073e+07
1.196977888413841836e+07
1.196795162495250814e+07
1.196553677729124762e+07
1.196306689835248888e+07
1.196135034897433594e+07
1.196050123178020865e+07
1.196052265396754630e+07
1.196155959729431570e+07
1.196356326618487015e+07
1.196578739709799178e+07
1.196783270698253810e+07
1.196927456095669419e+07
1.197000057310938649e+07
1.196968882811205648e+07
1.196878467075693607e+07
1.196736395478899591e+07
1.196603926061141118e+07
1.196525885659055971e+07
1.196536936595535837e+07
1.196620097850178368e+07
1.196761581854531541e+07
1.196934391572416760e+07
1.197092385505372472e+07
1.197175028328137845e+07
1.197129556102421507e+07
1.196994050400157459e+07
1.196776412064907886e+07
1.196511771853811480e+07
1.196277042584468611e+07
1.196136444988391176e+07
1.196071774266185425e+07
1.196117019160020910e+07
1.196280588736905530e+07
1.196500325294782221e+07
1.196725711562643945e+07
1.196902690152837709e+07
1.197004597453154810e+07
1.196996745586757921e+07
1.196915010787439533e+07
1.196760895893108845e+07
1.196575281410766020e+07
1.196429299255263805e+07
1.196386654058589600e+07
1.196425002306604385e+07
1.196525517953810841e+07
1.196708039359913580e+07
1.196930527741602622e+07
1.197085244772841223e+07
1.197132260188328661e+07
1.197095124600824714e+07
1.196943414647806436e+07
1.196727546816952340e+07
1.196488578004783951e+07
1.196286145969892107e+07
1.196185991839853115e+07
1.196169841573900357e+07
1.196279791031921655e+07
1.196475547227844782e+07
1.196690758611917309e+07
1.196924981029078364e+07
1.197090631167603284e+07
1.197118108861563168e+07
1.197069968919263966e+07
1.196929176961557567e+07
1.196712782823357545e+07
1.196515327884500846e+07
1.196385788519633189e+07
1.196354580015926436e+07
1.196414692143224739e+07
1.196559351863169111e+07
1.196785818770712428e+07
1.197007360732758418e+07
1.197149932709565014e+07
1.197182807758948207e+07
1.197115948079820350e+07
1.196958572796051204e+07
1.196750522461141273e+07
1.196544102695442736e+07
1.196376569508312270e+07
1.196330923727169074e+07
1.196416132910889201e+07
1.196512195609360375e+07
1.196710567872445844e+07
1.196919337295105308e+07
1.197083377076681145e+07
1.197141159414299019e+07
1.197103391033706442e+07
1.196967557467827015e+07
1.196786300182227232e+07
1.196542597785855271e+07
1.196340216272712871e+07
1.196247397654464282e+07
1.196232029885732755e+07
1.196309362740874290e+07
1.196508997375261225e+07
1.196729162052434869e+07
1.196934786962478235e+07
1.197068325579640828e+07
1.197067772406813130e+07
1.196983996191887930e+07
1.196859331991097145e+07
1.196698844313288666e+07
1.196528282454463840e+07
1.196434996830083616e+07
1.196453895160738006e+07
1.196548065877283923e+07
1.196692676509129256e+07
1.196862584318743646e+07
1.197052665027775988e+07
1.197144383532922342e+07
1.197146323353147134e+07
1.197046262213544361e+07
1.196868393568708003e+07
1.196635781293152273e+07
1.196412056112821214e+07
1.196227642230300047e+07
1.196145608027714677e+07
1.196163653031063639e+07
1.196277103259927034e+07
1.196469763808210008e+07
1.196672937941159867e+07
1.196846908328250423e+07
1.196944767819727957e+07
1.196936747263072804e+07
1.196878552717361040e+07
1.196786893613455817e+07
1.196663929675361142e+07
1.196539646519009210e+07
1.196644669062597118e+07
1.196579318997018971e+07
1.196719780987186357e+07
1.196848844113591127e+07
1.197025225191724673e+07
1.197155694993446767e+07
1.197229667055872269e+07
1.197172132996660471e+07
1.197041089490584098e+07
1.196817422383580729e+07
1.196601211818537302e+07
1.196397457079932094e+07
1.196240766293507442e+07
1.196182118536023237e+07
1.196240174240699224e+07
1.196341543414233439e+07
1.196504103284675442e+07
1.196684353507077135e+07
1.196821872258583270e+07
1.196890501551782712e+07
1.196880954052140191e+07
1.196843163888879120e+07
1.196774965594494529e+07
1.196683381221568212e+07
1.196665325642666593e+07
1.196721037393416092e+07
1.196786471197201870e+07
1.196903481860404648e+07
1.197032380517172255e+07
1.197145337208701111e+07
1.197240011910482310e+07
1.197225415472340211e+07
1.197104735956119001e+07
1.196954005220584385e+07
1.196766365040409379e+07
1.196559534571225941e+07
1.196377072895294242e+07
1.196245103528796323e+07
1.196217229984495975e+07
1.196270041578965448e+07
1.196344622189035453e+07
1.196466185767790116e+07
1.196602369907248951e+07
1.196703715479337983e+07
1.196761927899901383e+07
1.196779669557750598e+07
1.196750156131041609e+07
1.196739415568857826e+07
1.196730836823724210e+07
1.196754503268264793e+07
1.196818782871332392e+07
1.196893173156664893e+07
1.196987360221282020e+07
1.197080401113558933e+07
1.197152476531839743e+07
1.197173807000325434e+07
1.197123711854000017e+07
1.196997103799904697e+07
1.196857763411912695e+07
1.196702297475352697e+07
1.196524583187645860e+07
1.196367970672718808e+07
1.196283811757849529e+07
1.196247805269151367e+07
1.196248783688923903e+07
1.196305511257737875e+07
1.196380806979322247e+07
1.196481411200088076e+07
1.196579676737166941e+07
1.196653559173849039e+07
1.196677976408326998e+07
1.196710113809442893e+07
1.196747626056013815e+07
1.196777691759962216e+07
1.196812928097404540e+07
1.196867505505871400e+07
1.196926616613980569e+07
1.196997238009490445e+07
1.197062317115792818e+07
1.197086842085821927e+07
1.197083864681323431e+07
1.197040244027323090e+07
1.196956359552425705e+07
1.196852008838126063e+07
1.196718000026879273e+07
1.196582789865364507e+07
1.196455466472887807e+07
1.196364940536262281e+07
1.196287729050494917e+07
1.196273760786116682e+07
1.196279776913012378e+07
1.196339026175514236e+07
1.196418488513129950e+07
1.196521666886821389e+07
1.196582368640118279e+07
1.196691655914009921e+07
