3.367464263996040821e+07
3.367576093823455274e+07
3.367597161525634676e+07
3.367637465108106285e+07
3.367672650519209355e+07
3.367733362763662636e+07
3.367772698833566159e+07
3.367790926320928335e+07
3.367806113635476679e+07
3.367820457668024302e+07
3.367816816139390320e+07
3.367767015689580888e+07
3.367679168075356632e+07
3.367580043686283380e+07
3.367489370669756085e+07
3.367381360197833925e+07
3.367238273821967095e+07
3.367091487180507928e+07
3.366960097002680600e+07
3.366898787883612514e+07
3.366914007893820107e+07
3.366969399469286948e+07
3.367048729075110704e+07
3.367177704211545736e+07
3.367345401117452234e+07
3.367491098840274662e+07
3.367588260706782341e+07
3.367651319730924815e+07
3.367684813554541767e+07
3.367690605755269527e+07
3.367663360073592514e+07
3.367639510874339938e+07
3.367603626928351074e+07
3.367578187591924518e+07
3.367593361498177797e+07
3.367631958711935580e+07
3.367644343475103378e+07
3.367610594096627086e+07
3.367567798982523382e+07
3.367449886934452504e+07
3.367271687927877158e+07
3.367106442100292444e+07
3.366948180233146250e+07
3.366845927154860646e+07
3.366803937918888032e+07
3.366821710943798721e+07
3.366912003071539104e+07
3.367034642960123718e+07
3.367204227680749446e+07
3.367416643365775049e+07
3.367581062919892371e+07
3.367664143917037547e+07
3.367696093503672630e+07
3.367676482171222568e+07
3.367638386110711843e+07
3.367611969645569474e+07
3.367560985233128071e+07
3.367542984372647107e+07
3.367587349227610976e+07
3.367641281186502427e+07
3.367661590803697705e+07
3.367643194869590551e+07
3.367606010279421508e+07
3.367513923084584624e+07
3.367357832386412472e+07
3.367135058831176162e+07
3.366894893937081099e+07
3.366691172933320701e+07
3.366553203937154263e+07
3.366490825151921064e+07
3.366530074294656515e+07
3.366651058765731007e+07
3.366849696046750247e+07
3.367084245053832233e+07
3.367295305961189419e+07
3.367450963904624432e+07
3.367559057393418252e+07
3.367573966100185364e+07
3.367525118258297443e+07
3.367425222724854946e+07
3.367303253511098027e+07
3.367203179561918974e+07
3.367185363011240959e+07
3.367235706671032310e+07
3.367319776074853539e+07
3.367409375062501431e+07
3.367481373355289549e+07
3.367495075441972911e+07
3.367466925056460500e+07
3.367348542602090538e+07
3.367141048874971271e+07
3.366853443855928630e+07
3.366610101044014841e+07
3.366446441598824412e+07
3.366394743646202981e+07
3.366456420476436615e+07
3.366666206989510357e+07
3.366941222115260363e+07
3.367209030353467166e+07
3.367436654810450971e+07
3.367607490761408210e+07
3.367706671966081858e+07
3.367701290947534889e+07
3.367578305363767594e+07
3.367395256136012077e+07
3.367237884410069883e+07
3.367169485900376737e+07
3.367175872894523293e+07
3.367231350820566714e+07
3.367339005308530480e+07
3.367468873371545970e+07
3.367569847812733799e+07
3.367567213615272939e+07
3.367444103608094156e+07
3.367235206477330625e+07
3.366965109875867516e+07
3.366695415155299008e+07
3.366474280769364536e+07
3.366346110577457398e+07
3.366350017467231303e+07
3.366491594999095052e+07
3.366752624965433776e+07
3.367078044451394677e+07
3.367371054778115451e+07
3.367584635558567941e+07
3.367685062239579111e+07
3.367652068415264785e+07
3.367531427782381326e+07
3.367349332511410117e+07
3.367150597021025419e+07
3.367016681379098445e+07
3.366976741063439846e+07
3.367028675818263739e+07
3.367149008430761844e+07
3.367327514252222329e+07
3.367506055137584358e+07
3.367634415008920431e+07
3.367652565723433346e+07
3.367532856417907029e+07
3.367272325021830201e+07
3.366947287822744250e+07
3.366636169776571542e+07
3.366423063503504544e+07
3.366343147411371768e+07
3.366411364121948183e+07
3.366596691055473685e+07
3.366877291911156476e+07
3.367167900407039374e+07
3.367386698497456312e+07
3.367513028589490801e+07
3.367553764600887150e+07
3.367473289546407759e+07
3.367278207187556475e+07
3.367026631359469891e+07
3.366832153212275356e+07
3.366712300488656014e+07
3.366726481456799060e+07
3.366854882417587191e+07
3.367083807148454338e+07
3.367358531498027593e+07
3.367598368125452846e+07
3.367723080128578097e+07
3.367731911863916367e+07
3.367623435503700376e+07
3.367405811190214008e+07
3.367121751486040652e+07
3.366844624621561915e+07
3.366653451801942289e+07
3.366603196216282994e+07
3.366694625723146647e+07
3.366903715680132806e+07
3.367164025353730470e+07
3.367404337688143551e+07
3.367572229829072952e+07
3.367626269419383258e+07
3.367587072848019004e+07
3.367458198886266351e+07
3.367213030758027732e+07
3.366942172423937172e+07
3.366738888940639794e+07
3.366634074609042704e+07
3.366679209666776657e+07
3.366853711086923629e+07
3.367111682966637611e+07
3.367380869221309572e+07
3.367585486590318382e+07
3.367657874909076840e+07
3.367599402593276650e+07
3.367450244174109399e+07
3.367253710419992357e+07
3.367004907137543708e+07
3.366792831020030379e+07
3.366754574624389410e+07
3.366681288468154520e+07
3.366845848213991523e+07
3.367085021468695253e+07
3.367362492771402746e+07
3.367598842034641653e+07
3.367746039586380869e+07
3.367778338047544658e+07
3.367682734751926363e+07
3.367452844836975634e+07
3.367172509663250297e+07
3.366876501390320808e+07
3.366688811834995449e+07
3.366635610617302358e+07
3.366718192836612463e+07
3.366903795736537129e+07
3.367133710233403742e+07
3.367349930699827522e+07
3.367513382637418807e+07
3.367562778236279637e+07
3.367529713528400660e+07
3.367411735324517637e+07
3.367217215503033251e+07
3.367023265813560784e+07
3.366882116447139531e+07
3.366858342755218595e+07
3.366927201006662101e+07
3.367041172787186503e+07
3.367229111074145883e+07
3.367424137403403968e+07
3.367591950985439867e+07
3.367649088661536574e+07
3.367590742236155272e+07
3.367415663829933852e+07
3.367153851191322505e+07
3.366863898622452468e+07
3.366635686262511462e+07
3.366510938940447569e+07
3.366525370250593871e+07
3.366644645891503990e+07
3.366859329670182616e+07
3.367102864448773861e+07
3.367333293629432470e+07
3.367472160292633623e+07
3.367558845176744461e+07
3.367522389735905081e+07
3.367448473917626590e+07
3.367279764550080150e+07
3.367179511614256352e+07
3.367106808250778168e+07
3.367111365076583624e+07
3.367181007416643202e+07
3.367306857401108742e+07
3.367459504641681165e+07
3.367590657822751254e+07
3.367649487726353109e+07
3.367614676314579695e+07
3.367492393733926117e+07
3.367329520019637048e+07
3.367082565046823770e+07
3.366843692171295732e+07
3.366676820931391418e+07
3.366602019611802697e+07
3.366620226095269620e+07
3.366743991214036942e+07
3.366930366356103122e+07
3.367129359173442423e+07
3.367283715015421063e+07
3.367373380540547520e+07
3.367416332155437022e+07
3.367398727302965522e+07
3.367328720313341171e+07
3.367251890164970607e+07
3.367194638928072155e+07
3.367187491066572815e+07
3.367238620045641065e+07
3.367332884271972626e+07
3.367443869359109551e+07
3.367545555808280408e+07
3.367619151238936931e+07
3.367631127082669735e+07
3.367577075324443728e+07
3.367441283331929892e+07
3.367223417205690593e+07
3.366973826662672311e+07
3.366750541880162060e+07
3.366614160857058316e+07
3.366572448697558790e+07
3.366624854541943222e+07
3.366726425445850939e+07
3.366875030885332078e+07
3.367015798080560565e+07
3.367126330017075688e+07
3.367206413721774518e+07
3.367274407036294788e+07
3.367294257080212981e+07
3.367275820895545930e+07
3.367267061335469037e+07
3.367259737599156797e+07
3.367283954136750102e+07
3.367355714689552039e+07
3.367433620012267679e+07
3.367513285630583018e+07
3.367564806523626298e+07
3.367559321843220294e+07
3.367496909735357016e+07
3.367387213920751959e+07
3.367273471193372458e+07
3.367156356242311746e+07
3.367011944099192321e+07
3.366877187181434780e+07
3.366771653264301270e+07
3.366696509395797551e+07
3.366676577113435417e+07
3.366693354529813677e+07
3.366761519200161844e+07
3.366845881929461658e+07
3.366937936668968201e+07
3.367029133512122929e+07
3.367092032003591955e+07
3.367154944255034626e+07
3.367217199739209563e+07
3.367266604619885981e+07
3.367313668607490510e+07
3.367346544408198446e+07
3.367387213009818643e+07
3.367420934674187005e+07
3.367445893408457935e+07
3.367458976125533879e+07
3.367450449458929151e+07
3.367411826797262579e+07
3.367331661133485287e+07
3.367228922445113957e+07
3.367109339213957638e+07
3.366983706423283368e+07
3.366868867868291587e+07
3.366770030937086046e+07
3.366705397015853226e+07
3.366672212923001498e+07
3.366686668239042908e+07
3.366739315872148424e+07
3.366844780224847049e+07
3.366976916956101358e+07
3.367135620683770627e+07
