1.531384765534096397e+07
1.531547524082935974e+07
1.531588295723619685e+07
1.531670378338756412e+07
1.531723887236039527e+07
1.531796911053471453e+07
1.531831121366930753e+07
1.531850891158575565e+07
1.531840749909913912e+07
1.531814491693481617e+07
1.531742743153237924e+07
1.531662886212472618e+07
1.531527724817986414e+07
1.531406785558592342e+07
1.531286204406306893e+07
1.531169077475629002e+07
1.531060978253641911e+07
1.530976765809336491e+07
1.530934200729575567e+07
1.530957426633855142e+07
1.531064813394155540e+07
1.531166487310839444e+07
1.531254165262851678e+07
1.531350583184374683e+07
1.531463960226561129e+07
1.531543103671089560e+07
1.531584806661844254e+07
1.531619891887561604e+07
1.531627471158501133e+07
1.531626796190785244e+07
1.531642762440850213e+07
1.531663526771131530e+07
1.531659968189936690e+07
1.531655467870358750e+07
1.531660379981194437e+07
1.531622160755713470e+07
1.531534435940964893e+07
1.531435050630602241e+07
1.531307014901972003e+07
1.531150921091667563e+07
1.530990804935806803e+07
1.530863703945484385e+07
1.530774943928891420e+07
1.530727737999761291e+07
1.530770282599944063e+07
1.530852045825882815e+07
1.530994991601026617e+07
1.531201120932731219e+07
1.531379044576712884e+07
1.531508261283148825e+07
1.531603925231188908e+07
1.531617566392013058e+07
1.531592703035540879e+07
1.531584502712575532e+07
1.531517801033986732e+07
1.531466130572491139e+07
1.531450948774881847e+07
1.531458291930732317e+07
1.531519320132691972e+07
1.531575309116473980e+07
1.531584459891376458e+07
1.531596110290692002e+07
1.531580286200289614e+07
1.531480587249851041e+07
1.531341563056047447e+07
1.531178668755115196e+07
1.530986615519971214e+07
1.530832386047755927e+07
1.530749371554573998e+07
1.530742037251355313e+07
1.530831526268018782e+07
1.531008210368726775e+07
1.531220762852378003e+07
1.531431456056219712e+07
1.531585637094316073e+07
1.531666771902121231e+07
1.531653763834397309e+07
1.531578886692511290e+07
1.531495481483935565e+07
1.531415825280096382e+07
1.531383111123509146e+07
1.531390052305873111e+07
1.531461339897129871e+07
1.531557931766515598e+07
1.531630192551979609e+07
1.531658001468774863e+07
1.531640763682946749e+07
1.531541643961671926e+07
1.531366174394747987e+07
1.531138726385914348e+07
1.530901453438487090e+07
1.530695365351819806e+07
1.530599180994599313e+07
1.530609752893581614e+07
1.530707484989661165e+07
1.530894675575461052e+07
1.531121592995572835e+07
1.531332934331049025e+07
1.531488187540467642e+07
1.531588462697700225e+07
1.531613872329461947e+07
1.531562428324528411e+07
1.531460452158011124e+07
1.531343244698976353e+07
1.531268633460871689e+07
1.531269482191978768e+07
1.531342299349653162e+07
1.531418104294496402e+07
1.531512330070972443e+07
1.531605507966785692e+07
1.531653542067352310e+07
1.531607385052291676e+07
1.531447699516036361e+07
1.531196449448693171e+07
1.530902894402583875e+07
1.530634782556024753e+07
1.530479559870610200e+07
1.530403936105908640e+07
1.530370632966415025e+07
1.530456936581966281e+07
1.530679388538732380e+07
1.530921906154325977e+07
1.531139702460825630e+07
1.531302736997541972e+07
1.531378444581665657e+07
1.531357959830375202e+07
1.531296130091012828e+07
1.531207918237067573e+07
1.531102005361595936e+07
1.531034107105893269e+07
1.531058187778828666e+07
1.531158627448911592e+07
1.531310707909128815e+07
1.531481884675930813e+07
1.531633805318649486e+07
1.531695270816349238e+07
1.531656031497981213e+07
1.531532230999248289e+07
1.531329527759668604e+07
1.531070672753570788e+07
1.530859022506877221e+07
1.530753712454339676e+07
1.530729064916004799e+07
1.530776316044153832e+07
1.530933090684236772e+07
1.531156000529646873e+07
1.531378212347780354e+07
1.531564837396700308e+07
1.531665893399957567e+07
1.531679594208020717e+07
1.531596790064368397e+07
1.531396705964019150e+07
1.531170588802409545e+07
1.530990925622990355e+07
1.530926737540272810e+07
1.530983617200209945e+07
1.531134283852718771e+07
1.531385032558336854e+07
1.531659476313573681e+07
1.531864017602161132e+07
1.531972316404537484e+07
1.531939968753399514e+07
1.531730256553715281e+07
1.531404567741790414e+07
1.531068208741555549e+07
1.530790228846032731e+07
1.530629550208143890e+07
1.530595923654703051e+07
1.530751955588252284e+07
1.531007082594862208e+07
1.531293699986382760e+07
1.531601724508461915e+07
1.531817835540998727e+07
1.531864490683332086e+07
1.531786595913390815e+07
1.531609133925555833e+07
1.531347554558915272e+07
1.531113373758143187e+07
1.530966224761878327e+07
1.530932878719159961e+07
1.531019564490514249e+07
1.531212544131080247e+07
1.531484524542957172e+07
1.531726165469238721e+07
1.531873299835898355e+07
1.531882681341965683e+07
1.531778469511717185e+07
1.531571258070029691e+07
1.531318873733541928e+07
1.531077371918516792e+07
1.530902651757625677e+07
1.530860971987572871e+07
1.530968199952830374e+07
1.531109002359818481e+07
1.531357558885045163e+07
1.531634315501030721e+07
1.531839037473967858e+07
1.531908560187650844e+07
1.531835533789549209e+07
1.531617648894796893e+07
1.531359410839614086e+07
1.531061164189345017e+07
1.530822015944252349e+07
1.530703268418028764e+07
1.530678041949852370e+07
1.530775291349734366e+07
1.531015905600968376e+07
1.531277233140051179e+07
1.531523209821659140e+07
1.531681223241371661e+07
1.531689223914022744e+07
1.531602062468430400e+07
1.531454478787924349e+07
1.531253605004589818e+07
1.531063124386280216e+07
1.530936939132387191e+07
1.530935884094752371e+07
1.531047533314794488e+07
1.531252196075315215e+07
1.531512556132832728e+07
1.531736855746009573e+07
1.531848345766083151e+07
1.531851125496055931e+07
1.531712462066768482e+07
1.531488404030091688e+07
1.531211262221535854e+07
1.530951742548565194e+07
1.530725858369935676e+07
1.530618753896600008e+07
1.530629039796872064e+07
1.530772212883635610e+07
1.531021725040419586e+07
1.531270611862673052e+07
1.531452764405545965e+07
1.531566199466978759e+07
1.531554360445501655e+07
1.531474247038491257e+07
1.531335491359265149e+07
1.531201251732694730e+07
1.531062614868210256e+07
1.531126522841088288e+07
1.531200632547115162e+07
1.531389377132753842e+07
1.531580517337703519e+07
1.531753199590223841e+07
1.531883257190218754e+07
1.531911934123865329e+07
1.531798883013920486e+07
1.531593785472326167e+07
1.531329504902304150e+07
1.531093137723021582e+07
1.530887140097583458e+07
1.530736891174645908e+07
1.530709226926580258e+07
1.530787284834727645e+07
1.530903531805242039e+07
1.531069498770992830e+07
1.531249369857576862e+07
1.531392165857754089e+07
1.531468109758641012e+07
1.531461944098361023e+07
1.531430873726912402e+07
1.531394172514314391e+07
1.531318299967050739e+07
1.531303395372857712e+07
1.531339293667637743e+07
1.531394860155901127e+07
1.531517511111498252e+07
1.531672401509274729e+07
1.531819890171196871e+07
1.531912434259124100e+07
1.531861175975732133e+07
1.531707851072004996e+07
1.531508137345861271e+07
1.531263197075522877e+07
1.531014126482085697e+07
1.530805217322417721e+07
1.530663947878909297e+07
1.530642581185317039e+07
1.530709676533682831e+07
1.530816870755219460e+07
1.530965590893114731e+07
1.531129321741287224e+07
1.531256718351267651e+07
1.531328313958466053e+07
1.531341200019791536e+07
1.531313775807264075e+07
1.531284043467084877e+07
1.531261542331583984e+07
1.531282876183396764e+07
1.531346094137506187e+07
1.531445796850932017e+07
1.531578809071034193e+07
1.531703035386995785e+07
1.531769875440998003e+07
1.531775145768246241e+07
1.531696583723432943e+07
1.531543399380638823e+07
1.531365371025031991e+07
1.531177782780776918e+07
1.530971675396381691e+07
1.530838804608519003e+07
1.530785235278769024e+07
1.530771544343915395e+07
1.530810527721259557e+07
1.530899148308410309e+07
1.530971565437804721e+07
1.531051896543668583e+07
1.531137738297266141e+07
1.531201995847828500e+07
1.531227578850883618e+07
1.531274036800508760e+07
1.531317058661144413e+07
1.531368162147793174e+07
1.531422497123826854e+07
1.531506132481363602e+07
1.531580617218391970e+07
1.531659853820369020e+07
1.531695685841137730e+07
1.531685791446355544e+07
1.531668839746104740e+07
1.531595253171968646e+07
1.531476506004904211e+07
1.531339431904522702e+07
1.531190845272133313e+07
1.531035343967984617e+07
1.530910335953147523e+07
1.530823797417227738e+07
1.530768086371857859e+07
1.530764526327289268e+07
1.530754490296382830e+07
1.530775500813615695e+07
1.530851885322138853e+07
1.530950984949613921e+07
1.531015192310838774e+07
1.531096968606015109e+07
