6.807295270936170220e+07
6.807449215390388668e+07
6.807419287393109500e+07
6.807456888202400506e+07
6.807457425891643763e+07
6.807502550486423075e+07
6.807531420293682814e+07
6.807565578472237289e+07
6.807558228074514866e+07
6.807542866489367187e+07
6.807494979832009971e+07
6.807429941449442506e+07
6.807322557800142467e+07
6.807224055863334239e+07
6.807122928994120657e+07
6.807040737563799322e+07
6.806964626979452372e+07
6.806925652902969718e+07
6.806912443375064433e+07
6.806942345024463534e+07
6.807012876776106656e+07
6.807118809141193330e+07
6.807221295572122931e+07
6.807307754601605237e+07
6.807371299958677590e+07
6.807419601440636814e+07
6.807437778712545335e+07
6.807449346237665415e+07
6.807452757615481317e+07
6.807452643671338260e+07
6.807445694452401996e+07
6.807458900715063512e+07
6.807485764016751945e+07
6.807524248644632101e+07
6.807551035851065814e+07
6.807554392420452833e+07
6.807529323087783158e+07
6.807500472552414238e+07
6.807448913817664981e+07
6.807413139093665779e+07
6.807362669814540446e+07
6.807274091262787580e+07
6.807174572853107750e+07
6.807102990662047267e+07
6.807080684261488914e+07
6.807108988444207609e+07
6.807184670879071951e+07
6.807303135688142478e+07
6.807432571338789165e+07
6.807568894004374743e+07
6.807666790069392323e+07
6.807715202481681108e+07
6.807737167154712975e+07
6.807741614858734608e+07
6.807744999603649974e+07
6.807764310041621327e+07
6.807805498903021216e+07
6.807881422076472640e+07
6.807991746037638187e+07
6.808090210369622707e+07
6.808143964510205388e+07
6.808113619707693160e+07
6.808004882964183390e+07
6.807828402135694027e+07
6.807607731335441768e+07
6.807376553646826744e+07
6.807146745634929836e+07
6.806971713988959789e+07
6.806891906843739748e+07
6.806904334508781135e+07
6.807009420768067241e+07
6.807192133073478937e+07
6.807410217883114517e+07
6.807606810016790032e+07
6.807735709427639842e+07
6.807775056926594675e+07
6.807755181854100525e+07
6.807696459348827600e+07
6.807627648748509586e+07
6.807576221584467590e+07
6.807540438370358944e+07
6.807525871978288889e+07
6.807552534887464345e+07
6.807595527204138041e+07
6.807636519430807233e+07
6.807656693738661706e+07
6.807668925471553206e+07
6.807630271122647822e+07
6.807517854567416012e+07
6.807376842964063585e+07
6.807220804225479066e+07
6.807087795442725718e+07
6.807023231577453017e+07
6.807025390681360662e+07
6.807071181798134744e+07
6.807143530120137334e+07
6.807226363102023304e+07
6.807308337132886052e+07
6.807381136264251173e+07
6.807444397302277386e+07
6.807485823544771969e+07
6.807483959162737429e+07
6.807455315071628988e+07
6.807406169098787010e+07
6.807378886406497657e+07
6.807384434994344413e+07
6.807444070544707775e+07
6.807529733231899142e+07
6.807614473441432416e+07
6.807699526188860834e+07
6.807760234287840128e+07
6.807747306144450605e+07
6.807668837368044257e+07
6.807530731643138826e+07
6.807338878060780466e+07
6.807126355480879545e+07
6.806950135489828885e+07
6.806846785663343966e+07
6.806831249461223185e+07
6.806899162805399299e+07
6.807039713917174935e+07
6.807219600116892159e+07
6.807395624343082309e+07
6.807543017069789767e+07
6.807617395518289506e+07
6.807637276459310949e+07
6.807588194757898152e+07
6.807485690230365098e+07
6.807371160484358668e+07
6.807289825769935548e+07
6.807267007689432800e+07
6.807288305635996163e+07
6.807351955743595958e+07
6.807440636270794272e+07
6.807540756065419316e+07
6.807589229346966743e+07
6.807568592416509986e+07
6.807491255620735884e+07
6.807363876322589815e+07
6.807201270984207094e+07
6.807087720812389255e+07
6.807023045466680825e+07
6.807017128032015264e+07
6.807079154572319984e+07
6.807224796425835788e+07
6.807395426901999116e+07
6.807544071762764454e+07
6.807668423593986034e+07
6.807742389050181210e+07
6.807745848101383448e+07
6.807676058843405545e+07
6.807544788856559992e+07
6.807393807456879318e+07
6.807261207929582894e+07
6.807187411207151413e+07
6.807176068393990397e+07
6.807238620615667105e+07
6.807358603531739116e+07
6.807504899193796515e+07
6.807624525808109343e+07
6.807676932218855619e+07
6.807632953883348405e+07
6.807503009491440654e+07
6.807309319680055976e+07
6.807115341337549686e+07
6.806945409272557497e+07
6.806828093508166075e+07
6.806794765643224120e+07
6.806858313009680808e+07
6.806990568919260800e+07
6.807169888546900451e+07
6.807357134912183881e+07
6.807502160929422081e+07
6.807562807297632098e+07
6.807542500838671625e+07
6.807432779936842620e+07
6.807278940069791675e+07
6.807124903624859452e+07
6.807032313674743474e+07
6.807004389987006783e+07
6.807053871393632889e+07
6.807168638579557836e+07
6.807346614893040061e+07
6.807519293895120919e+07
6.807625401633307338e+07
6.807631758922705054e+07
6.807574403124766052e+07
6.807435872153820097e+07
6.807274083704057336e+07
6.807108051529264450e+07
6.806991318555206060e+07
6.806922434178481996e+07
6.806948634056197107e+07
6.807054290512628853e+07
6.807197916631430387e+07
6.807353241939541698e+07
6.807472415274132788e+07
6.807530053529836237e+07
6.807507861732505262e+07
6.807408235880558193e+07
6.807245500298221409e+07
6.807061611508271098e+07
6.806923477614192665e+07
6.806868707321408391e+07
6.806899854228511453e+07
6.806998721302135289e+07
6.807166572937855124e+07
6.807341870609481633e+07
6.807509415923950076e+07
6.807625824448341131e+07
6.807640597457152605e+07
6.807542945200046897e+07
6.807412448475442827e+07
6.807273439340305328e+07
6.807157219548958540e+07
6.807076981429389119e+07
6.807082571449457109e+07
6.807137845199570060e+07
6.807249368866430223e+07
6.807388528362114727e+07
6.807521211626030505e+07
6.807608950841981173e+07
6.807620472355996072e+07
6.807530446287390590e+07
6.807370965648104250e+07
6.807155910556678474e+07
6.806959996580256522e+07
6.806792917587208748e+07
6.806695056629243493e+07
6.806664975831238925e+07
6.806732231730468571e+07
6.806856774739839137e+07
6.807011838184298575e+07
6.807125570785047114e+07
6.807223743961103261e+07
6.807226116197095811e+07
6.807214862714946270e+07
6.807123766058082879e+07
6.807061351797562838e+07
6.806945726206746697e+07
6.807099634392835200e+07
6.806922621396599710e+07
6.807030972320592403e+07
6.807104548287434876e+07
6.807234356626059115e+07
6.807297195672979951e+07
6.807327193843045831e+07
6.807271501888607442e+07
6.807172146740099788e+07
6.807011983755435050e+07
6.806872034700150788e+07
6.806744398032629490e+07
6.806662173148664832e+07
6.806617041258767247e+07
6.806648401764760911e+07
6.806723605250363052e+07
6.806832492202726007e+07
6.806936295063380897e+07
6.807026509401468933e+07
6.807067741733722389e+07
6.807079050528196990e+07
6.807056188871844113e+07
6.807020425581334531e+07
6.806981917750297487e+07
6.806998642740775645e+07
6.807049841822154820e+07
6.807138425164875388e+07
6.807254164551982284e+07
6.807390711327815056e+07
6.807513698896706104e+07
6.807610474044580758e+07
6.807640715206189454e+07
6.807608848077629507e+07
6.807533585039336979e+07
6.807414262338656187e+07
6.807260463450239599e+07
6.807107566295276582e+07
6.806980145805861056e+07
6.806921935719168186e+07
6.806911935293190181e+07
6.806939010656423867e+07
6.806983040297485888e+07
6.807032956178376079e+07
6.807079629874017835e+07
6.807119385326696932e+07
6.807122891523124278e+07
6.807104668784740567e+07
6.807079244581869245e+07
6.807068255850349367e+07
6.807080722353549302e+07
6.807115929514564574e+07
6.807173460503517091e+07
6.807245594197131693e+07
6.807317246438656747e+07
6.807365207080751657e+07
6.807373089186319709e+07
6.807324743204797804e+07
6.807225050208352506e+07
6.807106031819933653e+07
6.806978190736547112e+07
6.806836825300846994e+07
6.806722179134440422e+07
6.806644859548795223e+07
6.806608457300958037e+07
6.806607371091771126e+07
6.806644226511962712e+07
6.806706573267762363e+07
6.806779626948012412e+07
6.806855859532275796e+07
6.806922312328751385e+07
6.806977870680192113e+07
6.807044153483113647e+07
6.807125952033625543e+07
6.807215700047330558e+07
6.807290559736101329e+07
6.807369808399270475e+07
6.807435138465671241e+07
6.807501038396607339e+07
6.807559377485324442e+07
6.807605469380925596e+07
6.807611521038947999e+07
6.807590724169616401e+07
6.807530136729772389e+07
6.807459264258481562e+07
6.807372074394460022e+07
6.807287924577406049e+07
6.807201067727841437e+07
6.807131172344146669e+07
6.807060234509560466e+07
6.807033997985412180e+07
6.807008061017897725e+07
6.807027752464106679e+07
6.807055977559280396e+07
6.807121804898528755e+07
6.807143562281574309e+07
6.807246971085478365e+07
