1.534775041830221564e+07
1.534936729018840380e+07
1.534977933431490883e+07
1.535059524876890890e+07
1.535112973486171290e+07
1.535185381325945444e+07
1.535219496822719276e+07
1.535239018138624728e+07
1.535228831117678806e+07
1.535202454844369553e+07
1.535130927050717920e+07
1.535051096364845708e+07
1.534915897488294728e+07
1.534795153505538777e+07
1.534674767854874209e+07
1.534557614195794053e+07
1.534449486603861861e+07
1.534365402223344333e+07
1.534322809401128069e+07
1.534346186718278378e+07
1.534453529555121064e+07
1.534555044634644687e+07
1.534642778956212476e+07
1.534739215542205051e+07
1.534853017422187142e+07
1.534932360199753940e+07
1.534974422890285403e+07
1.535009778350892290e+07
1.535017715566588007e+07
1.535016976751168817e+07
1.535033018425442837e+07
1.535053764767540246e+07
1.535050083390927687e+07
1.535045551052372344e+07
1.535050628520948254e+07
1.535012609944689274e+07
1.534925058749038726e+07
1.534825985490383580e+07
1.534698083212695457e+07
1.534542340660591424e+07
1.534382209351504780e+07
1.534255292543625645e+07
1.534166323134399951e+07
1.534118905917849950e+07
1.534161339445359819e+07
1.534243096760905534e+07
1.534385976714450866e+07
1.534592133490379527e+07
1.534769818576427922e+07
1.534898809863161854e+07
1.534994622141984291e+07
1.535008219499807246e+07
1.534983801720594615e+07
1.534975860878088884e+07
1.534909208971299604e+07
1.534857817544693686e+07
1.534843187600792758e+07
1.534850765514644049e+07
1.534911806560917199e+07
1.534967998247388005e+07
1.534976958234571293e+07
1.534988449947821535e+07
1.534972118004102819e+07
1.534871965459997207e+07
1.534732528124754876e+07
1.534569044041701406e+07
1.534376437609117478e+07
1.534221860503165610e+07
1.534139090263156779e+07
1.534131976623158343e+07
1.534221722292700782e+07
1.534398718492512777e+07
1.534611438908895478e+07
1.534822468948075548e+07
1.534976476874384843e+07
1.535057336170884781e+07
1.535044414353747107e+07
1.534969491060206480e+07
1.534886367170695029e+07
1.534806905759270489e+07
1.534774312292221934e+07
1.534781471615913138e+07
1.534852497763533518e+07
1.534949286687351204e+07
1.535021503409954347e+07
1.535049402774522826e+07
1.535032120340130851e+07
1.534933020036301576e+07
1.534757484139077552e+07
1.534529958243357949e+07
1.534292645039255172e+07
1.534086409937266447e+07
1.533990170625909232e+07
1.534000505350160040e+07
1.534097965359420329e+07
1.534284779639444873e+07
1.534511269122384489e+07
1.534722960139156319e+07
1.534878280761292391e+07
1.534978836254799180e+07
1.535004373201575130e+07
1.534953171026402712e+07
1.534851334860382788e+07
1.534734011736796238e+07
1.534659824437566474e+07
1.534660469000090472e+07
1.534732966226135008e+07
1.534808791580194607e+07
1.534903541453601606e+07
1.534997329299084470e+07
1.535046258153493516e+07
1.535000586804164760e+07
1.534841296986657567e+07
1.534590674847371131e+07
1.534297650785950385e+07
1.534030104236819595e+07
1.533874759941880219e+07
1.533798984976709820e+07
1.533765310560283996e+07
1.533851906721917912e+07
1.534074929733483121e+07
1.534318071714740433e+07
1.534536289914602228e+07
1.534699532523553818e+07
1.534775651850945130e+07
1.534755046287395805e+07
1.534693380613125674e+07
1.534604719621847942e+07
1.534497998190005310e+07
1.534429936142802425e+07
1.534453565491552278e+07
1.534554043074609526e+07
1.534706152142464742e+07
1.534877090787483193e+07
1.535029073760793172e+07
1.535090661995295063e+07
1.535051749192013964e+07
1.534927595760387927e+07
1.534724317119266093e+07
1.534465241893492080e+07
1.534253105662402324e+07
1.534146895705934800e+07
1.534121550307781436e+07
1.534168414356076345e+07
1.534325224922579527e+07
1.534548300359141640e+07
1.534770862677082606e+07
1.534957438106744736e+07
1.535058723532713205e+07
1.535072538979193941e+07
1.534989334317637607e+07
1.534789431972068734e+07
1.534563355875390209e+07
1.534383999961763807e+07
1.534319923072423600e+07
1.534377044744982012e+07
1.534527663126043230e+07
1.534777910667248815e+07
1.535052106830848381e+07
1.535256231548702344e+07
1.535364129577392340e+07
1.535331141909732856e+07
1.535120968656297028e+07
1.534795441784781963e+07
1.534459783716924489e+07
1.534182275599346682e+07
1.534022162746132910e+07
1.533989308468214050e+07
1.534145290691805445e+07
1.534400369216327928e+07
1.534686539751531556e+07
1.534994085504324362e+07
1.535209388597182371e+07
1.535255698378243484e+07
1.535177357268805988e+07
1.534999769300393201e+07
1.534738200993907452e+07
1.534504331577716395e+07
1.534357455517945625e+07
1.534324059970077686e+07
1.534410760354835168e+07
1.534603754654763453e+07
1.534875485881634615e+07
1.535116825976477563e+07
1.535263972286822274e+07
1.535273455934404768e+07
1.535169574341637827e+07
1.534962646532641165e+07
1.534710570242324844e+07
1.534469382271653414e+07
1.534294488606948033e+07
1.534252969943070784e+07
1.534360635178927518e+07
1.534500877657743916e+07
1.534749334580741636e+07
1.535025706527079083e+07
1.535230009706475586e+07
1.535299416983959265e+07
1.535226146958560869e+07
1.535008523200517148e+07
1.534750582586875930e+07
1.534453043521310389e+07
1.534214287644736283e+07
1.534095845400268771e+07
1.534070607753902487e+07
1.534168261093304865e+07
1.534409290579662845e+07
1.534670707366599888e+07
1.534916755287944712e+07
1.535074629246127978e+07
1.535082358667086624e+07
1.534995179395451024e+07
1.534847335201596655e+07
1.534646381845604442e+07
1.534455949380999617e+07
1.534330093612071685e+07
1.534329136276386492e+07
1.534441012563930079e+07
1.534645932735810615e+07
1.534906044078285433e+07
1.535129985061291233e+07
1.535241095853088796e+07
1.535243715682370216e+07
1.535105063828302361e+07
1.534881045195295289e+07
1.534604087908834219e+07
1.534344710026235878e+07
1.534118803909790330e+07
1.534011981587179005e+07
1.534022331619261950e+07
1.534165369966139644e+07
1.534415138159028254e+07
1.534663909483686462e+07
1.534845948975853622e+07
1.534959440934394486e+07
1.534947541190994717e+07
1.534867280848900788e+07
1.534728871542417072e+07
1.534594605141120404e+07
1.534456306880089268e+07
1.534521692526006326e+07
1.534593822639521770e+07
1.534782731108115613e+07
1.534973356027724966e+07
1.535145929836180434e+07
1.535275776689891890e+07
1.535304439371655509e+07
1.535191391871267930e+07
1.534986752893770672e+07
1.534722591696767882e+07
1.534486566746892035e+07
1.534280027633779868e+07
1.534129959365109727e+07
1.534101866470817104e+07
1.534179349645259976e+07
1.534295645832919516e+07
1.534461732676328346e+07
1.534641549521589093e+07
1.534784612169362046e+07
1.534860798578712344e+07
1.534854739717941172e+07
1.534823592203707434e+07
1.534786834790465422e+07
1.534710667598647997e+07
1.534695650888395123e+07
1.534731405860657059e+07
1.534787121139694937e+07
1.534910088643025979e+07
1.535065079567990266e+07
1.535212500645535812e+07
1.535305014886551537e+07
1.535253633398974314e+07
1.535100660721238889e+07
1.534901029160890542e+07
1.534656404526914097e+07
1.534407404485640861e+07
1.534198715161545388e+07
1.534057658891909383e+07
1.534036315619867668e+07
1.534103462570868991e+07
1.534210478046312369e+07
1.534359138090302236e+07
1.534522954836712405e+07
1.534650349175727926e+07
1.534721784591031075e+07
1.534734476777856238e+07
1.534707303831917048e+07
1.534677772503168881e+07
1.534655480952353217e+07
1.534677115807211399e+07
1.534740702622089162e+07
1.534840426886241697e+07
1.534973388586568646e+07
1.535097521871726774e+07
1.535164107471904717e+07
1.535169397208041139e+07
1.535091126567370817e+07
1.534938107031931356e+07
1.534760137893864512e+07
1.534572633434470557e+07
1.534366748579737172e+07
1.534233873615251109e+07
1.534179820927204564e+07
1.534165803166507557e+07
1.534204319827475026e+07
1.534292828071970865e+07
1.534364859525234438e+07
1.534445279562048241e+07
1.534531622206337750e+07
1.534595921427017637e+07
1.534621862966045737e+07
1.534668430939954519e+07
1.534711102918249927e+07
1.534762469206198864e+07
1.534816570444881730e+07
1.534900243517421186e+07
1.534974342601075396e+07
1.535053708602929302e+07
1.535089277010891400e+07
1.535079850192675181e+07
1.535063167346162908e+07
1.534989836012073979e+07
1.534871265512074344e+07
1.534734546733273193e+07
1.534586235446245410e+07
1.534430532667279430e+07
1.534305128480180725e+07
1.534218746896320023e+07
1.534162920616460964e+07
1.534159200708020665e+07
1.534148744602032565e+07
1.534170061277714744e+07
1.534246913065140508e+07
1.534346692081217468e+07
1.534411024346258305e+07
1.534493505006550811e+07
