1.421079694560969062e+07
1.421179716827151552e+07
1.421209230402899161e+07
1.421249814182064310e+07
1.421263830794688314e+07
1.421309983488582633e+07
1.421342007741356269e+07
1.421358328640858643e+07
1.421357310779558867e+07
1.421335474916229025e+07
1.421284826719334349e+07
1.421209340384304710e+07
1.421085362622176670e+07
1.420967469635409117e+07
1.420847202853998728e+07
1.420722470464545675e+07
1.420622674989183247e+07
1.420547362218376622e+07
1.420505416352622025e+07
1.420522453879376873e+07
1.420605580689774267e+07
1.420706469965949282e+07
1.420825765054332092e+07
1.420962078500119597e+07
1.421094269051029533e+07
1.421196212578705512e+07
1.421254945822447166e+07
1.421295699522619136e+07
1.421307344813125208e+07
1.421298678143296391e+07
1.421300220130433515e+07
1.421309000973523594e+07
1.421316464073367976e+07
1.421330602342178486e+07
1.421342179945283942e+07
1.421313203661169484e+07
1.421242022061712854e+07
1.421158841979721561e+07
1.421044818360925466e+07
1.420891085649404675e+07
1.420727036846947670e+07
1.420586324796034768e+07
1.420483736718551628e+07
1.420433561688391678e+07
1.420467251296451129e+07
1.420551013700329140e+07
1.420683822977587208e+07
1.420865295090649650e+07
1.421043703036539070e+07
1.421185181343831122e+07
1.421298146629340388e+07
1.421338917098340392e+07
1.421332221428514831e+07
1.421312877498631552e+07
1.421266709106465988e+07
1.421234222805501521e+07
1.421233873091260716e+07
1.421251112619143911e+07
1.421302145005633868e+07
1.421350924743475206e+07
1.421342226223472320e+07
1.421307346665439196e+07
1.421240957537120767e+07
1.421094993778626621e+07
1.420906359941976331e+07
1.420700003567395918e+07
1.420502943835045025e+07
1.420370052496927045e+07
1.420330233047785237e+07
1.420366967545991577e+07
1.420491779212133959e+07
1.420687448994499259e+07
1.420911335519882850e+07
1.421113542832085863e+07
1.421251686893661134e+07
1.421337029748495109e+07
1.421345597335116379e+07
1.421300352109036408e+07
1.421227657028212771e+07
1.421152764791772328e+07
1.421115819378830492e+07
1.421124040543310717e+07
1.421189403476271406e+07
1.421275164252684638e+07
1.421349795920484513e+07
1.421384774282137863e+07
1.421369413215234317e+07
1.421270348882076330e+07
1.421085855851692334e+07
1.420843889152631909e+07
1.420598846097536013e+07
1.420379456717131287e+07
1.420260331327295490e+07
1.420245594822318852e+07
1.420316723585075140e+07
1.420494116260993481e+07
1.420737831378261000e+07
1.420976983064383827e+07
1.421164469784388691e+07
1.421291190616367944e+07
1.421339772926176712e+07
1.421293575711311400e+07
1.421193556128643453e+07
1.421073535412591510e+07
1.420984069191978313e+07
1.420955878486114368e+07
1.421015276465825550e+07
1.421130095336809568e+07
1.421260950117829256e+07
1.421387566439415514e+07
1.421465042517478392e+07
1.421438817368016019e+07
1.421300544244691916e+07
1.421079633464517631e+07
1.420805442582046799e+07
1.420528172998760641e+07
1.420334899270137027e+07
1.420237808717161603e+07
1.420249830309746414e+07
1.420380270540253259e+07
1.420611451421939582e+07
1.420873083194007911e+07
1.421108602680475451e+07
1.421280525437733531e+07
1.421361571798699163e+07
1.421322481198918633e+07
1.421211395310421474e+07
1.421055909288204461e+07
1.420905636807348765e+07
1.420814096508884057e+07
1.420826511415733956e+07
1.420923767028841190e+07
1.421081562617405131e+07
1.421272847305546887e+07
1.421443075777671114e+07
1.421528801877214387e+07
1.421473871623847634e+07
1.421309635207342356e+07
1.421059660653084330e+07
1.420755566433119029e+07
1.420498565846342035e+07
1.420333135692252032e+07
1.420268117661754228e+07
1.420329701943125017e+07
1.420526851510144398e+07
1.420787858071603253e+07
1.421044982560775988e+07
1.421253123837630264e+07
1.421372691453082673e+07
1.421367268624801561e+07
1.421265078082324751e+07
1.421087964625319280e+07
1.420884184692480415e+07
1.420725111408779211e+07
1.420677201624324732e+07
1.420725533944777213e+07
1.420846931050017849e+07
1.421061001291521080e+07
1.421310799292654730e+07
1.421487598412200250e+07
1.421541053672467545e+07
1.421478539093326032e+07
1.421293645354397222e+07
1.421025974796148762e+07
1.420749656682058796e+07
1.420522690376754850e+07
1.420402987546762265e+07
1.420391570417405292e+07
1.420525675944815204e+07
1.420745600425984338e+07
1.420985210535839014e+07
1.421230136862177402e+07
1.421398353530637920e+07
1.421427541858284362e+07
1.421351460047077946e+07
1.421189530955172889e+07
1.420953117071718909e+07
1.420730249960935116e+07
1.420592881673629209e+07
1.420554572352016717e+07
1.420630732076617144e+07
1.420808338328410313e+07
1.421067960305145197e+07
1.421314968820724636e+07
1.421479564819186367e+07
1.421520811269113608e+07
1.421444585075362027e+07
1.421260038230669126e+07
1.421021982796258852e+07
1.420790793152969889e+07
1.420607619115278870e+07
1.420551924005698785e+07
1.420668308094378002e+07
1.420768791573605128e+07
1.421006969507784210e+07
1.421244543295635656e+07
1.421431945898560435e+07
1.421500804779324867e+07
1.421457968566045538e+07
1.421302194234229811e+07
1.421083795913525857e+07
1.420812140719633177e+07
1.420594989335216768e+07
1.420483204458929598e+07
1.420466959969375655e+07
1.420568033224805631e+07
1.420801852557710744e+07
1.421058528972411156e+07
1.421292252903103828e+07
1.421441375077992678e+07
1.421449562258240767e+07
1.421340333949221671e+07
1.421187064129064046e+07
1.420999464785753563e+07
1.420817953732092492e+07
1.420714658558206446e+07
1.420733080318303034e+07
1.420842179895269126e+07
1.421014240826448239e+07
1.421221132884691842e+07
1.421427859352187440e+07
1.421534183732949942e+07
1.421530132870374620e+07
1.421413680110284872e+07
1.421204772494656779e+07
1.420934329138313048e+07
1.420681775676959939e+07
1.420477829969947599e+07
1.420383094405766204e+07
1.420405300763989240e+07
1.420552572074325196e+07
1.420778138567266800e+07
1.421017393848687969e+07
1.421213996589205973e+07
1.421334608147442341e+07
1.421330411086257175e+07
1.421260067274077982e+07
1.421136272947965935e+07
1.421004788292760402e+07
1.420879842381757312e+07
1.420957644500402175e+07
1.420935506772620603e+07
1.421084928535824828e+07
1.421248905246494524e+07
1.421438371587242186e+07
1.421568692834722809e+07
1.421618166390308551e+07
1.421533718264080584e+07
1.421363143261704035e+07
1.421107438619730435e+07
1.420853924750916846e+07
1.420629436845913157e+07
1.420456087304532155e+07
1.420388525763277151e+07
1.420450480746696703e+07
1.420584277632117085e+07
1.420773073914384656e+07
1.420977239234899171e+07
1.421134712986310385e+07
1.421214370615657046e+07
1.421209973713033274e+07
1.421162819946039096e+07
1.421080729655383527e+07
1.420991065580882691e+07
1.420980032576385699e+07
1.421034589287501760e+07
1.421116856801085174e+07
1.421250315889973566e+07
1.421402851389736496e+07
1.421527908018031716e+07
1.421609481986192986e+07
1.421581226748486236e+07
1.421445123598749563e+07
1.421258182150663622e+07
1.421031194018808566e+07
1.420790515571851470e+07
1.420587203940629773e+07
1.420441661742034741e+07
1.420408304521785118e+07
1.420467985111890547e+07
1.420573344392889738e+07
1.420715511344371922e+07
1.420869419921149686e+07
1.420988321545852162e+07
1.421061675848106109e+07
1.421079524379733391e+07
1.421053362085705437e+07
1.421036351076226309e+07
1.421035591989676841e+07
1.421065748149685375e+07
1.421129289842142724e+07
1.421218229872071557e+07
1.421331274378788471e+07
1.421436918458308466e+07
1.421509516446395218e+07
1.421518928529577889e+07
1.421456563636398874e+07
1.421310514912134223e+07
1.421139029263011739e+07
1.420956180041692592e+07
1.420753525345760025e+07
1.420581053781431727e+07
1.420481629915958084e+07
1.420440824662238546e+07
1.420452188696832024e+07
1.420522825857990421e+07
1.420619244160502963e+07
1.420731729727087542e+07
1.420846077246303484e+07
1.420925019877711311e+07
1.420959115492714569e+07
1.421000711457071826e+07
1.421043180123983882e+07
1.421084216468708590e+07
1.421127456381084584e+07
1.421189717252728529e+07
1.421256416238194890e+07
1.421334110901266709e+07
1.421403346409791894e+07
1.421424804045240022e+07
1.421409446416684426e+07
1.421347654705253243e+07
1.421243848056570627e+07
1.421115308537223935e+07
1.420956834484157152e+07
1.420801006509374082e+07
1.420657985554909520e+07
1.420552218067326955e+07
1.420475760176822729e+07
1.420462798984299041e+07
1.420481132972859964e+07
1.420552731837505475e+07
1.420648635084228218e+07
1.420762984248874709e+07
1.420845403691914305e+07
1.420961837337516807e+07
