1.108429955256834626e+07
1.108515221350801177e+07
1.108552982072476111e+07
1.108588045377166383e+07
1.108607406877563708e+07
1.108640749943723157e+07
1.108672449466000870e+07
1.108687443833014369e+07
1.108688831342127919e+07
1.108674964483716339e+07
1.108642293298281170e+07
1.108572513413001969e+07
1.108467961459582485e+07
1.108364698352848738e+07
1.108244789916004241e+07
1.108126396843192913e+07
1.108015876665004715e+07
1.107931283201275580e+07
1.107880912192966230e+07
1.107881985108133964e+07
1.107942262562914751e+07
1.108036812441605516e+07
1.108153447571181133e+07
1.108294965877006762e+07
1.108428582969288714e+07
1.108536047653595172e+07
1.108601818365500867e+07
1.108642612754390389e+07
1.108659043688737415e+07
1.108650397507198341e+07
1.108644942445014603e+07
1.108646461753777973e+07
1.108648680855257064e+07
1.108657953646422736e+07
1.108676809689195454e+07
1.108661239706621133e+07
1.108610939963440411e+07
1.108541465422722884e+07
1.108439169994545914e+07
1.108299859267549030e+07
1.108140149215575866e+07
1.107991008205124363e+07
1.107872046505041607e+07
1.107803399719339982e+07
1.107812130720794387e+07
1.107879076395065524e+07
1.108008716027194820e+07
1.108180663209952228e+07
1.108353957398487441e+07
1.108511348747540452e+07
1.108624238874901272e+07
1.108682572712950408e+07
1.108691237257391959e+07
1.108665420831808448e+07
1.108622954471923970e+07
1.108584367807332613e+07
1.108566241711839661e+07
1.108582383198046684e+07
1.108631787750353292e+07
1.108678616797121614e+07
1.108691669825190678e+07
1.108679019495311007e+07
1.108623236601690017e+07
1.108497998731832020e+07
1.108321699652271159e+07
1.108121176599774882e+07
1.107920194552381523e+07
1.107773490338191949e+07
1.107704643625959940e+07
1.107721785571699031e+07
1.107827038879759423e+07
1.108004600090609491e+07
1.108216079895480350e+07
1.108424121662452817e+07
1.108585108598608710e+07
1.108678643535766378e+07
1.108710662754383124e+07
1.108676452973477542e+07
1.108602180868755840e+07
1.108525692070314847e+07
1.108473437607274391e+07
1.108466460943252034e+07
1.108516828060045466e+07
1.108604702471078001e+07
1.108686897318827175e+07
1.108740281111945957e+07
1.108752292917481996e+07
1.108672546870934404e+07
1.108513095607763529e+07
1.108293459241011925e+07
1.108050957325282879e+07
1.107826380023233593e+07
1.107675233395842090e+07
1.107626549172431044e+07
1.107687516165575944e+07
1.107836829084045254e+07
1.108064697488060407e+07
1.108306317621341161e+07
1.108501067657296732e+07
1.108647411345403269e+07
1.108714043674010225e+07
1.108688246401229873e+07
1.108600970727706887e+07
1.108486652798694372e+07
1.108380702144341171e+07
1.108331968763034604e+07
1.108372849397409707e+07
1.108475998317229003e+07
1.108602394312964380e+07
1.108740422847478651e+07
1.108833781221015565e+07
1.108835790668344311e+07
1.108735274007560313e+07
1.108532791688388772e+07
1.108273904819111153e+07
1.108001107019200735e+07
1.107779191112367250e+07
1.107648829776499979e+07
1.107629626556232385e+07
1.107739036505947262e+07
1.107941753713484854e+07
1.108194313920805603e+07
1.108431963408716395e+07
1.108626292445281520e+07
1.108725372866930626e+07
1.108716879631381668e+07
1.108619771190669015e+07
1.108475769395015202e+07
1.108315033247593977e+07
1.108205340357966721e+07
1.108184520687642880e+07
1.108265851860303245e+07
1.108410064559286088e+07
1.108590772033244371e+07
1.108771451659300365e+07
1.108868834846900217e+07
1.108856831065337546e+07
1.108721289648190886e+07
1.108499603423837945e+07
1.108209670139303058e+07
1.107945092817312479e+07
1.107749351301323995e+07
1.107655184194699861e+07
1.107689003260938264e+07
1.107856012697911263e+07
1.108100062355677411e+07
1.108353138855929673e+07
1.108575336346179806e+07
1.108717349955753982e+07
1.108745727623211406e+07
1.108665331084974483e+07
1.108508950399281643e+07
1.108315534164244682e+07
1.108140300823440030e+07
1.108054782481755689e+07
1.108076912402125821e+07
1.108184158569865115e+07
1.108385651128079928e+07
1.108623663214694709e+07
1.108810314307303168e+07
1.108900395544217713e+07
1.108870237358473241e+07
1.108722159434666857e+07
1.108478754164226353e+07
1.108211849614876509e+07
1.107970764337648638e+07
1.107813654297083989e+07
1.107772470829759538e+07
1.107871735110655986e+07
1.108069141678931564e+07
1.108300294131445512e+07
1.108542849564782344e+07
1.108727618435349688e+07
1.108798866299578734e+07
1.108747275853399001e+07
1.108606176322015189e+07
1.108390464174041152e+07
1.108161767924975045e+07
1.108002292563594319e+07
1.107932474446298741e+07
1.107977086610649526e+07
1.108136441374189407e+07
1.108380806843130477e+07
1.108628289648670889e+07
1.108807176102857664e+07
1.108881544196255133e+07
1.108839683637226745e+07
1.108682792117741145e+07
1.108459815182603709e+07
1.108229570706458390e+07
1.108040064512923174e+07
1.107952986397097073e+07
1.108039462465439923e+07
1.108113280836752802e+07
1.108329481504847854e+07
1.108558410335975140e+07
1.108760553000536375e+07
1.108859518693107553e+07
1.108849466691163927e+07
1.108727839517885447e+07
1.108521226752660796e+07
1.108264826216248050e+07
1.108040284561951458e+07
1.107892755309297144e+07
1.107851307830786332e+07
1.107933289105642401e+07
1.108138858209657855e+07
1.108385421115590446e+07
1.108615893126042373e+07
1.108778060182560608e+07
1.108828539012827165e+07
1.108750613763391599e+07
1.108607160265863687e+07
1.108426907827574387e+07
1.108251700490646251e+07
1.108133994167527556e+07
1.108120015188393928e+07
1.108201355087199807e+07
1.108363643469942361e+07
1.108564160666402802e+07
1.108755136089607514e+07
1.108883310698484257e+07
1.108915042315941490e+07
1.108830074063536711e+07
1.108650702804972231e+07
1.108393386652191170e+07
1.108140263319330662e+07
1.107933147258641943e+07
1.107809091434896365e+07
1.107797439755817130e+07
1.107924240030462854e+07
1.108129717594207823e+07
1.108355360160292313e+07
1.108550630662589893e+07
1.108687022042730078e+07
1.108714863539175875e+07
1.108671418821911141e+07
1.108554151746423542e+07
1.108429255883540399e+07
1.108311018133441918e+07
1.108385606573949382e+07
1.108308001118236594e+07
1.108445917606508359e+07
1.108593787271949276e+07
1.108787403721453622e+07
1.108922167330131307e+07
1.108984907504056208e+07
1.108942644902112894e+07
1.108798211936229095e+07
1.108561941420903243e+07
1.108320991859812103e+07
1.108093194371414185e+07
1.107909343520775996e+07
1.107815017704367638e+07
1.107844451882925630e+07
1.107963755408770032e+07
1.108137864324390888e+07
1.108330690677045099e+07
1.108498200914602913e+07
1.108596255263147317e+07
1.108617789751982503e+07
1.108583681759705767e+07
1.108509505475498736e+07
1.108428813333618268e+07
1.108410682025376894e+07
1.108441136877929978e+07
1.108514226349502616e+07
1.108633197155847028e+07
1.108783892096777633e+07
1.108910495443278365e+07
1.108997757450963929e+07
1.108998184394634888e+07
1.108901067324016616e+07
1.108732095586499013e+07
1.108522278924557939e+07
1.108295938051515445e+07
1.108093309133922122e+07
1.107942727686396055e+07
1.107889332064484246e+07
1.107921855508079752e+07
1.108019318780443445e+07
1.108148078131208755e+07
1.108294738948118500e+07
1.108419610716804303e+07
1.108506778944333829e+07
1.108539779817624204e+07
1.108531245897117630e+07
1.108514681740907952e+07
1.108518681217616610e+07
1.108549015535901114e+07
1.108597377734326385e+07
1.108679531680369191e+07
1.108787081662024558e+07
1.108890405363159068e+07
1.108966727836439386e+07
1.108993201499286108e+07
1.108946859261371382e+07
1.108831830366307124e+07
1.108670063144326769e+07
1.108498009456155263e+07
1.108304291810414009e+07
1.108136429115188494e+07
1.108021482060640119e+07
1.107966297253220156e+07
1.107962292958003841e+07
1.108016095426945947e+07
1.108106966077399068e+07
1.108211408103682473e+07
1.108324252665540390e+07
1.108409212374663167e+07
1.108457978152745403e+07
1.108500444468884543e+07
1.108540470956607349e+07
1.108583284579253569e+07
1.108622863372722082e+07
1.108678139603318274e+07
1.108739784343792498e+07
1.108817774124200828e+07
1.108883063901096396e+07
1.108916545675145462e+07
1.108904034117873944e+07
1.108855118935443275e+07
1.108763839319034852e+07
1.108645779225170054e+07
1.108495350166582875e+07
1.108347512043919787e+07
1.108203882016842440e+07
1.108094399831772409e+07
1.108006909418045357e+07
1.107979620075653493e+07
1.107981735041616485e+07
1.108043411087829433e+07
1.108119403885535896e+07
1.108233748542746529e+07
1.108315422752686031e+07
1.108437882127850875e+07
