2.501585729041899741e+07
2.501441828848232701e+07
2.501528009143992886e+07
2.501477860038953647e+07
2.501498801756268740e+07
2.501519755357422307e+07
2.501625891705819964e+07
2.501737362448436394e+07
2.501900720958254114e+07
2.502063868927849457e+07
2.502196631488220766e+07
2.502206178847558051e+07
2.502204823132095113e+07
2.502281548089982942e+07
2.502312387710293755e+07
2.502282614881376177e+07
2.502238600507908687e+07
2.502213664393258840e+07
2.502286156027434394e+07
2.502455061085688695e+07
2.502713195480244979e+07
2.502993689584412053e+07
2.503244232762196660e+07
2.503333907425792143e+07
2.503456181760520115e+07
2.503630383908381686e+07
2.503688190124530345e+07
2.503756583311024681e+07
2.503821804379597306e+07
2.503868064058160409e+07
2.503929472839311510e+07
2.504046039633058384e+07
2.504172029009746388e+07
2.504303098505656049e+07
2.504310136471816152e+07
2.504189550881260633e+07
2.504027491930629686e+07
2.503877909886686504e+07
2.503730962455553561e+07
2.503613930241715163e+07
2.503512319365462288e+07
2.503416637767957523e+07
2.503284630542081594e+07
2.503193913946924731e+07
2.503125192543667555e+07
2.503113349156677723e+07
2.503163220139452070e+07
2.503334537148116156e+07
2.503549925953960791e+07
2.503756730431479588e+07
2.503887309700651467e+07
2.503885767864470929e+07
2.503700212455844134e+07
2.503463232662994415e+07
2.503256067818146944e+07
2.503040771052292734e+07
2.502775776253405213e+07
2.502534862356775254e+07
2.502290060573263839e+07
2.502085725482048839e+07
2.501937043632330745e+07
2.501900700714808330e+07
2.501843038239799067e+07
2.501700522949557379e+07
2.501553490552570298e+07
2.501384301025411859e+07
2.501117651494650543e+07
2.500885241578529775e+07
2.500697487325819954e+07
2.500573073184001818e+07
2.500533740393044055e+07
2.500634498188763112e+07
2.500802866850986704e+07
2.501007349603376910e+07
2.501180333934292942e+07
2.501334806671458855e+07
2.501452901572648063e+07
2.501594091852775961e+07
2.501773856245862320e+07
2.501935786837136745e+07
2.502031460408851877e+07
2.502175120673492178e+07
2.502379437401031703e+07
2.502628387682096660e+07
2.502842247031690553e+07
2.503036832839345187e+07
2.503190373583302274e+07
2.503298510231306776e+07
2.503320003321339563e+07
2.503283769006782770e+07
2.503155609457097203e+07
2.503074140170895681e+07
2.503073914146233723e+07
2.503175578043517470e+07
2.503363742051699385e+07
2.503614753097815067e+07
2.503837763969545439e+07
2.504021039886495844e+07
2.504128943340225145e+07
2.504140804358768836e+07
2.504070554789488018e+07
2.503949829095970094e+07
2.503787140507540107e+07
2.503620941915956512e+07
2.503494828446707502e+07
2.503452398432183266e+07
2.503447310801718757e+07
2.503498183014012501e+07
2.503548985834547877e+07
2.503612577719172463e+07
2.503638878496928141e+07
2.503578364430529624e+07
2.503367617928298935e+07
2.503114829288492724e+07
2.502905687653755769e+07
2.502734582331884652e+07
2.502587378921080008e+07
2.502565703842036799e+07
2.502639032562382519e+07
2.502838380422910303e+07
2.503067819518858939e+07
2.503329887340352684e+07
2.503565745246156678e+07
2.503795812723448500e+07
2.503936540899059922e+07
2.503990056064667553e+07
2.503961044820804894e+07
2.503998913381701708e+07
2.504043032524210215e+07
2.504089597717489302e+07
2.504140732165578380e+07
2.504261049759171531e+07
2.504394923087381199e+07
2.504592887672296166e+07
2.504786260516231135e+07
2.504920481656343490e+07
2.504910850903409347e+07
2.504729764604564384e+07
2.504357467134563252e+07
2.503957220937503502e+07
2.503631280182058364e+07
2.503500526999742538e+07
2.503418393100420013e+07
2.503449821106697619e+07
2.503637105652080104e+07
2.503933382234786078e+07
2.504238644472952560e+07
2.504545455684021115e+07
2.504781578842863441e+07
2.504874448794123903e+07
2.504797500549500063e+07
2.504657848345016688e+07
2.504505328880324215e+07
2.504460040965228155e+07
2.504447373213072866e+07
2.504465493556783721e+07
2.504489842419476062e+07
2.504576347011899576e+07
2.504608865831020474e+07
2.504459183839768916e+07
2.504240117736185715e+07
2.503923726663260162e+07
2.503635052468509600e+07
2.503439454267782718e+07
2.503226074274640903e+07
2.503065304736025631e+07
2.503012253464943543e+07
2.503047890616928786e+07
2.503198366027628630e+07
2.503479621291644126e+07
2.503710287203992903e+07
2.503873858467473090e+07
2.503926376324022934e+07
2.503911352518242970e+07
2.503872133896201476e+07
2.503842921687280759e+07
2.503743588490483910e+07
2.503603290938844904e+07
2.503489109936416894e+07
2.503465238580803946e+07
2.503417112378368154e+07
2.503346189541378617e+07
2.503327384163228795e+07
2.503378423147540912e+07
2.503441812362072617e+07
2.503503981514033303e+07
2.503626093778992072e+07
2.503713623721608892e+07
2.503789373346016183e+07
2.503860390404558554e+07
2.503953839652416855e+07
2.504068225228186324e+07
2.503844962664812803e+07
2.504189779235451296e+07
2.504099309063190222e+07
2.504006885217613727e+07
2.503833323330850154e+07
2.503637444264537469e+07
2.503370629620369151e+07
2.503232825477764755e+07
2.503072214574602246e+07
2.502876944421625137e+07
2.502697982765148580e+07
2.502629056228360534e+07
2.502686991807106137e+07
2.502886793373018131e+07
2.503139214823448658e+07
2.503380734993407130e+07
2.503535447701559216e+07
2.503612064784014225e+07
2.503525304844034463e+07
2.503359691085058451e+07
2.503116537265367061e+07
2.502857784850768745e+07
2.502581227795392647e+07
2.502385563765427098e+07
2.502296270060060546e+07
2.502384219076256454e+07
2.502565642908776551e+07
2.502901485216540471e+07
2.503276507488646358e+07
2.503525486024393514e+07
2.503665134613588825e+07
2.503756879090840742e+07
2.503735341455651075e+07
2.503710176800681651e+07
2.503587887971910089e+07
2.503439091267335042e+07
2.503234956384563819e+07
2.503076911429531872e+07
2.502908055484811217e+07
2.502835680437506735e+07
2.502766654646430165e+07
2.502754944388949126e+07
2.502728259351000935e+07
2.502758332262208685e+07
2.502737919616714120e+07
2.502759599667979032e+07
2.502637650939776748e+07
2.502612091397058219e+07
2.501391532203926519e+07
2.502833643568066880e+07
2.502695479442303628e+07
2.503071504603323340e+07
2.503071354652402177e+07
2.503315344111084566e+07
2.503427558180053160e+07
2.503634052853776142e+07
2.503483712710559368e+07
2.503325339649141952e+07
2.503063741539585218e+07
2.502956730490140244e+07
2.502850377840605006e+07
2.502922381019800529e+07
2.502977492444238812e+07
2.503158286281269044e+07
2.503351767195823044e+07
2.503620981554739550e+07
2.503742365944033861e+07
2.503857366621728987e+07
2.503988636873126402e+07
2.504118718105662242e+07
2.504106744310599938e+07
2.504084718629055843e+07
2.504062904429020733e+07
2.504173435426276550e+07
2.504313870659711212e+07
2.504450464798128977e+07
2.504522939891610667e+07
2.504603375580697134e+07
2.504620259287268668e+07
2.504655954753304273e+07
2.504609940334277228e+07
2.504535176429587975e+07
2.504450322725728527e+07
2.504334933754903451e+07
2.504244700526187196e+07
2.504212275216684118e+07
2.504059298868044466e+07
2.503891882460936531e+07
2.503764410960435495e+07
2.503575271066222340e+07
2.503353075651406497e+07
2.503130479829419404e+07
2.502928100907262787e+07
2.502731488047390804e+07
2.502581048497810587e+07
2.502479308037343621e+07
2.502383982999232411e+07
2.502313629017890245e+07
2.502311473982165009e+07
2.502390611887525767e+07
2.502514055089490488e+07
2.502630260402237624e+07
2.502728334687279537e+07
2.502789743958798796e+07
2.502840544605212286e+07
2.502811544634526223e+07
2.502757688634162024e+07
2.502630942307473347e+07
2.502418750785228983e+07
2.502215049695051834e+07
2.502051611880281940e+07
2.501907317759642377e+07
2.501829380459035188e+07
2.501791924453469366e+07
2.501803723601993546e+07
2.501803088093353063e+07
2.501921608157631010e+07
2.502082552613777295e+07
2.502312074809477478e+07
2.502563554272710904e+07
2.502757918148676306e+07
2.502757896930608526e+07
2.502712585406898335e+07
2.502683456666720286e+07
2.502610706396659464e+07
2.502474010136506334e+07
2.502440669311802834e+07
2.502405368693846464e+07
2.502421434732217342e+07
2.502326042822363600e+07
2.502343453396103531e+07
2.502312003857833892e+07
2.502268113919297978e+07
2.502014083591702953e+07
2.501812079914201051e+07
2.501477974443124980e+07
2.501088782464281470e+07
2.500610407637638599e+07
2.500407430271716788e+07
2.500107990642566234e+07
2.500082450689205155e+07
2.499889677290130779e+07
2.500122577132159472e+07
2.499918390318726376e+07
