5.840998539270888269e+07
5.839962319896483421e+07
5.840245215045385063e+07
5.840009804632681608e+07
5.840157745368469507e+07
5.840080164799363911e+07
5.840235926247926056e+07
5.840292913137769699e+07
5.840560873253285885e+07
5.840852002707520872e+07
5.841385049767522514e+07
5.841889638210769743e+07
5.842322315600924939e+07
5.842535146001233160e+07
5.842768328354346752e+07
5.842846413052897900e+07
5.842888511768063903e+07
5.842823609057977051e+07
5.842792799757377803e+07
5.842863940695829690e+07
5.842970988573317230e+07
5.843011348005259037e+07
5.843018894909758866e+07
5.842906384489504248e+07
5.842744115520009398e+07
5.842583075217876583e+07
5.842499419561472535e+07
5.842549278067260981e+07
5.842768598956009746e+07
5.843135313110305369e+07
5.843641192724999785e+07
5.844106065959692746e+07
5.844399343151509762e+07
5.844542512169557065e+07
5.844448744793984294e+07
5.844229347551996261e+07
5.843859719150273502e+07
5.843350626009696722e+07
5.842800398723292351e+07
5.842262594584380090e+07
5.841821750117996335e+07
5.841487158246226609e+07
5.841269496004744619e+07
5.841220788677081466e+07
5.841288287317497283e+07
5.841409272757216543e+07
5.841549997357377410e+07
5.841758299470698088e+07
5.842023271822503209e+07
5.842345581288672984e+07
5.842694587240215391e+07
5.843134260986955464e+07
5.843668952920673043e+07
5.844228274348265678e+07
5.844733866274230927e+07
5.845179772584200650e+07
5.845525955024049431e+07
5.845849551387504488e+07
5.846112022797112167e+07
5.846264314415582269e+07
5.846224483743876219e+07
5.846158710232258588e+07
5.846204902957697958e+07
5.846321297754453868e+07
5.846221443910938501e+07
5.845923403568464518e+07
5.845458960376689583e+07
5.845000452330575883e+07
5.844587848321888596e+07
5.844275610557268560e+07
5.844051477666156739e+07
5.843956793247319758e+07
5.843945513812363148e+07
5.844082618244422227e+07
5.844281008707974106e+07
5.844535210163886100e+07
5.844702814092876762e+07
5.844818926812896878e+07
5.844769599037119001e+07
5.844656910615219176e+07
5.844552204481738061e+07
5.844621923815841228e+07
5.844921444494026154e+07
5.845082135852243006e+07
5.844845072519773245e+07
5.844297781176519394e+07
5.843611031929949671e+07
5.842993495766907930e+07
5.842481497690834105e+07
5.842107383405683190e+07
5.841845407311622053e+07
5.841748389433776587e+07
5.841825035330009460e+07
5.842124108436811715e+07
5.842589477427048236e+07
5.843146777713467926e+07
5.843636953670484573e+07
5.844082580124712735e+07
5.844382948143584281e+07
5.844593070201450586e+07
5.844768068001177907e+07
5.844962655458127707e+07
5.845151734802776575e+07
5.845427761461621523e+07
5.845682513821748644e+07
5.845951842452619225e+07
5.846207604650153965e+07
5.846490651471428573e+07
5.846724946530992538e+07
5.846960922083036602e+07
5.847186749540385604e+07
5.847393803357672691e+07
5.847431657094862312e+07
5.847315387717589736e+07
5.847021422735182196e+07
5.846642510141404718e+07
5.846184559597400576e+07
5.845753137066716701e+07
5.845356632816044241e+07
5.845144507311423868e+07
5.845052404669012129e+07
5.845152152773646265e+07
5.845396884208672494e+07
5.845764180730009079e+07
5.846091297788269818e+07
5.846348200184282660e+07
5.846392252216129750e+07
5.846287386446457356e+07
5.846030408369123191e+07
5.845739833976955712e+07
5.845443448738160729e+07
5.845266424526673555e+07
5.845190645036962628e+07
5.845307065315881371e+07
5.845566807505275309e+07
5.845907143017196655e+07
5.846168622289094329e+07
5.846134516529271007e+07
5.845664371584121883e+07
5.845349924647437781e+07
5.845324528265770525e+07
5.845420171784535050e+07
5.845430254786352068e+07
5.845460222662313282e+07
5.845597461781372875e+07
5.845965466199576855e+07
5.846348835696863383e+07
5.846626230208133906e+07
5.846644635939209163e+07
5.846598181069344282e+07
5.846268707388012856e+07
5.845863888933412731e+07
5.845539166009159386e+07
5.845347156163396686e+07
5.845159750897304714e+07
5.845123194061684608e+07
5.845140095990892500e+07
5.845234374678148329e+07
5.845107410969072580e+07
5.844840997615267336e+07
5.844436047728836536e+07
5.844010082830874622e+07
5.843572129981108010e+07
5.843288343240059167e+07
5.843130088836181164e+07
5.843188151906046271e+07
5.843441811308819056e+07
5.843894059579218179e+07
5.844319463684097677e+07
5.844834599811643362e+07
5.845196541406516731e+07
5.845315134851982445e+07
5.845193648051173240e+07
5.845065839675984532e+07
5.844872606642932445e+07
5.844809087323295325e+07
5.844913818750105798e+07
5.845188495629329234e+07
5.845395346044522524e+07
5.845548435874824226e+07
5.845619749428988993e+07
5.845885378624577075e+07
5.846246059770591557e+07
5.846625932674424350e+07
5.846809249081822485e+07
5.846960030313979834e+07
5.847091658758155257e+07
5.847137608444570750e+07
5.847009011616089940e+07
5.846856357821272314e+07
5.846642011593919247e+07
5.846743172364035249e+07
5.846471055924931169e+07
5.847019804223126918e+07
5.847045999286248535e+07
5.847088113866803050e+07
5.846998710797914118e+07
5.846864765559908748e+07
5.846472829538001865e+07
5.846077162362852693e+07
5.845650804939204454e+07
5.845365913634427637e+07
5.845170135466370732e+07
5.845261945695863664e+07
5.845492927541334927e+07
5.845840112628205866e+07
5.846029469258084148e+07
5.846142087906489521e+07
5.846082575934447348e+07
5.845943149250360578e+07
5.845532718878134340e+07
5.845085421315184236e+07
5.844632481773993373e+07
5.844425959202668816e+07
5.844325913658857346e+07
5.844355646096280962e+07
5.844338572804622352e+07
5.844435081060872227e+07
5.844388958294341713e+07
5.844281734288580716e+07
5.844036813974397629e+07
5.843868680076660961e+07
5.843621326727790385e+07
5.843484176688576490e+07
5.843293571020784229e+07
5.843300861296793073e+07
5.843242066064477712e+07
5.843371198386776447e+07
5.843497935621044040e+07
5.843884620839811116e+07
5.844254157062511891e+07
5.844743770661424100e+07
5.844999164285191894e+07
5.845245868393082172e+07
5.845107879991287738e+07
5.845043575913659483e+07
5.844631036433959752e+07
5.844538931293336302e+07
5.844144986523465812e+07
5.844524836226570606e+07
5.845283559463508427e+07
5.844812948472061008e+07
5.845481870138984919e+07
5.845780429719240963e+07
5.846087344999872148e+07
5.846024090871554613e+07
5.845946971416360140e+07
5.845747699806679785e+07
5.845687888767748326e+07
5.845710400871480256e+07
5.845812020414180309e+07
5.845831480404409021e+07
5.845999444805236161e+07
5.846137023618572950e+07
5.846222777675312012e+07
5.846187093989218026e+07
5.846083682949624956e+07
5.845908426330310106e+07
5.845780744580536336e+07
5.845684306632013619e+07
5.845687863025956601e+07
5.845828791578547657e+07
5.846103192433215678e+07
5.846351218614655733e+07
5.846518915475268662e+07
5.846474792384692281e+07
5.846423670696659386e+07
5.846297307633364201e+07
5.846137469678674638e+07
5.845874483503694832e+07
5.845541735110118240e+07
5.845217107163137197e+07
5.844940368497335911e+07
5.844694601440546662e+07
5.844530380851314217e+07
5.844429183062998950e+07
5.844361969717876613e+07
5.844409319901322573e+07
5.844671678802887350e+07
5.844970958997248113e+07
5.845211184921704978e+07
5.845459790193136036e+07
5.845759928411658853e+07
5.846101978979168087e+07
5.846412164429933578e+07
5.846606798092534393e+07
5.846741683305037767e+07
5.846862013962817937e+07
5.847007405596192926e+07
5.847006861015658081e+07
5.846703591990582645e+07
5.846294594891095906e+07
5.845935443235143274e+07
5.845554882457907498e+07
5.845212362598204613e+07
5.845053585477326065e+07
5.844889337625765800e+07
5.844714924197808653e+07
5.844698632913212478e+07
5.844854306107678264e+07
5.845076148167295754e+07
5.845114162891600281e+07
5.844902980878470093e+07
5.844747760681755096e+07
5.844637720362941921e+07
5.844601376278487593e+07
5.844676474933765084e+07
5.844946970514793694e+07
5.845326165597862750e+07
5.845710934065368026e+07
5.845944413718879968e+07
5.845937063345883787e+07
5.845793572039433569e+07
5.845676556813410670e+07
5.845570638140486926e+07
5.845677106989452988e+07
5.845948168356779963e+07
5.846341340161334723e+07
5.846683430036909878e+07
5.846968680699498206e+07
5.847201222374413908e+07
5.847370388885574043e+07
5.847342486673277617e+07
5.847220935311631858e+07
5.846867070430576056e+07
5.846192901841116697e+07
5.845351101957310736e+07
5.844685381825051457e+07
5.844167183465585858e+07
5.843940727688954771e+07
5.843881619325316697e+07
5.844241036304374784e+07
5.844631325817476958e+07
5.845179425757703930e+07
5.845467537455792725e+07
5.845978428884352744e+07
