2.506417871187594533e+07
2.506356874297258258e+07
2.506452646889514476e+07
2.506468444434364140e+07
2.506524632393588871e+07
2.506550107452181727e+07
2.506606268147578835e+07
2.506606178630961105e+07
2.506606396234745532e+07
2.506573014750116318e+07
2.506533021643712744e+07
2.506453713127546012e+07
2.506364924282700568e+07
2.506265388839477673e+07
2.506157768511797115e+07
2.506034147884214297e+07
2.505931833537920564e+07
2.505853344988336787e+07
2.505825297338120639e+07
2.505836669456264004e+07
2.505901465003658459e+07
2.506005317252008617e+07
2.506138047257361561e+07
2.506310843505344540e+07
2.506497594066222012e+07
2.506644570934628695e+07
2.506754945849154890e+07
2.506842457188137621e+07
2.506919741641846299e+07
2.506926442714111879e+07
2.506926042730224878e+07
2.506921451911517605e+07
2.506901189511622488e+07
2.506854281495028362e+07
2.506799703399509192e+07
2.506710599504474550e+07
2.506592423394388705e+07
2.506472046532480791e+07
2.506338391958750412e+07
2.506192972469592839e+07
2.506086318069656566e+07
2.506028211150681600e+07
2.505991271068140864e+07
2.506005079277210310e+07
2.506035672171336412e+07
2.506067450826654956e+07
2.506138974406211078e+07
2.506255008783656731e+07
2.506391321558063850e+07
2.506506140485632420e+07
2.506570996876375377e+07
2.506574055877760053e+07
2.506540432850672677e+07
2.506484079625103995e+07
2.506427155750182271e+07
2.506380987408763915e+07
2.506363916836022586e+07
2.506368301316998899e+07
2.506395908196171373e+07
2.506419013892919570e+07
2.506412065412756801e+07
2.506374508426794410e+07
2.506297827007208392e+07
2.506157649450834095e+07
2.505972631896211207e+07
2.505776097538545728e+07
2.505588938482895866e+07
2.505454014406734332e+07
2.505398620090047270e+07
2.505428574407232925e+07
2.505539014347012714e+07
2.505721066567936540e+07
2.505951875602602586e+07
2.506173337066411972e+07
2.506356681554402784e+07
2.506469261940410361e+07
2.506504267912456393e+07
2.506472046749797091e+07
2.506394997444186360e+07
2.506305297602434084e+07
2.506236979047424346e+07
2.506210820632388070e+07
2.506239275502889603e+07
2.506298231075987965e+07
2.506358296676940098e+07
2.506397337489071488e+07
2.506396276437483728e+07
2.506315562059028819e+07
2.506154700587975979e+07
2.505939168352018297e+07
2.505708859447428584e+07
2.505478904616187140e+07
2.505310729050866142e+07
2.505245687725733593e+07
2.505280288494599983e+07
2.505417118692737818e+07
2.505629593211338297e+07
2.505853771797126532e+07
2.506037120253794268e+07
2.506176266718811914e+07
2.506237295652221516e+07
2.506220900581500679e+07
2.506142569109668955e+07
2.506040264970187843e+07
2.505954044155781344e+07
2.505919584335805103e+07
2.505965294721936062e+07
2.506067639917953685e+07
2.506186871257065609e+07
2.506315339245624095e+07
2.506398935596767440e+07
2.506396681052283198e+07
2.506298423463692889e+07
2.506118684472952038e+07
2.505880874778704345e+07
2.505625926404445618e+07
2.505423949820595980e+07
2.505307414378159493e+07
2.505282009933663905e+07
2.505374635514109209e+07
2.505557999347789213e+07
2.505795347068144009e+07
2.506021140898781642e+07
2.506212582345158234e+07
2.506323477705886215e+07
2.506346698502212763e+07
2.506282034478532150e+07
2.506174914577965438e+07
2.506064343194396421e+07
2.505998124088102579e+07
2.506013206655603275e+07
2.506112319473816827e+07
2.506255998869936913e+07
2.506427925335478410e+07
2.506583131886154786e+07
2.506670826263967901e+07
2.506653171073535830e+07
2.506529568001103029e+07
2.506334958942898363e+07
2.506090944309474900e+07
2.505849141411994398e+07
2.505662254122545570e+07
2.505567795125857368e+07
2.505598067557678372e+07
2.505749477299330756e+07
2.505974383329652622e+07
2.506207294418728724e+07
2.506420638738630340e+07
2.506554814181107283e+07
2.506587188468518108e+07
2.506529773163481057e+07
2.506398859437794983e+07
2.506211533406782150e+07
2.506053064643523470e+07
2.505974178296468407e+07
2.505983619901970401e+07
2.506064982324676216e+07
2.506242147322147712e+07
2.506463481918631494e+07
2.506643006379216164e+07
2.506723964434539527e+07
2.506687930967552215e+07
2.506535431407808885e+07
2.506299708909533545e+07
2.506039209948950261e+07
2.505825982385014743e+07
2.505687626409140974e+07
2.505668788281574473e+07
2.505786174289564788e+07
2.506004846068259701e+07
2.506242636700807139e+07
2.506481408522092551e+07
2.506647636616427079e+07
2.506712919547379017e+07
2.506654028444740921e+07
2.506515670295580104e+07
2.506308531172531098e+07
2.506107673454339430e+07
2.505971358847547695e+07
2.505937659125579894e+07
2.506006738948328793e+07
2.506185879274652898e+07
2.506455724637481570e+07
2.506741154879659042e+07
2.506921587182936445e+07
2.506985902749619260e+07
2.506913228509538621e+07
2.506756481878454238e+07
2.506531461599893495e+07
2.506320156146522239e+07
2.506138411355962232e+07
2.506094420799573511e+07
2.506234102874920517e+07
2.506257894912998751e+07
2.506487810240463540e+07
2.506698414174529165e+07
2.506877276445615292e+07
2.506943769673929363e+07
2.506914859795297310e+07
2.506785187049036101e+07
2.506597193765345216e+07
2.506395309688623995e+07
2.506211919879251719e+07
2.506099600381843746e+07
2.506084352075008675e+07
2.506209505257786065e+07
2.506444546808407828e+07
2.506701031955409423e+07
2.506937737983578444e+07
2.507084686945756897e+07
2.507113456125473604e+07
2.507028453718045726e+07
2.506864286117604747e+07
2.506683915791302174e+07
2.506516105801950395e+07
2.506436869130868837e+07
2.506460105963224173e+07
2.506566757446619868e+07
2.506726762514013425e+07
2.506933360431912541e+07
2.507094984679336101e+07
2.507191929175496846e+07
2.507203405977000669e+07
2.507137418497984111e+07
2.506949416388684511e+07
2.506684408608943224e+07
2.506420283633683249e+07
2.506223156137720868e+07
2.506132375105288625e+07
2.506164794847438484e+07
2.506268824660206586e+07
2.506455180393803120e+07
2.506643599311210960e+07
2.506830288654904068e+07
2.506937313357849047e+07
2.506972461279696971e+07
2.506951976735181734e+07
2.506920891490019858e+07
2.506802065984464809e+07
2.506734010043057427e+07
2.506377719840935618e+07
2.506632205613199994e+07
2.506609321917430684e+07
2.506741926939863712e+07
2.506799762352603301e+07
2.506890580529854074e+07
2.506899187181973830e+07
2.506911061908417195e+07
2.506761064704765007e+07
2.506521158632173762e+07
2.506232513579314947e+07
2.505995956040916592e+07
2.505789320041621104e+07
2.505700031052922830e+07
2.505715716156415269e+07
2.505831766878423467e+07
2.505991480715828761e+07
2.506195846422419325e+07
2.506360991785570234e+07
2.506455396868589520e+07
2.506450477261500806e+07
2.506408890989036113e+07
2.506330218194620684e+07
2.506263233695324883e+07
2.506258645911182836e+07
2.506329124381319061e+07
2.506428981421161816e+07
2.506567722216083482e+07
2.506715559894275293e+07
2.506846939592290297e+07
2.506908551896937937e+07
2.506888602237194777e+07
2.506772812591877580e+07
2.506591365041504055e+07
2.506362693474746123e+07
2.506134684776241332e+07
2.505926072627399489e+07
2.505780210062712431e+07
2.505724618563405424e+07
2.505757659069898352e+07
2.505850421889965981e+07
2.505974150340937451e+07
2.506101486185024306e+07
2.506217944714580104e+07
2.506297587808777764e+07
2.506326886939177290e+07
2.506327067209153995e+07
2.506337837387727574e+07
2.506360413610377908e+07
2.506386961521507427e+07
2.506428060019564256e+07
2.506504095939013734e+07
2.506591494746353105e+07
2.506670553207066655e+07
2.506732490281506255e+07
2.506746496627280861e+07
2.506687871367822215e+07
2.506557103118693084e+07
2.506402188071176037e+07
2.506264628698908910e+07
2.506123267042457312e+07
2.506020381472667307e+07
2.505958630625646189e+07
2.505912007674782351e+07
2.505906401503168419e+07
2.505955497157293931e+07
2.506056168437177688e+07
2.506163858401944488e+07
2.506268438609516248e+07
2.506327593237493187e+07
2.506362482591685280e+07
2.506398756664843112e+07
2.506466682721254602e+07
2.506538341383618861e+07
2.506618636314979568e+07
2.506715843454449624e+07
2.506836572365296632e+07
2.506982370696206018e+07
2.507109206455814093e+07
2.507199128558721766e+07
2.507242730429293960e+07
2.507226152723142877e+07
2.507151529980433360e+07
2.507025082659264281e+07
2.506885743298470974e+07
2.506725092150399834e+07
2.506603936123050377e+07
2.506501593933798000e+07
2.506469741623302922e+07
2.506411510968902707e+07
2.506349614673109725e+07
2.506239468233028799e+07
2.506219631744600460e+07
2.506187609364056587e+07
2.506211735533849150e+07
2.506123586491828039e+07
