2.505145100160193071e+07
2.505070980808435753e+07
2.505172995118268579e+07
2.505186728474786133e+07
2.505245869055020064e+07
2.505270644074205309e+07
2.505328729745140672e+07
2.505328325558932871e+07
2.505329737252771854e+07
2.505295695018640533e+07
2.505256454183357209e+07
2.505176547373940796e+07
2.505088505469242856e+07
2.504988997991116345e+07
2.504882064178624749e+07
2.504758204938424006e+07
2.504656475168207288e+07
2.504577598983554542e+07
2.504550410830444098e+07
2.504561860546628013e+07
2.504627452591855824e+07
2.504731228245234117e+07
2.504865012669577450e+07
2.505038464884576946e+07
2.505227232476262376e+07
2.505376091309101507e+07
2.505489021939636022e+07
2.505578001600848883e+07
2.505657881345732510e+07
2.505666725259948894e+07
2.505667589896549657e+07
2.505663475183040649e+07
2.505643431657112017e+07
2.505595754465465620e+07
2.505539861360922083e+07
2.505449060273582116e+07
2.505329020503792912e+07
2.505206667361891270e+07
2.505071400472830981e+07
2.504925131001507863e+07
2.504818256129912660e+07
2.504761139615926892e+07
2.504726224783417583e+07
2.504742782599097118e+07
2.504775657266056165e+07
2.504808423222351447e+07
2.504879238349325582e+07
2.504993796322207898e+07
2.505129090752967075e+07
2.505243190643322095e+07
2.505306744380764663e+07
2.505308730113829300e+07
2.505273470090888813e+07
2.505215689030385017e+07
2.505157523620707914e+07
2.505110349189838767e+07
2.505092908460031822e+07
2.505097162477838248e+07
2.505124240982063860e+07
2.505146934144213051e+07
2.505139453764645383e+07
2.505101268275152892e+07
2.505024181720441580e+07
2.504883293643292785e+07
2.504697630197008699e+07
2.504500486293676496e+07
2.504312969143028930e+07
2.504177826344297454e+07
2.504122567574024945e+07
2.504152489270978794e+07
2.504263142726698890e+07
2.504445304746524617e+07
2.504676483783598244e+07
2.504898791715528816e+07
2.505083171408273652e+07
2.505196581182184443e+07
2.505232462963042036e+07
2.505200579355101660e+07
2.505123545460230112e+07
2.505033306443180516e+07
2.504964663004095107e+07
2.504937856500339508e+07
2.504965557559557632e+07
2.505024002951449156e+07
2.505083512937132642e+07
2.505121974595224857e+07
2.505120750829808787e+07
2.505039806436072662e+07
2.504878822491284460e+07
2.504663184826964885e+07
2.504432637885044888e+07
2.504202450625495240e+07
2.504033382068280876e+07
2.503967094205616787e+07
2.504000817123628780e+07
2.504136761640678719e+07
2.504348693371551111e+07
2.504572644186170772e+07
2.504755669258956984e+07
2.504894603130725026e+07
2.504955458791662380e+07
2.504939009858336672e+07
2.504860594691504166e+07
2.504758403169700876e+07
2.504672213245280087e+07
2.504637847539026290e+07
2.504683465782643855e+07
2.504785995913640037e+07
2.504905479622767493e+07
2.505034075168217346e+07
2.505117475125747919e+07
2.505115571609984338e+07
2.505017277755232155e+07
2.504837649064687267e+07
2.504599700582741201e+07
2.504344821965817735e+07
2.504143018636877462e+07
2.504026426748279855e+07
2.504000894588868693e+07
2.504093172725924104e+07
2.504275986065871269e+07
2.504513101095387712e+07
2.504738726779728755e+07
2.504930545593915880e+07
2.505041438816002756e+07
2.505065424514244869e+07
2.505001590626684576e+07
2.504895516359773651e+07
2.504785717388400063e+07
2.504720775766295195e+07
2.504736893209594861e+07
2.504837176033917814e+07
2.504981689788718149e+07
2.505154160384844616e+07
2.505309662903534248e+07
2.505397638733059540e+07
2.505379985675661638e+07
2.505256787994307280e+07
2.505062578500831127e+07
2.504819365538604185e+07
2.504577922805180773e+07
2.504391867413892969e+07
2.504297099910724536e+07
2.504327649579592049e+07
2.504478606716642156e+07
2.504703793422466889e+07
2.504936567737076804e+07
2.505150223734112084e+07
2.505284602452236041e+07
2.505317374436614290e+07
2.505260117410597205e+07
2.505130185839172825e+07
2.504943050345017016e+07
2.504784845762560144e+07
2.504705832023276016e+07
2.504715349913164973e+07
2.504796177615606040e+07
2.504973343559658900e+07
2.505194078500248119e+07
2.505373951722603291e+07
2.505454801796628907e+07
2.505419386829863861e+07
2.505266710206883773e+07
2.505031343425248563e+07
2.504770280180431902e+07
2.504557463832651824e+07
2.504419081670360640e+07
2.504400641799872741e+07
2.504518191209172457e+07
2.504737881964397058e+07
2.504976252024022862e+07
2.505216334453663230e+07
2.505382982016750425e+07
2.505448838956530392e+07
2.505389762307042256e+07
2.505251876671615988e+07
2.505044469681058452e+07
2.504843914789775014e+07
2.504707696813519299e+07
2.504674801726833358e+07
2.504744581407690421e+07
2.504924856221824512e+07
2.505195416965453699e+07
2.505482928305311501e+07
2.505664731810152158e+07
2.505730475443160534e+07
2.505657033037095144e+07
2.505500835002726316e+07
2.505274837791902944e+07
2.505064332155207917e+07
2.504881087944862247e+07
2.504839406929775700e+07
2.504983148423801735e+07
2.505002073938498273e+07
2.505233909241085500e+07
2.505444372709593177e+07
2.505624055476785451e+07
2.505690216191306710e+07
2.505661021021280810e+07
2.505530972350066528e+07
2.505342827110098302e+07
2.505141560380020738e+07
2.504959093650671467e+07
2.504847635669302568e+07
2.504832832992798463e+07
2.504959689799718186e+07
2.505196260988803953e+07
2.505454655149798468e+07
2.505692396964600682e+07
2.505840453965764865e+07
2.505869383433227241e+07
2.505784684053778276e+07
2.505620251900083944e+07
2.505439430641138181e+07
2.505270983531714976e+07
2.505192044152447954e+07
2.505216245279764012e+07
2.505324272439011931e+07
2.505485029962526262e+07
2.505692573848468065e+07
2.505854472067824006e+07
2.505951917895881459e+07
2.505962534739020094e+07
2.505897038496658579e+07
2.505709067568352073e+07
2.505444440800697356e+07
2.505179339347228035e+07
2.504982219696851075e+07
2.504890733721870556e+07
2.504924928390972689e+07
2.505028724734226614e+07
2.505215988783343881e+07
2.505403089642862231e+07
2.505590825335672125e+07
2.505696402563375980e+07
2.505732697821869701e+07
2.505710636877106503e+07
2.505682956302130222e+07
2.505562733320966363e+07
2.505500914805737510e+07
2.505133455053325370e+07
2.505395557620944455e+07
2.505368085352912918e+07
2.505500288260621205e+07
2.505554980604514480e+07
2.505643973504383117e+07
2.505649879650028422e+07
2.505661346799788624e+07
2.505511420716929063e+07
2.505271902427727357e+07
2.504982004445647821e+07
2.504744369097560272e+07
2.504536550781823322e+07
2.504446624287765473e+07
2.504461254760603979e+07
2.504577229847154394e+07
2.504736518054661900e+07
2.504940995169421285e+07
2.505106513910831138e+07
2.505201180728497356e+07
2.505196251029873267e+07
2.505154623568199947e+07
2.505075287243308872e+07
2.505008060734776407e+07
2.505003425956111401e+07
2.505074461791652068e+07
2.505175063715180755e+07
2.505315015996118262e+07
2.505463590380929038e+07
2.505595574262982234e+07
2.505657457041240111e+07
2.505637441663065925e+07
2.505521344418251514e+07
2.505339426424392313e+07
2.505110382661294192e+07
2.504881561876275018e+07
2.504672564957654476e+07
2.504526206656228378e+07
2.504470391586058587e+07
2.504503278357895091e+07
2.504595965293472633e+07
2.504720033965057135e+07
2.504847132012200728e+07
2.504963568829331547e+07
2.505043377568252757e+07
2.505072428879346326e+07
2.505072782451603189e+07
2.505083987173314020e+07
2.505107184533196315e+07
2.505134305680908635e+07
2.505175285779040307e+07
2.505251468985713646e+07
2.505338455158476904e+07
2.505417143830817193e+07
2.505478744851493090e+07
2.505492251270388812e+07
2.505433549247363955e+07
2.505302451487341896e+07
2.505146941792671755e+07
2.505009518867579848e+07
2.504868728210386261e+07
2.504767273625261337e+07
2.504707022741208598e+07
2.504661685837114602e+07
2.504656502670866624e+07
2.504705493835366145e+07
2.504806471417698637e+07
2.504914576687691733e+07
2.505019330579569191e+07
2.505078338975618035e+07
2.505113208528582379e+07
2.505149121810190007e+07
2.505217242129670829e+07
2.505289760880947858e+07
2.505370809609344229e+07
2.505469193152820691e+07
2.505591484784596041e+07
2.505739520689189062e+07
2.505868984800323099e+07
2.505961346625459939e+07
2.506008311028297618e+07
2.505993674881768227e+07
2.505921133573084697e+07
2.505794964218572527e+07
2.505656362865455076e+07
2.505495470444035530e+07
2.505374492490030453e+07
2.505272151518020034e+07
2.505241661846622825e+07
2.505184116104190797e+07
2.505122366071361303e+07
2.505008443036002293e+07
2.504984778589429334e+07
2.504947465464550629e+07
2.504968838795480877e+07
2.504873861976262555e+07
