3.206978999385875463e+07
3.207203137336584926e+07
3.207168121936700866e+07
3.207243663394435495e+07
3.207283923461363465e+07
3.207400823576584831e+07
3.207451389163689688e+07
3.207463563549990579e+07
3.207416375374062732e+07
3.207373516593388095e+07
3.207302299490273371e+07
3.207232514978852868e+07
3.207127210923316702e+07
3.207028108774472773e+07
3.206914033111601695e+07
3.206822412107368931e+07
3.206751150095691904e+07
3.206714017846012861e+07
3.206681128760624677e+07
3.206733201943872869e+07
3.206860123081426322e+07
3.206978733015001565e+07
3.207072918066826835e+07
3.207164927330714837e+07
3.207240762479613349e+07
3.207297240501595289e+07
3.207328417676265538e+07
3.207348564005779475e+07
3.207332802022267878e+07
3.207308355479753762e+07
3.207295613706231490e+07
3.207300714581621438e+07
3.207308576278312132e+07
3.207314110039713606e+07
3.207311287053991482e+07
3.207284933710400388e+07
3.207226071214155853e+07
3.207145088399980217e+07
3.207018174923249334e+07
3.206862755431583524e+07
3.206713192129038274e+07
3.206610836155644059e+07
3.206550116037177667e+07
3.206537110819324106e+07
3.206572903521816060e+07
3.206648314205424860e+07
3.206749003575932980e+07
3.206874001099575683e+07
3.207006403360886127e+07
3.207124473420908675e+07
3.207217283445667475e+07
3.207270656525620818e+07
3.207300476033562049e+07
3.207319749579431117e+07
3.207312568418358266e+07
3.207295504504856095e+07
3.207277133908524737e+07
3.207261012565966323e+07
3.207265952303392068e+07
3.207269361855419725e+07
3.207230637129890919e+07
3.207176726948349550e+07
3.207087977850271016e+07
3.206956027808079869e+07
3.206801006502776965e+07
3.206652764164070413e+07
3.206516209319810942e+07
3.206422572135706618e+07
3.206439499110063910e+07
3.206546279902862012e+07
3.206702808369518071e+07
3.206839639023471996e+07
3.206968866941601038e+07
3.207094080053951219e+07
3.207186309573402256e+07
3.207235276598041132e+07
3.207235051472976059e+07
3.207188258344107121e+07
3.207140143843144551e+07
3.207107154166566581e+07
3.207108267545400560e+07
3.207134230911349133e+07
3.207199047701606154e+07
3.207259972219484672e+07
3.207293300735042617e+07
3.207282034958014265e+07
3.207232512011445314e+07
3.207121007948442921e+07
3.206944986786948517e+07
3.206733875079256669e+07
3.206582068779182062e+07
3.206434019578805193e+07
3.206370192152356356e+07
3.206393905139406398e+07
3.206473646333737671e+07
3.206636870658442751e+07
3.206870456601660699e+07
3.207124304209790006e+07
3.207321271630193666e+07
3.207393484803158045e+07
3.207410973718600720e+07
3.207369740521276742e+07
3.207299797077675909e+07
3.207217017031319439e+07
3.207145020465698838e+07
3.207116725014812872e+07
3.207155481986087561e+07
3.207255697332233563e+07
3.207350557055801526e+07
3.207433476936548576e+07
3.207471348112094402e+07
3.207426356171716005e+07
3.207294754036615044e+07
3.207095623802618310e+07
3.206866229505284503e+07
3.206614645392707735e+07
3.206417552868571877e+07
3.206306078251368180e+07
3.206302148186181486e+07
3.206407209074176103e+07
3.206593802960182354e+07
3.206809274412308633e+07
3.207006673083173111e+07
3.207153765913135931e+07
3.207236785261430964e+07
3.207224185432877764e+07
3.207126571928762272e+07
3.206985515087628737e+07
3.206842414358921722e+07
3.206749270168742165e+07
3.206756304606992006e+07
3.206836646726832166e+07
3.206967998025100678e+07
3.207135475783507898e+07
3.207287202459646389e+07
3.207361571749887988e+07
3.207333163486060873e+07
3.207195851337895915e+07
3.206959470424080640e+07
3.206668717364920676e+07
3.206445011231907085e+07
3.206294358630751818e+07
3.206257616083825752e+07
3.206326653640094399e+07
3.206538736929911375e+07
3.206806339897552878e+07
3.207038798409002274e+07
3.207243548055117205e+07
3.207356439134395123e+07
3.207356204019875452e+07
3.207273843218686059e+07
3.207126883307192102e+07
3.206940556413220614e+07
3.206783838632072508e+07
3.206735678091960773e+07
3.206768065816364065e+07
3.206888935863938928e+07
3.207098689832843468e+07
3.207350644384298101e+07
3.207506379435167834e+07
3.207529289033473656e+07
3.207437589202172309e+07
3.207238101839926466e+07
3.206974285535042360e+07
3.206728685673041642e+07
3.206534354853014275e+07
3.206418655283080786e+07
3.206397410599600524e+07
3.206498015505661070e+07
3.206682418853906542e+07
3.206908520050618798e+07
3.207149906622719765e+07
3.207316772871847823e+07
3.207359934161294624e+07
3.207294812406988814e+07
3.207137764687810838e+07
3.206932677530197427e+07
3.206730537468416616e+07
3.206600913224739581e+07
3.206531249834641069e+07
3.206576259944664314e+07
3.206723511520417035e+07
3.206964322188932449e+07
3.207192073101196066e+07
3.207386228523060307e+07
3.207461051198709756e+07
3.207402386290985718e+07
3.207237089098307118e+07
3.207049072858168185e+07
3.206847834607646242e+07
3.206691707733082026e+07
3.206581012223241106e+07
3.206581159714729711e+07
3.206757688342735544e+07
3.206942918141356111e+07
3.207162692802381516e+07
3.207370581155597419e+07
3.207477855172064900e+07
3.207431216559052840e+07
3.207255627038849518e+07
3.207005284118029103e+07
3.206749754603480175e+07
3.206545377415034547e+07
3.206435000431653485e+07
3.206396134913921356e+07
3.206476063323187828e+07
3.206658664105256647e+07
3.206872718085965142e+07
3.207081295442124829e+07
3.207252801846253127e+07
3.207309575835872814e+07
3.207260321210942045e+07
3.207165344679727778e+07
3.207004298554593697e+07
3.206866903158712015e+07
3.206749735776598752e+07
3.206721187016716972e+07
3.206772467977732047e+07
3.206895160256061330e+07
3.207047336129428819e+07
3.207178502348434553e+07
3.207222429017550126e+07
3.207201897454572842e+07
3.207092722804524750e+07
3.206928563065828383e+07
3.206732457410887256e+07
3.206596497071108967e+07
3.206458334410755709e+07
3.206363379508938268e+07
3.206339146227973700e+07
3.206428722019671276e+07
3.206565153720710054e+07
3.206734115585910529e+07
3.206830416251538321e+07
3.206889216840145737e+07
3.206821175421264768e+07
3.206735878370295092e+07
3.206578296118440107e+07
3.206500367207655683e+07
3.206391866500189155e+07
3.206688860991450027e+07
3.206511090024781600e+07
3.206669921952488646e+07
3.206777588668907806e+07
3.206932997635399923e+07
3.207006803112450615e+07
3.207038267457282916e+07
3.206959072839666158e+07
3.206822152726445720e+07
3.206606266272837296e+07
3.206410442883377895e+07
3.206225498162118718e+07
3.206098897383234650e+07
3.206038296796137467e+07
3.206091254340812564e+07
3.206204717166389897e+07
3.206372096132036299e+07
3.206543424673965201e+07
3.206682703279228881e+07
3.206739496438703313e+07
3.206744230103579536e+07
3.206698248200474307e+07
3.206629540839308500e+07
3.206560432631567493e+07
3.206564032693335414e+07
3.206605248304213956e+07
3.206697022079163417e+07
3.206820198803534359e+07
3.206968398476836830e+07
3.207087846723930910e+07
3.207161671685888246e+07
3.207144334969960526e+07
3.207040532285060361e+07
3.206869620287599042e+07
3.206663634357559308e+07
3.206444862669321150e+07
3.206263979746117815e+07
3.206133667098841816e+07
3.206096320273977518e+07
3.206130350899479911e+07
3.206226953136856481e+07
3.206356691041531414e+07
3.206491712084142119e+07
3.206592758965811878e+07
3.206660505366911739e+07
3.206674006010830775e+07
3.206658312400206551e+07
3.206640980555893108e+07
3.206649867271814123e+07
3.206688515411920100e+07
3.206748863215178251e+07
3.206838851510602236e+07
3.206947040932337567e+07
3.207045460108349472e+07
3.207098693600728735e+07
3.207086024444343522e+07
3.207007910815808177e+07
3.206868035738378391e+07
3.206708884553434327e+07
3.206545080555457622e+07
3.206372365580586344e+07
3.206229026424827054e+07
3.206128453063384071e+07
3.206083837837975100e+07
3.206085006776411459e+07
3.206133994267728552e+07
3.206215578071482107e+07
3.206306028553127497e+07
3.206396375194679946e+07
3.206466570926080272e+07
3.206500372670183331e+07
3.206541232038123161e+07
3.206578454165536538e+07
3.206630014950220659e+07
3.206689132799997926e+07
3.206780391614851356e+07
3.206869048626636714e+07
3.206972341601141915e+07
3.207055005502331257e+07
3.207099387358440831e+07
3.207095522000489756e+07
3.207058709633586183e+07
3.206986725703225657e+07
3.206914389427812025e+07
3.206801555646485090e+07
3.206685189134000614e+07
3.206561501180609316e+07
3.206473386702378467e+07
3.206396920846506208e+07
3.206393294661978260e+07
3.206403984949483722e+07
3.206472517546037957e+07
3.206535130526779965e+07
3.206646491501570866e+07
3.206701411366317421e+07
3.206855425122367218e+07
