1.256019998983983137e+07
1.256317229526931234e+07
1.256324962146493606e+07
1.256411607821044326e+07
1.256418832797855511e+07
1.256476364775836840e+07
1.256485059407844767e+07
1.256515315036146343e+07
1.256525410150247999e+07
1.256568537350900844e+07
1.256551884320432693e+07
1.256510943715448678e+07
1.256382106269062310e+07
1.256217366354974732e+07
1.256031996844182722e+07
1.255910918839116767e+07
1.255760206080221198e+07
1.255642868155097589e+07
1.255551334628394432e+07
1.255519993806822412e+07
1.255527368375845812e+07
1.255579276973685995e+07
1.255675118009304628e+07
1.255833594539973885e+07
1.255972276925664768e+07
1.256082903438370861e+07
1.256149854072152451e+07
1.256201874398333579e+07
1.256225565320635214e+07
1.256229803975883126e+07
1.256205965411616489e+07
1.256193757234842889e+07
1.256130077496941201e+07
1.256091818971812353e+07
1.256083970757828467e+07
1.256073418920757622e+07
1.256061526558555476e+07
1.256056642948915996e+07
1.256034646399911493e+07
1.255945562024731934e+07
1.255777188696958311e+07
1.255633820614896715e+07
1.255501793960533477e+07
1.255383945938849449e+07
1.255330668339670449e+07
1.255361748971138336e+07
1.255469404845949076e+07
1.255632752514478378e+07
1.255829610489415564e+07
1.256015516986599192e+07
1.256172232338229567e+07
1.256286832331510819e+07
1.256338302365450375e+07
1.256352763889002800e+07
1.256337557655167952e+07
1.256288032766233198e+07
1.256236288209135458e+07
1.256202141170649603e+07
1.256229885726473853e+07
1.256285303300683945e+07
1.256350221960689686e+07
1.256388690831954777e+07
1.256403496139870025e+07
1.256342027013056912e+07
1.256214231725383177e+07
1.256020257559238747e+07
1.255801849680217542e+07
1.255585886414423212e+07
1.255432979248823039e+07
1.255286243810603954e+07
1.255222998262835108e+07
1.255269939072900452e+07
1.255424430333277211e+07
1.255632773355269805e+07
1.255824260333745554e+07
1.255961862619721517e+07
1.256051008384256810e+07
1.256079159184345230e+07
1.256074682555462047e+07
1.256067128915194049e+07
1.256010584422442690e+07
1.255942723221049085e+07
1.255910709062645212e+07
1.255936605704049580e+07
1.256012013138260692e+07
1.256089343027662486e+07
1.256175298076227866e+07
1.256196779033941962e+07
1.256151976569417492e+07
1.256003430928242393e+07
1.255799256641151197e+07
1.255585390747012757e+07
1.255351718301326782e+07
1.255195037485038675e+07
1.255183584987863526e+07
1.255298986936744489e+07
1.255464750739897229e+07
1.255664891175430641e+07
1.255900290385604277e+07
1.256108626148816012e+07
1.256270663900118321e+07
1.256359294395171292e+07
1.256332484919305891e+07
1.256194557149585709e+07
1.255977146785406396e+07
1.255775637826966681e+07
1.255720149146165513e+07
1.255763140649013221e+07
1.255905259328537993e+07
1.256098237555085123e+07
1.256326756399711594e+07
1.256492557463233918e+07
1.256574536629580334e+07
1.256480831560326740e+07
1.256183620390760340e+07
1.255846243682055175e+07
1.255567852550149150e+07
1.255341171247065812e+07
1.255214155243294314e+07
1.255230317215460725e+07
1.255375794930713437e+07
1.255631196835463308e+07
1.255919934637353942e+07
1.256185140816964209e+07
1.256415660365479253e+07
1.256589527024555951e+07
1.256635991415268369e+07
1.256524119037324749e+07
1.256367317044169270e+07
1.256169329719641060e+07
1.256032279359684326e+07
1.256016746296655945e+07
1.256076215054550394e+07
1.256229541827440634e+07
1.256447209095117636e+07
1.256616638056619652e+07
1.256713575278239511e+07
1.256679882238455117e+07
1.256564556663988344e+07
1.256351083157097921e+07
1.256064557278130203e+07
1.255814251783141121e+07
1.255654796874588728e+07
1.255618500317447819e+07
1.255729262185124308e+07
1.255959712794177979e+07
1.256255794465653412e+07
1.256539031395203993e+07
1.256764558097526804e+07
1.256881506211341918e+07
1.256882007330273651e+07
1.256780876516794227e+07
1.256626593846132793e+07
1.256417810616435111e+07
1.256237052051789686e+07
1.256116419724146463e+07
1.256056363995992765e+07
1.256151343437903933e+07
1.256382231803653948e+07
1.256622780041247606e+07
1.256784426173410751e+07
1.256825895727069862e+07
1.256756890965732001e+07
1.256575183521457203e+07
1.256316383852389827e+07
1.256002412165159918e+07
1.255715630588212796e+07
1.255527471024061926e+07
1.255490682037611119e+07
1.255598224172426760e+07
1.255824721478625201e+07
1.256118378781286068e+07
1.256401563263217546e+07
1.256588048548017070e+07
1.256627155118776858e+07
1.256559109693627059e+07
1.256404748571117967e+07
1.256175042463983968e+07
1.255931829843907990e+07
1.255719254901952855e+07
1.255567063614102826e+07
1.255580811316785961e+07
1.255780713649019971e+07
1.256058910575640760e+07
1.256279443444501981e+07
1.256358815584980883e+07
1.256367182267737202e+07
1.256273673792798631e+07
1.256138449415868707e+07
1.255951100474723987e+07
1.255726219606897049e+07
1.255527520817600749e+07
1.255451237174204737e+07
1.255502282227643952e+07
1.255624286012645066e+07
1.255892836641836353e+07
1.256133341552005149e+07
1.256295671250851639e+07
1.256398003799618036e+07
1.256400723019981571e+07
1.256317528942390718e+07
1.256144854988602735e+07
1.255921229395902716e+07
1.255710710699420795e+07
1.255496747340998799e+07
1.255249519517398067e+07
1.255278142943202332e+07
1.255478381252698041e+07
1.255753225170724839e+07
1.255979877678865567e+07
1.256103724481201917e+07
1.256120872170538269e+07
1.256067082212370634e+07
1.255956535340796411e+07
1.255837820544563979e+07
1.255710691287410073e+07
1.255545068840086088e+07
1.255510988367523439e+07
1.255619632900733128e+07
1.255801351422580890e+07
1.256021251249317080e+07
1.256216695745142363e+07
1.256369269255588204e+07
1.256365373612816073e+07
1.256272299127376825e+07
1.256074630720189586e+07
1.255877466354189068e+07
1.255532845265688002e+07
1.255244744155996665e+07
1.255045760120752640e+07
1.255068472392009199e+07
1.255250450698126853e+07
1.255491267546121031e+07
1.255758505464152806e+07
1.256024847724161670e+07
1.256193237833715230e+07
1.256299575712529011e+07
1.256233727106365189e+07
1.256093059832837991e+07
1.255604236455546319e+07
1.255418211285016313e+07
1.255350502045740746e+07
1.255419004268831946e+07
1.255557610556439124e+07
1.255717305780486390e+07
1.255875343318907544e+07
1.256025392149157263e+07
1.256098675931376405e+07
1.256074351454274170e+07
1.255941046873750351e+07
1.255781256896395423e+07
1.255614994104278646e+07
1.255381130078217201e+07
1.255107824833343551e+07
1.254975707853509672e+07
1.255001538396417722e+07
1.255139673267351277e+07
1.255333869496638142e+07
1.255566587869414873e+07
1.255746296721374802e+07
1.255859784655710123e+07
1.255913926693051681e+07
1.255906303736204468e+07
1.255868008633784577e+07
1.255843771592826769e+07
1.255784949060808681e+07
1.255678556312471628e+07
1.255716505933379009e+07
1.255834884248295613e+07
1.255977992335052788e+07
1.256099479464219138e+07
1.256090766497228108e+07
1.256000660279967822e+07
1.255839063494748995e+07
1.255653500550932810e+07
1.255426945779711939e+07
1.255187043058815226e+07
1.255000667359665409e+07
1.254927379456509463e+07
1.254903170749340951e+07
1.254948961875411868e+07
1.255059296426736750e+07
1.255202226422669552e+07
1.255369071025913954e+07
1.255525657848902419e+07
1.255636758326428011e+07
1.255696922137938067e+07
1.255735258063671179e+07
1.255773035519439168e+07
1.255813921525203995e+07
1.255864260703573935e+07
1.255823713395122811e+07
1.255818006546577252e+07
1.255860613490994275e+07
1.255945060250597261e+07
1.256014109950390086e+07
1.256047163309362903e+07
1.256016027135905251e+07
1.255925693994018063e+07
1.255791860454820096e+07
1.255625637753081322e+07
1.255461607740291022e+07
1.255317730127307773e+07
1.255230018453725055e+07
1.255204218497112207e+07
1.255251718010767922e+07
1.255325626954402030e+07
1.255434875313179195e+07
1.255564503917981870e+07
1.255680419074377604e+07
1.255773469618785940e+07
1.255800843564180471e+07
1.255861133496482484e+07
1.255902150057407841e+07
1.255938839351390675e+07
1.255956631352677941e+07
1.255900023487060145e+07
1.255823154156880453e+07
1.255767751424843073e+07
1.255760201944097504e+07
1.255718491982348077e+07
1.255669435909496807e+07
1.255619341686857119e+07
1.255579557652447000e+07
1.255528895019329526e+07
1.255474445270516165e+07
1.255427592378158309e+07
1.255389361904150061e+07
1.255322038923024014e+07
1.255259376677002199e+07
1.255181211781191640e+07
1.255110310343846306e+07
1.255092881056602672e+07
1.255140535378303938e+07
1.255235557655884326e+07
1.255361968503503874e+07
