5.889200602076953277e+06
5.890712011843920685e+06
5.890812828985184431e+06
5.891298877116663381e+06
5.891396369565260597e+06
5.891811876365114003e+06
5.892076899473855272e+06
5.892293891542035155e+06
5.892276729787993245e+06
5.892188344427940436e+06
5.891825309414568357e+06
5.891118379386123270e+06
5.890039378817529418e+06
5.889032735035208054e+06
5.887758329184448346e+06
5.886564085738408379e+06
5.885454802225744352e+06
5.884629894648240879e+06
5.884066795433755964e+06
5.884093949317592196e+06
5.884638612652785145e+06
5.885582466773089953e+06
5.886724363971835002e+06
5.888087830669088289e+06
5.889324902545629069e+06
5.890346897403405048e+06
5.890986613624325953e+06
5.891399276617704891e+06
5.891530309580601752e+06
5.891408412087382749e+06
5.891338856068785302e+06
5.891380794491034001e+06
5.891445693384878337e+06
5.891530484039545059e+06
5.891691928783121519e+06
5.891534908894279972e+06
5.891017161258857697e+06
5.890339985971365124e+06
5.889299738154393621e+06
5.887871891770257615e+06
5.886255245884959586e+06
5.884768005413854495e+06
5.883593053559736349e+06
5.882924624445040710e+06
5.882987459984260611e+06
5.883648776276967488e+06
5.884852990508443676e+06
5.886541769110481255e+06
5.888246405216854997e+06
5.889754667064281181e+06
5.890834963477355428e+06
5.891351072767275386e+06
5.891444749412415549e+06
5.891167494886220433e+06
5.890676126944643445e+06
5.890249288513978012e+06
5.890146966974140145e+06
5.890333540805724449e+06
5.890848799304129556e+06
5.891311987250857055e+06
5.891471778746559285e+06
5.891328843677455559e+06
5.890728132417948917e+06
5.889480323704911396e+06
5.887751163259500638e+06
5.885740271019696258e+06
5.883727514051727019e+06
5.882230850851256400e+06
5.881560197628873400e+06
5.881708393541473895e+06
5.882748501187609509e+06
5.884506283631271683e+06
5.886609362538364716e+06
5.888635069117668085e+06
5.890188214734470472e+06
5.891012261662002653e+06
5.891259261369870976e+06
5.890928672075948678e+06
5.890188684667553753e+06
5.889415639945326373e+06
5.888920939923681319e+06
5.888867759750841185e+06
5.889376250700802542e+06
5.890257294367704540e+06
5.891097383970480412e+06
5.891665813870300539e+06
5.891754138066787273e+06
5.890958495999791659e+06
5.889386290765111335e+06
5.887183956521902233e+06
5.884774755228498019e+06
5.882567101971875876e+06
5.881096445509057492e+06
5.880585161551873200e+06
5.881141195503251627e+06
5.882625290589880198e+06
5.884865974635196850e+06
5.887222519412361085e+06
5.889115348915236071e+06
5.890512323741827160e+06
5.891142186117607169e+06
5.890852414479635656e+06
5.889920192236997187e+06
5.888770097563286312e+06
5.887720688538737595e+06
5.887236213320876472e+06
5.887702646980072372e+06
5.888702014563481323e+06
5.889899834734750912e+06
5.891233605626165867e+06
5.892174961823597550e+06
5.892217947910761461e+06
5.891183548735313118e+06
5.889182483230981976e+06
5.886617348396380432e+06
5.883893809425240383e+06
5.881731430851601996e+06
5.880515479567961767e+06
5.880274176128206775e+06
5.881255987357372418e+06
5.883268997698815539e+06
5.885783740225030109e+06
5.888105922905129381e+06
5.890009421439900063e+06
5.890942294008771889e+06
5.890836283470156603e+06
5.889873568888121285e+06
5.888394285972556099e+06
5.886790874416904524e+06
5.885726746354838833e+06
5.885623584361340851e+06
5.886410995190721005e+06
5.887822017794345506e+06
5.889597592764848843e+06
5.891326182543883100e+06
5.892373217038672417e+06
5.892266545652120374e+06
5.890918613480035216e+06
5.888710194119806401e+06
5.885840559892108664e+06
5.883192247662330046e+06
5.881224190037031658e+06
5.880282629517602734e+06
5.880608998609560542e+06
5.882217670853376389e+06
5.884556001700566150e+06
5.887011380320452154e+06
5.889217893808755092e+06
5.890613122636320069e+06
5.890863070006636903e+06
5.890043748845279217e+06
5.888469141353879124e+06
5.886571763204615563e+06
5.884849962211764418e+06
5.884052117784858681e+06
5.884261208551858552e+06
5.885317353429707699e+06
5.887297798057864420e+06
5.889700773804652505e+06
5.891560474278301932e+06
5.892489533506270498e+06
5.892232448038685136e+06
5.890762968627400696e+06
5.888373818417921662e+06
5.885702402445904911e+06
5.883340303898892365e+06
5.881805618981990963e+06
5.881375041951823980e+06
5.882317080484201200e+06
5.884253077271224000e+06
5.886557404615615495e+06
5.888973093281744048e+06
5.890790307437223382e+06
5.891454935270443559e+06
5.890942474931762554e+06
5.889497525735628791e+06
5.887344272646673955e+06
5.885076175920849666e+06
5.883526591027095914e+06
5.882867468365012668e+06
5.883359529688920826e+06
5.884957670007409528e+06
5.887305713857944123e+06
5.889688559199477546e+06
5.891519951810366474e+06
5.892250224021300673e+06
5.891847909761630930e+06
5.890252524144879542e+06
5.888032273456630297e+06
5.885699301191375591e+06
5.883907843584334478e+06
5.882946015981411561e+06
5.883689965386202559e+06
5.884561079513607547e+06
5.886616354215195403e+06
5.888828438462880440e+06
5.890824225276649930e+06
5.891825794275837019e+06
5.891713584772862494e+06
5.890501171146666631e+06
5.888444980049524456e+06
5.885954550263844430e+06
5.883744051843182184e+06
5.882254020049679093e+06
5.881858872419300489e+06
5.882651991405309178e+06
5.884702668920562603e+06
5.887133137071198784e+06
5.889441111842731014e+06
5.891019373601083644e+06
5.891509940885289572e+06
5.890696853759665973e+06
5.889303559458011761e+06
5.887457595982063562e+06
5.885657615289484151e+06
5.884482632649175823e+06
5.884315823723190464e+06
5.885085688633544371e+06
5.886657200533211231e+06
5.888570558380288072e+06
5.890468786028293893e+06
5.891759619363991544e+06
5.892040937115149572e+06
5.891196145803183317e+06
5.889506375724148937e+06
5.886986033545712009e+06
5.884538017555627041e+06
5.882498901900450699e+06
5.881296946878200397e+06
5.881066342656504363e+06
5.882326698020515963e+06
5.884322149913989939e+06
5.886599317882997915e+06
5.888502132507791743e+06
5.889903175956528634e+06
5.890052248907158151e+06
5.889739687192137353e+06
5.888449443371497095e+06
5.887342106358465739e+06
5.885915978595027700e+06
5.886523770608400926e+06
5.886049792401281185e+06
5.887338598447918892e+06
5.888774608493111096e+06
5.890645635343800299e+06
5.892002302590529434e+06
5.892637158578606322e+06
5.892263642455241643e+06
5.890847685831389390e+06
5.888527987723185681e+06
5.886121516731187701e+06
5.883896158724731766e+06
5.882050287295042537e+06
5.881149921556378715e+06
5.881403276564721949e+06
5.882551691977771930e+06
5.884244209075101651e+06
5.886106546064568684e+06
5.887794226358246990e+06
5.888794241038792767e+06
5.888980533492617309e+06
5.888638009830901399e+06
5.887914489137991332e+06
5.887132203510815278e+06
5.886939133983560838e+06
5.887235275355316699e+06
5.887916029924295843e+06
5.889042039057222195e+06
5.890473487186126411e+06
5.891736275317232125e+06
5.892560488246878609e+06
5.892586029508436099e+06
5.891626811242969707e+06
5.889966607942806557e+06
5.887904547269287519e+06
5.885675779027754441e+06
5.883669237014749087e+06
5.882186954736916348e+06
5.881626084311860614e+06
5.881965974680501036e+06
5.882921213655536063e+06
5.884125983027132228e+06
5.885520593125169165e+06
5.886747951861354522e+06
5.887631629139447585e+06
5.887965700048298575e+06
5.887934635589166544e+06
5.887804102627006359e+06
5.887857036214667372e+06
5.888139042144327424e+06
5.888543186938958243e+06
5.889303676415861584e+06
5.890313658412708901e+06
5.891312739227498882e+06
5.892032198293118738e+06
5.892255616712654941e+06
5.891799023157628253e+06
5.890676282714455388e+06
5.889117188553494401e+06
5.887489441913279705e+06
5.885596781529732049e+06
5.883966778815791011e+06
5.882799898025177419e+06
5.882240827573015355e+06
5.882155120567768812e+06
5.882631985825399868e+06
5.883456181869343854e+06
5.884470553044664674e+06
5.885588077056231909e+06
5.886441362974385731e+06
5.886976627080678008e+06
5.887420481108556502e+06
5.887841759338826872e+06
5.888316778756489046e+06
5.888723794417401776e+06
5.889244760214666836e+06
5.889782289172723889e+06
5.890479907001210377e+06
5.891069836039441638e+06
5.891381148021052592e+06
5.891301516221081838e+06
5.890858106452448294e+06
5.890005941096169874e+06
5.888905038440051489e+06
5.887470730339551345e+06
5.886033734021757729e+06
5.884609029907040298e+06
5.883484815292385407e+06
5.882609393109613098e+06
5.882255476047546603e+06
5.882220321111552417e+06
5.882769212307228707e+06
5.883533200163466856e+06
5.884683700102990493e+06
5.885567041388240643e+06
5.886750832996849902e+06
