5.715911200332941860e+07
5.715957399187639356e+07
5.715980231292141229e+07
5.716033956122381240e+07
5.716099083033116162e+07
5.716160442900931835e+07
5.716205615054371953e+07
5.716233009811398387e+07
5.716251050605949759e+07
5.716236333132992685e+07
5.716186046707697958e+07
5.716055837665786594e+07
5.715930353388774395e+07
5.715824887487320602e+07
5.715758767706628889e+07
5.715676224010944366e+07
5.715528399133670330e+07
5.715401164645753056e+07
5.715301052914518118e+07
5.715257988646573573e+07
5.715289437884240597e+07
5.715376773793806881e+07
5.715520943278156966e+07
5.715690887962258607e+07
5.715842229747124761e+07
5.715977610760307312e+07
5.716073108609828353e+07
5.716072894887442142e+07
5.715985388444773853e+07
5.715858849849709868e+07
5.715788420093518496e+07
5.715788689307648689e+07
5.715831581686238945e+07
5.715883464216652513e+07
5.715952943978115171e+07
5.715997344157338142e+07
5.716031997224832326e+07
5.716048639407009631e+07
5.716020677441177517e+07
5.715893608112528175e+07
5.715677930554179847e+07
5.715405987374507636e+07
5.715146282067116350e+07
5.714955634553038329e+07
5.714850247325590253e+07
5.714829269663453847e+07
5.714919597284668684e+07
5.715076367215821147e+07
5.715280776552323997e+07
5.715482757360094041e+07
5.715642306802924722e+07
5.715757659582982957e+07
5.715827789687636495e+07
5.715843124441093951e+07
5.715855925654587895e+07
5.715893755972573906e+07
5.715937957317943126e+07
5.715953391070927680e+07
5.715947631541295350e+07
5.715955960907872021e+07
5.715980280298688263e+07
5.715997087158833444e+07
5.715979267366555333e+07
5.715877383024984598e+07
5.715710947807716578e+07
5.715483364626313746e+07
5.715234911919784546e+07
5.715005826045469940e+07
5.714849996013847739e+07
5.714782930848521739e+07
5.714829336432237923e+07
5.714977688132213801e+07
5.715212039743889868e+07
5.715487454778584093e+07
5.715724774067772925e+07
5.715890985313516110e+07
5.715975784064918756e+07
5.715972595642915368e+07
5.715893535706810653e+07
5.715768496868889779e+07
5.715639756929935515e+07
5.715551817073000222e+07
5.715531863235737383e+07
5.715598409473919868e+07
5.715726669816074520e+07
5.715882307504828274e+07
5.716007474400652200e+07
5.716059836599593610e+07
5.716000723366720974e+07
5.715822840853650123e+07
5.715597356340504438e+07
5.715390430740601569e+07
5.715251599623252451e+07
5.715168793864110112e+07
5.715153364513151348e+07
5.715240172196692973e+07
5.715433106573855132e+07
5.715670390766796470e+07
5.715896150653545558e+07
5.716051832293938100e+07
5.716147382180720568e+07
5.716156705949255079e+07
5.716092470022286475e+07
5.715985761532662064e+07
5.715871477784836292e+07
5.715824444535679370e+07
5.715872221979119629e+07
5.715995411723463982e+07
5.716125782479672134e+07
5.716211525509630889e+07
5.716264881024277955e+07
5.716222655683466047e+07
5.716101849732915312e+07
5.715895359766375273e+07
5.715657014627263695e+07
5.715395920505724102e+07
5.715150240656657517e+07
5.714949397940596193e+07
5.714847671483606100e+07
5.714870991159871221e+07
5.715035638688472658e+07
5.715316147337110341e+07
5.715617988994928449e+07
5.715829637480399013e+07
5.715958143926500529e+07
5.716001248449624330e+07
5.715966048541344702e+07
5.715837350803835690e+07
5.715657116551309824e+07
5.715486379485159367e+07
5.715417389121221006e+07
5.715464669481141865e+07
5.715572932021303475e+07
5.715743137171618640e+07
5.715951306586684287e+07
5.716147170776473731e+07
5.716288462140572816e+07
5.716290795022017509e+07
5.716162955128227919e+07
5.715900664797978103e+07
5.715592034540755302e+07
5.715324544175836444e+07
5.715167345159880817e+07
5.715143021545148641e+07
5.715273823001618683e+07
5.715512060839017481e+07
5.715786760709752142e+07
5.716000969295292348e+07
5.716134261137429625e+07
5.716148909509559721e+07
5.716050688241486251e+07
5.715890727002979815e+07
5.715731533944410086e+07
5.715564826528904587e+07
5.715434678038209677e+07
5.715315790749105811e+07
5.715301925852064788e+07
5.715404916906049848e+07
5.715600465032300353e+07
5.715852309238640219e+07
5.716077965581651032e+07
5.716202595797812939e+07
5.716195139051965624e+07
5.716050430429876596e+07
5.715799413078780472e+07
5.715499421133840084e+07
5.715190745793270320e+07
5.714971749155115336e+07
5.714916331523051858e+07
5.715007753635121137e+07
5.715206211191195995e+07
5.715460060964925587e+07
5.715709858028976619e+07
5.715930583608239144e+07
5.716038581276293844e+07
5.716018575460194051e+07
5.715894138173390925e+07
5.715683921803636104e+07
5.715476946721495688e+07
5.715294905283308029e+07
5.715160604966089875e+07
5.715170820527040213e+07
5.715325608299004287e+07
5.715558702175515890e+07
5.715801570510836691e+07
5.716032160302079469e+07
5.716155547874465585e+07
5.716151923780089617e+07
5.716035679822145402e+07
5.715770021975456923e+07
5.715455513624271750e+07
5.715217621022299677e+07
5.715220900779405236e+07
5.715131899844832718e+07
5.715317018853136152e+07
5.715563367523484677e+07
5.715807656093181670e+07
5.715977600442065299e+07
5.716078417576541752e+07
5.716079632691982388e+07
5.715953805251881480e+07
5.715740353019095957e+07
5.715506656546440721e+07
5.715287102512200177e+07
5.715192500063692778e+07
5.715186911229556054e+07
5.715276510113628954e+07
5.715435374825509638e+07
5.715642598959992826e+07
5.715874364500341564e+07
5.716041916162159294e+07
5.716060627812571824e+07
5.716014899791888893e+07
5.715916240287230909e+07
5.715807917100276798e+07
5.715722964686187357e+07
5.715693671566219628e+07
5.715739255643210560e+07
5.715851231790537387e+07
5.715929480117631704e+07
5.716009976768991351e+07
5.716098787728584558e+07
5.716202331610895693e+07
5.716180259222185612e+07
5.716046398153712600e+07
5.715858861897537112e+07
5.715661743120805919e+07
5.715408775590240210e+07
5.715174304448916763e+07
5.715025041310063750e+07
5.715063916222485155e+07
5.715212532634547353e+07
5.715445390254324675e+07
5.715713690561200678e+07
5.715907815069788694e+07
5.716017012849700451e+07
5.716055639030695707e+07
5.715987956029852480e+07
5.715930556796859205e+07
5.715840695267791301e+07
5.715659586613638699e+07
5.715665477783573419e+07
5.715657135105428845e+07
5.715773382091971487e+07
5.715971216860841215e+07
5.716141672407326847e+07
5.716193028436744958e+07
5.716169854961264133e+07
5.716040235500504076e+07
5.715834910670068115e+07
5.715621514339270443e+07
5.715434763414269686e+07
5.715237103678794950e+07
5.715097845370288938e+07
5.715014919880535454e+07
5.714997787832840532e+07
5.715074933333487809e+07
5.715243003637880087e+07
5.715474514890698344e+07
5.715723591174042225e+07
5.715898111950514466e+07
5.715971234267912060e+07
5.715962762810702622e+07
5.715927294218648970e+07
5.715913265226428956e+07
5.715863203931199014e+07
5.715819951928918809e+07
5.715842511993329972e+07
5.715936392370611429e+07
5.716096225215055048e+07
5.716272933753103763e+07
5.716341463082759082e+07
5.716288399819434434e+07
5.716141333279516548e+07
5.715935737854255736e+07
5.715715667140611261e+07
5.715516304634516686e+07
5.715394277643806487e+07
5.715318654572178423e+07
5.715266393911270797e+07
5.715283746382818371e+07
5.715371541497246921e+07
5.715519223430891335e+07
5.715673896832295507e+07
5.715817411880214512e+07
5.715937268780230731e+07
5.716006428259664029e+07
5.715995817552796751e+07
5.715962989444328845e+07
5.715986339403732121e+07
5.716032676102366298e+07
5.716085642496077716e+07
5.716194396044944227e+07
5.716308531795537472e+07
5.716373903305398673e+07
5.716373859124898165e+07
5.716295327878051251e+07
5.716152639498432726e+07
5.715961139773283899e+07
5.715760583680660278e+07
5.715577751276092976e+07
5.715435736415118724e+07
5.715331285265488178e+07
5.715313963703483343e+07
5.715366609927120060e+07
5.715435054475630820e+07
5.715543034857320786e+07
5.715691777176653594e+07
5.715797260660889000e+07
5.715838866976795346e+07
5.715846164632060379e+07
5.715802448646832258e+07
5.715789248450912535e+07
5.715810820588745177e+07
5.715882473522530496e+07
5.715956869081152976e+07
5.716028499171541631e+07
5.716080495581589639e+07
5.716144682581132650e+07
5.716174872742593288e+07
5.716130564967195690e+07
5.716037410233534873e+07
5.715907252800852805e+07
5.715756378546547145e+07
5.715621352626471967e+07
5.715488413191926479e+07
5.715392611625695229e+07
5.715343171439143270e+07
5.715291448645467311e+07
5.715204599824194610e+07
5.715150833047314733e+07
5.715142560140381753e+07
5.715155465614465624e+07
5.715186191441313177e+07
5.715287807768825442e+07
5.715455028301703185e+07
