2.093164570729491860e+07
2.093262924755199254e+07
2.093325705836292729e+07
2.093367250413770229e+07
2.093388317278391868e+07
2.093428143988027051e+07
2.093460469585377723e+07
2.093465765816079825e+07
2.093443890057275817e+07
2.093402503028083593e+07
2.093326428569015488e+07
2.093213373232791945e+07
2.093077390315396711e+07
2.092947191202138737e+07
2.092816335599638522e+07
2.092708764271032438e+07
2.092613902195708826e+07
2.092538811848571897e+07
2.092502554918533191e+07
2.092511518543069065e+07
2.092585764151097462e+07
2.092677624325849488e+07
2.092787765101313218e+07
2.092915271643434465e+07
2.093041400539619848e+07
2.093138818124749139e+07
2.093212710777832568e+07
2.093275111533404887e+07
2.093296462166127563e+07
2.093287397411368042e+07
2.093283896578278020e+07
2.093286328474924713e+07
2.093279504915696010e+07
2.093284613048844039e+07
2.093293606507157162e+07
2.093245609405768663e+07
2.093168755241221562e+07
2.093074435260407254e+07
2.092937379716172069e+07
2.092775914116755873e+07
2.092618347608334944e+07
2.092506548052440956e+07
2.092431760874914750e+07
2.092406729818555713e+07
2.092444969629518315e+07
2.092532545196599141e+07
2.092675914234452695e+07
2.092847421864097193e+07
2.093015428632134572e+07
2.093157943151058257e+07
2.093261910412125662e+07
2.093318759066433087e+07
2.093327635018055886e+07
2.093307000123464316e+07
2.093282323701423034e+07
2.093270528530674428e+07
2.093284001846746355e+07
2.093313069853596017e+07
2.093358156004766375e+07
2.093386988435462117e+07
2.093371290030958503e+07
2.093319323439007998e+07
2.093222202736412734e+07
2.093062240622071177e+07
2.092865389652386308e+07
2.092668765680919215e+07
2.092494456420022249e+07
2.092383666906310618e+07
2.092361223271204531e+07
2.092423575650512427e+07
2.092548146900274232e+07
2.092734670163732767e+07
2.092944242253342271e+07
2.093121402693191916e+07
2.093242598469614983e+07
2.093316970034360513e+07
2.093345491556943581e+07
2.093311701657367125e+07
2.093250308927590400e+07
2.093194960731038451e+07
2.093169049411847815e+07
2.093188841836643592e+07
2.093254541357702017e+07
2.093334024178936705e+07
2.093389099005168676e+07
2.093410949531024694e+07
2.093368291431853548e+07
2.093254573141644895e+07
2.093063666497489065e+07
2.092831798499318585e+07
2.092599075454631820e+07
2.092405844653112441e+07
2.092315004898951203e+07
2.092302584463011846e+07
2.092392866204167902e+07
2.092572757813256979e+07
2.092813044386371598e+07
2.093031920403283834e+07
2.093188873610258847e+07
2.093289574395176768e+07
2.093332144515448064e+07
2.093311847739200667e+07
2.093237578307788447e+07
2.093144331874962896e+07
2.093070369434231147e+07
2.093046356706922501e+07
2.093102924213442579e+07
2.093214491922856867e+07
2.093332927664905041e+07
2.093433509241783991e+07
2.093481206897919998e+07
2.093434443591524661e+07
2.093283910201511905e+07
2.093045156151531264e+07
2.092762135161082447e+07
2.092494124957140908e+07
2.092316207367331162e+07
2.092244570931436494e+07
2.092278621506492049e+07
2.092419470284982398e+07
2.092649282837831229e+07
2.092902693166820705e+07
2.093132653303623199e+07
2.093302836636410281e+07
2.093354528662806004e+07
2.093312989200547710e+07
2.093201870408238098e+07
2.093067137390114740e+07
2.092941903727313504e+07
2.092877752454168350e+07
2.092908413394162804e+07
2.093007440977280214e+07
2.093155299348882586e+07
2.093323472534143552e+07
2.093455676349295676e+07
2.093499628305500746e+07
2.093422736572517455e+07
2.093229666144234315e+07
2.092967321889646724e+07
2.092676053319739923e+07
2.092442171138979495e+07
2.092288795705418289e+07
2.092243167778797820e+07
2.092323603036379069e+07
2.092527804680975527e+07
2.092788453464251384e+07
2.093049730333129317e+07
2.093250685257979855e+07
2.093337343382768705e+07
2.093320417299003527e+07
2.093210140668559819e+07
2.093057556970595568e+07
2.092888971995967999e+07
2.092758057541907951e+07
2.092721387259453163e+07
2.092773594909164682e+07
2.092904994114407897e+07
2.093096539815030620e+07
2.093299144833028316e+07
2.093433889067756012e+07
2.093477948193439841e+07
2.093410556680845097e+07
2.093234621540938318e+07
2.092978824008860439e+07
2.092734708801075816e+07
2.092558734997196123e+07
2.092456054465635493e+07
2.092469305960837379e+07
2.092615986990434304e+07
2.092847279197344929e+07
2.093092794528837502e+07
2.093324825381983817e+07
2.093463535750988498e+07
2.093490424937038124e+07
2.093402466754540056e+07
2.093225893872695044e+07
2.093002126905402541e+07
2.092794543151920661e+07
2.092675694802615047e+07
2.092652439076330513e+07
2.092734837308852747e+07
2.092918282837652043e+07
2.093160140557804704e+07
2.093368378013354540e+07
2.093501187889020890e+07
2.093522422111576051e+07
2.093427549259282276e+07
2.093224644104736671e+07
2.092999174317088351e+07
2.092804742784408852e+07
2.092671887152909487e+07
2.092663013463770226e+07
2.092813479938248917e+07
2.092929190515711904e+07
2.093160406753227860e+07
2.093368347452414036e+07
2.093519757300772145e+07
2.093561306037735939e+07
2.093497804493456706e+07
2.093340653062613681e+07
2.093139288406281173e+07
2.092904629607193172e+07
2.092723166509236023e+07
2.092630938051975146e+07
2.092645773662199080e+07
2.092762483884894103e+07
2.092959947130288184e+07
2.093192813086845726e+07
2.093384226195501164e+07
2.093485171259642392e+07
2.093471717542954162e+07
2.093347760991189629e+07
2.093193120091653615e+07
2.093018911816132814e+07
2.092877399108547717e+07
2.092797297174609080e+07
2.092819610587875545e+07
2.092934973149299249e+07
2.093105305989846215e+07
2.093309647770718113e+07
2.093479475870535523e+07
2.093575138403309137e+07
2.093540079638636485e+07
2.093404963395524770e+07
2.093179956667108089e+07
2.092917837787245214e+07
2.092686912296577543e+07
2.092522065460254624e+07
2.092447394302827492e+07
2.092488164209299907e+07
2.092653219532580674e+07
2.092882519946138933e+07
2.093129523546468467e+07
2.093312080154616758e+07
2.093415106977770105e+07
2.093414724098098278e+07
2.093364025936980546e+07
2.093239900780066848e+07
2.093106030768839270e+07
2.093009632368999720e+07
2.092942028995804861e+07
2.093112286788223311e+07
2.093229929529005289e+07
2.093427647624931484e+07
2.093606036407754570e+07
2.093731285501148179e+07
2.093746122621442005e+07
2.093667833621926233e+07
2.093469776927004382e+07
2.093218822516148537e+07
2.092952610341411084e+07
2.092721407029983029e+07
2.092548386973882839e+07
2.092485098410214111e+07
2.092546203546881676e+07
2.092696589382746443e+07
2.092884012967593223e+07
2.093075186377431080e+07
2.093216253265843168e+07
2.093296449417270347e+07
2.093316649075562134e+07
2.093280250253503397e+07
2.093203145807832479e+07
2.093124496509137750e+07
2.093116751843944937e+07
2.093155879772246629e+07
2.093237176517523453e+07
2.093367275171861053e+07
2.093525118642694876e+07
2.093660443760081753e+07
2.093727654534967616e+07
2.093686612937904522e+07
2.093564617691276595e+07
2.093376119905960932e+07
2.093131515123802051e+07
2.092873646558563784e+07
2.092667053175697103e+07
2.092526788121449575e+07
2.092490777761355042e+07
2.092544872270760313e+07
2.092659652540374175e+07
2.092813914274697751e+07
2.092959273949635029e+07
2.093064987655357644e+07
2.093135936741239205e+07
2.093155026884980872e+07
2.093136388204446435e+07
2.093131432749386877e+07
2.093161214233384654e+07
2.093210735298174247e+07
2.093300762578039989e+07
2.093399085418619588e+07
2.093482217710297182e+07
2.093558227681549639e+07
2.093611987970563397e+07
2.093608308674790338e+07
2.093530195680322126e+07
2.093369753804083914e+07
2.093176612551369146e+07
2.092977743853861839e+07
2.092778222499941662e+07
2.092617447229244933e+07
2.092516311811239645e+07
2.092479743644195050e+07
2.092501949647731707e+07
2.092574801817911863e+07
2.092682861706117913e+07
2.092783374533226341e+07
2.092879615790138021e+07
2.092937568831581250e+07
2.092956043921077996e+07
2.092988427636287361e+07
2.093042976332222298e+07
2.093117543681420013e+07
2.093177981171412021e+07
2.093242928127069026e+07
2.093314713485292718e+07
2.093380038101953268e+07
2.093431921056457609e+07
2.093440844833157212e+07
2.093396642858796567e+07
2.093297850879674405e+07
2.093175903659048676e+07
2.093024865356215090e+07
2.092860985622233152e+07
2.092705983631538972e+07
2.092589392852177098e+07
2.092478848576742411e+07
2.092405515919484943e+07
2.092385752081274241e+07
2.092412098460632190e+07
2.092475122341564298e+07
2.092574307393405214e+07
2.092650292219172791e+07
2.092729636571374908e+07
2.092781967536526918e+07
