6.113911367041619495e+06
6.115670615488024428e+06
6.115782411176052876e+06
6.116407238622321747e+06
6.116554525880081579e+06
6.117045350277113728e+06
6.117318364625380374e+06
6.117588501445481554e+06
6.117597002005583607e+06
6.117564739010807127e+06
6.117244199891147204e+06
6.116698394998628646e+06
6.115757056187065318e+06
6.114873266828240827e+06
6.113679853256252594e+06
6.112580190865766257e+06
6.111400707825614139e+06
6.110532872292388231e+06
6.109920877453040332e+06
6.109857295228605159e+06
6.110267918726068921e+06
6.111175218509560451e+06
6.112318685329347849e+06
6.113717642513847910e+06
6.115093358357996680e+06
6.116277009426168166e+06
6.117002786846796982e+06
6.117473449839772657e+06
6.117654313245087862e+06
6.117598900488356128e+06
6.117536836067477241e+06
6.117551224513982423e+06
6.117573096166904084e+06
6.117661713932104409e+06
6.117890456729711965e+06
6.117879696413665079e+06
6.117504296166837215e+06
6.116917003443368711e+06
6.116001775237435475e+06
6.114690848630504683e+06
6.113161124046632089e+06
6.111643226282927208e+06
6.110360099835636094e+06
6.109580278803280555e+06
6.109475610859894194e+06
6.110001387214772403e+06
6.111162080092177726e+06
6.112823661567505449e+06
6.114549675900068134e+06
6.116217119454778731e+06
6.117426421647101641e+06
6.118113912187510170e+06
6.118326252505404875e+06
6.118061337758179754e+06
6.117612291763708927e+06
6.117183776975431480e+06
6.116945817383149639e+06
6.117026285273025744e+06
6.117484068291025236e+06
6.117943371225641109e+06
6.118234119153223000e+06
6.118234394548213109e+06
6.117826605194273405e+06
6.116744187231861986e+06
6.115118124757063575e+06
6.113100629133381881e+06
6.111037960222825408e+06
6.109430352634577081e+06
6.108554568135932088e+06
6.108495253208420239e+06
6.109382461034606211e+06
6.111016808655492030e+06
6.113150063824153505e+06
6.115266833794961683e+06
6.117016671039910056e+06
6.118040992747413926e+06
6.118465465430937707e+06
6.118224026418075897e+06
6.117509181710185483e+06
6.116670930882888846e+06
6.116034307763321325e+06
6.115858882240124047e+06
6.116249883082260378e+06
6.117102960936323740e+06
6.117973505449591205e+06
6.118681138482804410e+06
6.119001224661201239e+06
6.118452064236972481e+06
6.117115140373642556e+06
6.114975951711488888e+06
6.112537405119129457e+06
6.110221482815307565e+06
6.108501785026706755e+06
6.107705899853790179e+06
6.108027463654124178e+06
6.109311454022124410e+06
6.111432288643628359e+06
6.113882420044301078e+06
6.116006221237100661e+06
6.117610638708033599e+06
6.118420459624103270e+06
6.118312869650487788e+06
6.117431237208585255e+06
6.116336835671264678e+06
6.115159130819101818e+06
6.114477557530249469e+06
6.114691061188011430e+06
6.115571534068484791e+06
6.116810139498258010e+06
6.118235560524553061e+06
6.119340434756461531e+06
6.119621046812097542e+06
6.118888203117309138e+06
6.117084523659033701e+06
6.114596994021436200e+06
6.111837591314227320e+06
6.109463263917800970e+06
6.107947084854432382e+06
6.107435345858103596e+06
6.108161089268296957e+06
6.109966672842750326e+06
6.112435915760232136e+06
6.114877656646274030e+06
6.117015176680555567e+06
6.118257280164089985e+06
6.118329845476707444e+06
6.117458832024569623e+06
6.116050438807039522e+06
6.114426752121924423e+06
6.113101692461581901e+06
6.112658809240377508e+06
6.113191097841689363e+06
6.114441731242808513e+06
6.116172656579272822e+06
6.118066091681331396e+06
6.119300727431489155e+06
6.119489156146229245e+06
6.118370574712881818e+06
6.116284637648976408e+06
6.113413787896324880e+06
6.110630843532672152e+06
6.108396660902140662e+06
6.107220066262487322e+06
6.107236070945863612e+06
6.108562514729757793e+06
6.110815660368365236e+06
6.113325235578545369e+06
6.115652513048692606e+06
6.117374085689429194e+06
6.117908511754340492e+06
6.117296639608552679e+06
6.115818984732578509e+06
6.113886129731990397e+06
6.111991270008581690e+06
6.110894804594886489e+06
6.110807143476743251e+06
6.111653478737627156e+06
6.113455314774839208e+06
6.115790990191705525e+06
6.117787252060225233e+06
6.118967867686884478e+06
6.118946937984758988e+06
6.117700570198908448e+06
6.115426357335301116e+06
6.112729494093648158e+06
6.110151609429496340e+06
6.108328891466103494e+06
6.107584160578674637e+06
6.108222241050057113e+06
6.109896438468066044e+06
6.112101099149283022e+06
6.114532995929673314e+06
6.116572234846667387e+06
6.117630196253360249e+06
6.117353132663812488e+06
6.116084543829708360e+06
6.114038739121649414e+06
6.111655393827024847e+06
6.109826490657225251e+06
6.108885634058313444e+06
6.109026331660592929e+06
6.110332367422628216e+06
6.112592649351729080e+06
6.115018858495527878e+06
6.117025767394903116e+06
6.118028369640002027e+06
6.117890964387612417e+06
6.116511153597757220e+06
6.114382569688313641e+06
6.111978234334804118e+06
6.110001579926283099e+06
6.108689526189104654e+06
6.108903598466549069e+06
6.109732825040739030e+06
6.111620069227912463e+06
6.113914516085419804e+06
6.116025992287004367e+06
6.117282651894182898e+06
6.117415141831335612e+06
6.116493400068740360e+06
6.114538955851539038e+06
6.112051793855023570e+06
6.109719844258721918e+06
6.107937116824229248e+06
6.107227789206944406e+06
6.107763814648816362e+06
6.109549292540920898e+06
6.111864242049352266e+06
6.114195060934443027e+06
6.115921852925929241e+06
6.116711357340959832e+06
6.116152153181924485e+06
6.114881493571341038e+06
6.113175624414201826e+06
6.111313379477332346e+06
6.109927624169156887e+06
6.109486938030048274e+06
6.109938911095475778e+06
6.111357049726908095e+06
6.113214344955571927e+06
6.115143531546823680e+06
6.116560582114179619e+06
6.117132761435848661e+06
6.116486437765008770e+06
6.114973652687013149e+06
6.112530978946980089e+06
6.110000357796250843e+06
6.107740365169420838e+06
6.106291381703056395e+06
6.105768025155737996e+06
6.106769204553016461e+06
6.108527262016980909e+06
6.110704844630505890e+06
6.112653192363784648e+06
6.114186572237187065e+06
6.114563844097016379e+06
6.114444707668040879e+06
6.113222360674412921e+06
6.112179814516596496e+06
6.110592632789066061e+06
6.110190009775598533e+06
6.110502091548449360e+06
6.111368634941807948e+06
6.112855805168782361e+06
6.114582189921501093e+06
6.116001387176402844e+06
6.116742350762592629e+06
6.116648215510952286e+06
6.115389870558009483e+06
6.113247855978854001e+06
6.110866898758986965e+06
6.108619723086776212e+06
6.106590849264091812e+06
6.105460837610770948e+06
6.105450319867395796e+06
6.106397853275542147e+06
6.107909788125806488e+06
6.109627767058312893e+06
6.111283472430660389e+06
6.112371092889303342e+06
6.112701097426874563e+06
6.112522026346984319e+06
6.111883032993277535e+06
6.111146133001343347e+06
6.110775053340352140e+06
6.110924820643176325e+06
6.111434982326446101e+06
6.112475216973499395e+06
6.113883800085986964e+06
6.115129006516623311e+06
6.115995280155596323e+06
6.116212936373440549e+06
6.115487113927943632e+06
6.113987099882608280e+06
6.112078452016546391e+06
6.109903336088287644e+06
6.107798863463548943e+06
6.106214425001003779e+06
6.105402368678381667e+06
6.105509269756915979e+06
6.106286362994274125e+06
6.107378189067798667e+06
6.108724593908582814e+06
6.109958591529732570e+06
6.110897308636344969e+06
6.111327911778389476e+06
6.111408951527206227e+06
6.111259424365783110e+06
6.111246998935394920e+06
6.111452539224018343e+06
6.111806381612703204e+06
6.112542663909951225e+06
6.113509383827449754e+06
6.114442669332736172e+06
6.115209065740625374e+06
6.115549064858677797e+06
6.115256847005945630e+06
6.114327056643956341e+06
6.112874610414625145e+06
6.111264591292358935e+06
6.109445694734861143e+06
6.107743964356372133e+06
6.106495578428246081e+06
6.105826433319081552e+06
6.105611480118595064e+06
6.105979070872412063e+06
6.106646743158462457e+06
6.107570821544623934e+06
6.108613416714092717e+06
6.109472031125476584e+06
6.110127594991928898e+06
6.110595998704060912e+06
6.111047258659065701e+06
6.111486991110006347e+06
6.111857090574877337e+06
6.112258324668752030e+06
6.112836830951482989e+06
6.113468369715048932e+06
6.114051282200370915e+06
6.114375539159730077e+06
6.114358752657032572e+06
6.113965333594036289e+06
6.113227771585798822e+06
6.112168529437169433e+06
6.110856211326739751e+06
6.109431828577389941e+06
6.108069183248094283e+06
6.106808525757728145e+06
6.105893151808267459e+06
6.105391608215229586e+06
6.105311551888358779e+06
6.105648809644659050e+06
6.106367261785565875e+06
6.107329436287597753e+06
6.108356099582029507e+06
6.109361867370860651e+06
