5.737503601116332226e+06
5.738722675674758852e+06
5.738935683664828539e+06
5.739394736174468882e+06
5.739493552039369941e+06
5.739980856700257398e+06
5.740246879980655387e+06
5.740390646463934332e+06
5.740375889125407673e+06
5.740195726247883402e+06
5.739696684094700962e+06
5.738933601436183788e+06
5.737709998959369957e+06
5.736592466476764530e+06
5.735440395223771222e+06
5.734196194608297199e+06
5.733206055192995816e+06
5.732491407028140500e+06
5.732098890500067733e+06
5.732287713837360963e+06
5.733110310456205159e+06
5.734131603611020371e+06
5.735367134308807552e+06
5.736759459290961735e+06
5.737998625603802502e+06
5.738996663954490796e+06
5.739578495622431859e+06
5.739962993399607949e+06
5.740054031768717803e+06
5.739913163052289747e+06
5.739920310811697505e+06
5.740061089544144459e+06
5.740135928154896013e+06
5.740263936965933070e+06
5.740394362839892507e+06
5.740139651738134213e+06
5.739436482071449049e+06
5.738587795534001663e+06
5.737472995691226795e+06
5.736004042136788368e+06
5.734355841690478846e+06
5.733004038176546805e+06
5.731957678949704394e+06
5.731396519355080090e+06
5.731723199699209072e+06
5.732564431173750199e+06
5.733915494608521461e+06
5.735738802759768441e+06
5.737499427112711594e+06
5.738875440048946068e+06
5.739998224627016112e+06
5.740433565273928456e+06
5.740369824050439522e+06
5.740120968200241216e+06
5.739626588563719764e+06
5.739283305650569499e+06
5.739272677941953763e+06
5.739476982729922049e+06
5.740030285089345649e+06
5.740516187981361523e+06
5.740446527224935591e+06
5.740077932397105731e+06
5.739410375038293190e+06
5.737893725213924423e+06
5.736087409809513949e+06
5.734062224331576377e+06
5.732100383082373999e+06
5.730751812016326003e+06
5.730373776453117840e+06
5.730716819146339782e+06
5.731995960056554526e+06
5.733955023223568685e+06
5.736186460389251821e+06
5.738210292472713627e+06
5.739594732985212468e+06
5.740445109660561197e+06
5.740489558661344461e+06
5.740092785481019877e+06
5.739376148863987997e+06
5.738628916177275591e+06
5.738249381623372436e+06
5.738274232268456370e+06
5.738896543316158466e+06
5.739783595824547112e+06
5.740557944996812381e+06
5.740902403850340284e+06
5.740819365865723230e+06
5.739848849506667815e+06
5.738010090864690021e+06
5.735664839550191537e+06
5.733208390346553177e+06
5.731021103068096563e+06
5.729770367639403790e+06
5.729563241566133685e+06
5.730296687845359556e+06
5.732016934297513217e+06
5.734459384308159351e+06
5.736842687042121775e+06
5.738710829677013680e+06
5.739965143110220321e+06
5.740501083075395785e+06
5.740102986379604787e+06
5.739114835521373898e+06
5.737907688069764525e+06
5.736990945759306662e+06
5.736606987469360232e+06
5.737149730312870815e+06
5.738286186233033426e+06
5.739567142816359177e+06
5.740848628493492492e+06
5.741633005823001266e+06
5.741378809267758392e+06
5.740018820656030439e+06
5.737852498285176232e+06
5.735162090021518059e+06
5.732408073999137618e+06
5.730465986886689439e+06
5.729478048426947556e+06
5.729531759840868413e+06
5.730817149944267236e+06
5.733132053610481322e+06
5.735730751007941552e+06
5.738081174644254148e+06
5.739847396112760529e+06
5.740631726254505105e+06
5.740289875978871249e+06
5.739195467254055664e+06
5.737659804375437088e+06
5.736126693243666552e+06
5.735136543978296220e+06
5.735216460132091306e+06
5.736144600626532920e+06
5.737675238410303369e+06
5.739528351002997719e+06
5.741189986556497402e+06
5.742018053645416163e+06
5.741538078692276962e+06
5.739950420830839314e+06
5.737545325632846914e+06
5.734581940635840409e+06
5.731960015601623803e+06
5.730240429445913061e+06
5.729555500170497224e+06
5.730120609204084612e+06
5.732049506021369249e+06
5.734617020422244444e+06
5.737143836556788534e+06
5.739223763863743283e+06
5.740425695202596486e+06
5.740388610654678196e+06
5.739399723175534047e+06
5.737674263991145417e+06
5.735640104439424351e+06
5.733964203811428510e+06
5.733449984981215559e+06
5.733869162281280383e+06
5.735097888925136998e+06
5.737238715778226033e+06
5.739682434597469866e+06
5.741471241829535924e+06
5.742050877994007431e+06
5.741471019206747413e+06
5.739688176881764084e+06
5.737062557761389762e+06
5.734318212289912626e+06
5.731988670898826793e+06
5.730740697064965963e+06
5.730553639179745689e+06
5.731874638237505220e+06
5.734077355117964558e+06
5.736468459379983135e+06
5.738902660074629821e+06
5.740629907408457249e+06
5.740944215326804668e+06
5.740187205447809771e+06
5.738578143261118792e+06
5.736244526085604914e+06
5.734022621444392949e+06
5.732578541448949836e+06
5.732182928177785128e+06
5.732889724397916347e+06
5.734635793946485035e+06
5.737222300914495252e+06
5.739705584394895472e+06
5.741349552099237218e+06
5.741814720200959593e+06
5.741077099271675572e+06
5.739204712673626840e+06
5.736859879521523602e+06
5.734538448996881954e+06
5.732714315887405537e+06
5.732060018705390394e+06
5.733053620160321705e+06
5.734119905904961750e+06
5.736353981726388447e+06
5.738691524097395130e+06
5.740608462556424551e+06
5.741366702220689505e+06
5.740999189630337059e+06
5.739456200349779800e+06
5.737320560522173531e+06
5.734643483267483301e+06
5.732446265249935910e+06
5.731269087981449440e+06
5.731046622581561096e+06
5.731998137486859225e+06
5.734256966264513321e+06
5.736774809557224624e+06
5.739075986664200202e+06
5.740598334546112455e+06
5.740767386322765611e+06
5.739764575119923800e+06
5.738281897181574255e+06
5.736431799896273762e+06
5.734619234951532446e+06
5.733526435709382407e+06
5.733627644141375087e+06
5.734629340394637547e+06
5.736298002997469157e+06
5.738296240710512735e+06
5.740296877809393220e+06
5.741368735070066527e+06
5.741416971155419946e+06
5.740340190523161553e+06
5.738297212014529854e+06
5.735639442710966803e+06
5.733134967426696792e+06
5.731093635785700753e+06
5.730092409188169986e+06
5.730229470361543819e+06
5.731621281756857410e+06
5.733784524324190803e+06
5.736166589992668480e+06
5.738131596807497554e+06
5.739364464162351564e+06
5.739350532480664551e+06
5.738771713821625337e+06
5.737544874639619142e+06
5.736286083549460396e+06
5.734939741693952121e+06
5.736023096101747826e+06
5.735383977290226147e+06
5.736899454791012220e+06
5.738455166219762526e+06
5.740360956268091686e+06
5.741632594348793849e+06
5.742178590213981457e+06
5.741382663683825172e+06
5.739741762407042086e+06
5.737203615086534992e+06
5.734699629765583202e+06
5.732473527956950478e+06
5.730762201156774536e+06
5.730059121229372919e+06
5.730660046546695754e+06
5.731975321883537807e+06
5.733841014039111324e+06
5.735878980163534172e+06
5.737463570751802996e+06
5.738294540063137189e+06
5.738293486051468179e+06
5.737859226802432910e+06
5.737114494937676005e+06
5.736205689501164481e+06
5.736071784966193140e+06
5.736594393184843473e+06
5.737364727357978933e+06
5.738688755083508790e+06
5.740235477881884202e+06
5.741475364114956930e+06
5.742330717856540345e+06
5.742086903611506335e+06
5.740750690648232587e+06
5.738882459645985626e+06
5.736695902867027558e+06
5.734371957662871107e+06
5.732390221386022866e+06
5.730968905125980265e+06
5.730628431230856106e+06
5.731216047870444134e+06
5.732254447619399056e+06
5.733662121221147478e+06
5.735235264474553056e+06
5.736451639995723031e+06
5.737246167944021523e+06
5.737470183583917096e+06
5.737190110589317977e+06
5.737001072722258046e+06
5.737001415782362223e+06
5.737314998655894771e+06
5.737940976132287644e+06
5.738820540215474553e+06
5.739939792249210179e+06
5.740984173739216290e+06
5.741721225804760121e+06
5.741887998937937431e+06
5.741301037929333746e+06
5.739886544217134826e+06
5.738174019362660125e+06
5.736383492594854906e+06
5.734377085230193101e+06
5.732638659814308397e+06
5.731618172457448207e+06
5.731201310250942595e+06
5.731312808829291724e+06
5.732042416997009888e+06
5.733025241897100583e+06
5.734154260815002955e+06
5.735334723593054339e+06
5.736190447980644181e+06
5.736527540358568542e+06
5.736905475050330162e+06
5.737328629327354021e+06
5.737701527074771933e+06
5.738089839997564442e+06
5.738694709627422504e+06
5.739329022745312192e+06
5.740091261473298073e+06
5.740741638278524391e+06
5.740977004353648052e+06
5.740837138370425440e+06
5.740276253731922247e+06
5.739278075306049548e+06
5.738006979783753864e+06
5.736420084450246766e+06
5.734872230668534525e+06
5.733413632030656561e+06
5.732354720634770580e+06
5.731545829668162391e+06
5.731400429662972689e+06
5.731546635985926725e+06
5.732263594005597755e+06
5.733225847084752284e+06
5.734456843603857793e+06
5.735209784499994479e+06
5.736431122763589025e+06
