2.628590397996662557e+07
2.628768626305204630e+07
2.628767736664612219e+07
2.628817662472777069e+07
2.628820768451011926e+07
2.628857580141898245e+07
2.628876023559147120e+07
2.628937924558375031e+07
2.628953747001449764e+07
2.628967735958572477e+07
2.628992561166927963e+07
2.628967455063162372e+07
2.628918921994431689e+07
2.628837000954463705e+07
2.628703045146504045e+07
2.628589081942114234e+07
2.628496293001926318e+07
2.628407377067970484e+07
2.628327720794057101e+07
2.628305303652834147e+07
2.628303440609806404e+07
2.628331928289516643e+07
2.628405628338696808e+07
2.628514561834299192e+07
2.628635103997153044e+07
2.628750730337836966e+07
2.628834463830581680e+07
2.628883195513395593e+07
2.628916478766195104e+07
2.628896772816633433e+07
2.628877949055755883e+07
2.628864651378001645e+07
2.628864271491652727e+07
2.628856550929850340e+07
2.628859578815295920e+07
2.628841103705583140e+07
2.628811996644860506e+07
2.628734067036066949e+07
2.628572914491551742e+07
2.628390529000578821e+07
2.628250576023852825e+07
2.628131770602843910e+07
2.628001474733405188e+07
2.627888716086259857e+07
2.627800357365682349e+07
2.627767165917865187e+07
2.627790630236950144e+07
2.627905156573836878e+07
2.628073926868911088e+07
2.628280604067525640e+07
2.628461944692099094e+07
2.628635065763453022e+07
2.628782702756762132e+07
2.628831023449901119e+07
2.628787714624130353e+07
2.628690091987534985e+07
2.628597570171438903e+07
2.628541579299058393e+07
2.628531168142974004e+07
2.628549102548238263e+07
2.628582957711463422e+07
2.628627131886026263e+07
2.628668308467800543e+07
2.628573040028259158e+07
2.628382612186140567e+07
2.628144531941824779e+07
2.627917966504730284e+07
2.627725392973190174e+07
2.627574519906147197e+07
2.627491567178168148e+07
2.627513842453704029e+07
2.627618964022222906e+07
2.627794951863680035e+07
2.627989812229983136e+07
2.628170651405515894e+07
2.628305304484868422e+07
2.628385224472250789e+07
2.628405393106403947e+07
2.628382481627539545e+07
2.628351963703112677e+07
2.628305668189100549e+07
2.628297367086201161e+07
2.628357500163471699e+07
2.628462229340321571e+07
2.628587558307761326e+07
2.628700410261708125e+07
2.628758524423141032e+07
2.628704874369014055e+07
2.628552670991650224e+07
2.628284425626218319e+07
2.627995145561504364e+07
2.627752665287690982e+07
2.627571844005245343e+07
2.627449875594565645e+07
2.627428574866595492e+07
2.627549060830089450e+07
2.627768080936029181e+07
2.628021666559113190e+07
2.628259590764376894e+07
2.628442025352916121e+07
2.628556569137443975e+07
2.628556501440812647e+07
2.628446600608295202e+07
2.628307250028328225e+07
2.628169963939331099e+07
2.628083330781615153e+07
2.628113024456767738e+07
2.628237594652459025e+07
2.628411525816641748e+07
2.628580473211692646e+07
2.628705428544593602e+07
2.628757153455758095e+07
2.628712387258866802e+07
2.628543062707954273e+07
2.628295633116883039e+07
2.628031085258062184e+07
2.627825037116988003e+07
2.627663800475256518e+07
2.627596231522932649e+07
2.627620217884147167e+07
2.627790463550186157e+07
2.628013424024154246e+07
2.628239820457692817e+07
2.628459707006286457e+07
2.628604118155549467e+07
2.628640961288648844e+07
2.628586407350333035e+07
2.628469984966747835e+07
2.628341130684305355e+07
2.628211564795425162e+07
2.628136723478508741e+07
2.628152699718713015e+07
2.628267438727109507e+07
2.628459075594652072e+07
2.628643319474467263e+07
2.628761214265292883e+07
2.628805837891419977e+07
2.628751975345432013e+07
2.628600345215687156e+07
2.628358468319991976e+07
2.628080592887109518e+07
2.627829505496288836e+07
2.627665328098901361e+07
2.627637964488684759e+07
2.627760325370607153e+07
2.627994630685804784e+07
2.628273892153866217e+07
2.628459911390063912e+07
2.628596634282288328e+07
2.628630760262727737e+07
2.628562643976759166e+07
2.628366738861323893e+07
2.628128338495461643e+07
2.627930606077179685e+07
2.627795819064794481e+07
2.627778813152771071e+07
2.627845726844801381e+07
2.628043069689296558e+07
2.628306987547928467e+07
2.628542789773679897e+07
2.628687960084988922e+07
2.628704957757448032e+07
2.628616705879820138e+07
2.628386783800235763e+07
2.628087735680443048e+07
2.627797532732415199e+07
2.627572870171716064e+07
2.627443671473280713e+07
2.627472727288711071e+07
2.627640393317165226e+07
2.627889453113666177e+07
2.628167839066646248e+07
2.628422315740299970e+07
2.628572010090129822e+07
2.628576086943054572e+07
2.628439539678433537e+07
2.628220570698462427e+07
2.627965290787547827e+07
2.627782670320125669e+07
2.627662297727147490e+07
2.627642166945221648e+07
2.627757871422800422e+07
2.627965789928213134e+07
2.628244573810920864e+07
2.628509130925478041e+07
2.628640547054101154e+07
2.628629692396195978e+07
2.628470078365846723e+07
2.628251465284564719e+07
2.627994032606171817e+07
2.627767594564097747e+07
2.627631290776559711e+07
2.627696956816968694e+07
2.627719617901628092e+07
2.627952862452613190e+07
2.628184077570573613e+07
2.628420979812628776e+07
2.628571386498096585e+07
2.628631092509495094e+07
2.628540997871964425e+07
2.628359936634872481e+07
2.628114092443509772e+07
2.627872563571760803e+07
2.627674526712060347e+07
2.627587661340956762e+07
2.627631014191868156e+07
2.627803199139565602e+07
2.628041690227349475e+07
2.628298879798784852e+07
2.628485918292263150e+07
2.628585915497766435e+07
2.628569441787444800e+07
2.628475044269852713e+07
2.628328123468817770e+07
2.628164029887766019e+07
2.628013030437090248e+07
2.627944471841380000e+07
2.627973760344335437e+07
2.628089535373816639e+07
2.628249207360370830e+07
2.628426129530257732e+07
2.628555740937782079e+07
2.628607848742769659e+07
2.628559710314561427e+07
2.628451744128194451e+07
2.628253559301496670e+07
2.628031209932895377e+07
2.627814607816648856e+07
2.627680653754021600e+07
2.627628922120628133e+07
2.627714165926241502e+07
2.627866131266068667e+07
2.628075811687558144e+07
2.628263868905416131e+07
2.628435487741104886e+07
2.628499546612135693e+07
2.628511205381384864e+07
2.628409458310455829e+07
2.628324399657186866e+07
2.628155307310530171e+07
2.628383984065554291e+07
2.628067853722222894e+07
2.628234797920126095e+07
2.628349208293228596e+07
2.628567134640038386e+07
2.628706639836143702e+07
2.628832693292248994e+07
2.628823905033200607e+07
2.628757305690634251e+07
2.628575102659406886e+07
2.628380547719741985e+07
2.628155103290835023e+07
2.627968620356137678e+07
2.627844066554889083e+07
2.627844145294129848e+07
2.627931434969189763e+07
2.628093121225498244e+07
2.628281871589031443e+07
2.628470085146802664e+07
2.628592318433586136e+07
2.628656744728345424e+07
2.628670611512883380e+07
2.628636295437563211e+07
2.628551334566977620e+07
2.628510772989359498e+07
2.628484544160198420e+07
2.628498256771800667e+07
2.628580703334810957e+07
2.628719671805234626e+07
2.628863165945709497e+07
2.629007212530598789e+07
2.629069858619577438e+07
2.629047780598270893e+07
2.628943684624866024e+07
2.628772814786140248e+07
2.628550877161459252e+07
2.628331000774796680e+07
2.628162357078143582e+07
2.628060340056325868e+07
2.628035565161937103e+07
2.628089795363180712e+07
2.628187463238132372e+07
2.628297477386759594e+07
2.628409588362735510e+07
2.628550048231172562e+07
2.628645898998462409e+07
2.628681432063496485e+07
2.628658208321644738e+07
2.628628695138263330e+07
2.628622873766557500e+07
2.628640077129430324e+07
2.628748465080812201e+07
2.628918082914203033e+07
2.629046669089722261e+07
2.629158530258855224e+07
2.629220107415769622e+07
2.629199722458129749e+07
2.629119788887940720e+07
2.628982348115722090e+07
2.628789271119249985e+07
2.628580362558123469e+07
2.628398767022504285e+07
2.628277240955005959e+07
2.628224266220671684e+07
2.628206585664572194e+07
2.628198705407312885e+07
2.628230225336658955e+07
2.628322970191336423e+07
2.628415661652347073e+07
2.628532378701429814e+07
2.628625985980587080e+07
2.628698526682536677e+07
2.628761397442126274e+07
2.628809602993106842e+07
2.628851407095512003e+07
2.628895920611114055e+07
2.628974561469614878e+07
2.629057623136662319e+07
2.629113475392164662e+07
2.629169526028988138e+07
2.629156339373327419e+07
2.629119372555522248e+07
2.629074355786275491e+07
2.628971435787293315e+07
2.628820243274772540e+07
2.628703742912953719e+07
2.628542695299207047e+07
2.628417384834054112e+07
2.628294031692277640e+07
2.628240181640427187e+07
2.628208471799197048e+07
2.628301536209883541e+07
2.628360080913380533e+07
2.628453101847274974e+07
2.628480021142060310e+07
2.628648807638844103e+07
