2.768709461623122450e+06
2.769232347778382711e+06
2.769720411934134550e+06
2.769928969136774074e+06
2.770156297042999417e+06
2.770320412835409399e+06
2.770579711748992093e+06
2.770649930360763799e+06
2.770674252093533054e+06
2.770554275248112623e+06
2.770349229405421764e+06
2.769724924306210596e+06
2.768842546334768180e+06
2.767867670978318434e+06
2.766664469225451816e+06
2.765500763409717474e+06
2.764276141334716231e+06
2.763258366204043385e+06
2.762514484088285360e+06
2.762299396850752179e+06
2.762598322138208430e+06
2.763364002854832914e+06
2.764475566320343409e+06
2.765823201547868084e+06
2.767188585788666736e+06
2.768372875844489317e+06
2.769117450181331020e+06
2.769558771655975841e+06
2.769765778333619237e+06
2.769623540155104361e+06
2.769474756248366553e+06
2.769386855049759150e+06
2.769367101814183407e+06
2.769412904272132087e+06
2.769631991224170197e+06
2.769625662558304612e+06
2.769335709417415783e+06
2.768837013887993060e+06
2.767996765063300729e+06
2.766734155550504569e+06
2.765218580414767843e+06
2.763663379116377328e+06
2.762362790264674928e+06
2.761521396540030371e+06
2.761328197052862495e+06
2.761804691116710193e+06
2.762982853526487481e+06
2.764636301209459081e+06
2.766415415264896117e+06
2.768194857669368852e+06
2.769458701483681332e+06
2.770220420683842152e+06
2.770512639085421339e+06
2.770296884951321408e+06
2.769883009399598464e+06
2.769444305349632166e+06
2.769181232069550548e+06
2.769308034866714850e+06
2.769822595347132068e+06
2.770370632084814832e+06
2.770843088344326708e+06
2.770983064696975984e+06
2.770751216089892201e+06
2.769870992588880006e+06
2.768400168582223821e+06
2.766513504638000391e+06
2.764526854828542564e+06
2.762946954659503419e+06
2.762047633990998846e+06
2.761956766671864316e+06
2.762834524719794281e+06
2.764472134014587384e+06
2.766692594237952959e+06
2.768929287354152184e+06
2.770830326434907969e+06
2.772004094562991057e+06
2.772574403816451784e+06
2.772429265798447188e+06
2.771847650492183398e+06
2.771066847101410385e+06
2.770405420594136696e+06
2.770194343050535768e+06
2.770566424056991469e+06
2.771459085614036303e+06
2.772443667616272811e+06
2.773267260211888701e+06
2.773723885703356471e+06
2.773311865803543013e+06
2.772108778898468707e+06
2.770066037563712336e+06
2.767686186541887932e+06
2.765347660332155414e+06
2.763526717637908645e+06
2.762650946117973421e+06
2.762899867120657116e+06
2.764073046011382714e+06
2.766161352664344013e+06
2.768628736865234096e+06
2.770814404428451788e+06
2.772520477240058128e+06
2.773431093763285317e+06
2.773414721162658185e+06
2.772555759796489496e+06
2.771411580412851181e+06
2.770174708922451828e+06
2.769404750652818475e+06
2.769484991128230467e+06
2.770249143308120780e+06
2.771410068953804206e+06
2.772870538767114282e+06
2.774027252906018402e+06
2.774435586059488822e+06
2.773824670092483517e+06
2.772172014557086397e+06
2.769782644668289460e+06
2.767005470059072133e+06
2.764578955274223816e+06
2.762931702090728097e+06
2.762307168851871975e+06
2.762964213728627190e+06
2.764655196224058047e+06
2.767112631734654773e+06
2.769578368667776231e+06
2.771761271132212132e+06
2.773104966322451830e+06
2.773316555121116806e+06
2.772549393304370809e+06
2.771148453546178062e+06
2.769484759190156125e+06
2.768096747039754409e+06
2.767531347554836422e+06
2.767979260565380100e+06
2.769176951856323518e+06
2.770880021482833661e+06
2.772819244628560729e+06
2.774135915117936209e+06
2.774474325257991441e+06
2.773500436644972768e+06
2.771562183764788788e+06
2.768822320058995858e+06
2.765989461085924879e+06
2.763629216107235290e+06
2.762266604980053380e+06
2.762108264128667768e+06
2.763256187915044371e+06
2.765376178181159776e+06
2.767867062259658240e+06
2.770247684784440789e+06
2.771973094482992776e+06
2.772654905948910397e+06
2.772141840387017000e+06
2.770674695197579917e+06
2.768710031826437451e+06
2.766748229603527114e+06
2.765461372256189119e+06
2.765162116177587770e+06
2.765837848490383942e+06
2.767514217258570250e+06
2.769779609398415778e+06
2.771824163304720074e+06
2.773096337947847787e+06
2.773144547828920651e+06
2.772025003969242796e+06
2.769835935415072367e+06
2.767173847976331133e+06
2.764583502096361481e+06
2.762607307616258971e+06
2.761742533998744097e+06
2.762180830964088906e+06
2.763761960140888579e+06
2.765923936040970031e+06
2.768406545915222261e+06
2.770494489813164342e+06
2.771717868960460182e+06
2.771565347724827472e+06
2.770446089845326263e+06
2.768467827568164095e+06
2.766128305808444973e+06
2.764201647012236062e+06
2.763196600443551783e+06
2.763167188513460569e+06
2.764413829155244399e+06
2.766567882929393090e+06
2.769040210399776697e+06
2.771113690674280748e+06
2.772320920558968559e+06
2.772325668726813514e+06
2.771186542918635532e+06
2.769155255280113779e+06
2.766914970820715185e+06
2.764823039999485482e+06
2.763643511746986303e+06
2.764322279543965124e+06
2.764379031907199416e+06
2.766299213083549403e+06
2.768553448772292119e+06
2.770784912759580184e+06
2.772231907362662721e+06
2.772599672526676673e+06
2.771880881908738986e+06
2.770125795749731828e+06
2.767763518621668220e+06
2.765510107032530010e+06
2.763699538206882775e+06
2.762918347308776807e+06
2.763353539494142868e+06
2.765011158211877104e+06
2.767320359668575227e+06
2.769693839418987278e+06
2.771566354569916613e+06
2.772484473754588049e+06
2.772208922949896194e+06
2.771095697638918180e+06
2.769503504956235178e+06
2.767667523731756024e+06
2.766301445802934002e+06
2.765782577849661000e+06
2.766205545192598365e+06
2.767583542945643887e+06
2.769416952752946876e+06
2.771315834559476003e+06
2.772930845740132034e+06
2.773665922147432808e+06
2.773269523063771892e+06
2.771951856036451180e+06
2.769731133535031229e+06
2.767239155222854111e+06
2.765033160947618540e+06
2.763463299568820745e+06
2.762908932342219166e+06
2.763709654830177315e+06
2.765474875746001489e+06
2.767579504862213042e+06
2.769686046700487845e+06
2.771253102182041388e+06
2.771942504636621103e+06
2.771749364076488651e+06
2.770860801780082285e+06
2.769717283792400733e+06
2.768609523329667281e+06
2.767146844991760794e+06
2.768218274421639740e+06
2.768796820878249127e+06
2.770334497376091313e+06
2.771955926127909217e+06
2.773543260349909775e+06
2.774375210325646214e+06
2.774486810661973897e+06
2.773378050503638573e+06
2.771448628258466255e+06
2.769082531935789157e+06
2.766892092681936454e+06
2.764763685413205065e+06
2.763490328642033972e+06
2.763305635782155208e+06
2.764179079598471057e+06
2.765599921399857383e+06
2.767345918332620058e+06
2.769030962625569198e+06
2.770203832122756634e+06
2.770595209116287064e+06
2.770460988648594357e+06
2.769725482089876663e+06
2.769007964352969080e+06
2.768574628715391736e+06
2.768622786655269563e+06
2.769021861878142692e+06
2.769959772328598890e+06
2.771176510869491845e+06
2.772455861843991093e+06
2.773306615782717708e+06
2.773577528952430468e+06
2.772987739672186319e+06
2.771540456576290075e+06
2.769600332241497468e+06
2.767398306793139316e+06
2.765231872960052453e+06
2.763565096608267166e+06
2.762645590261115227e+06
2.762631263433652930e+06
2.763304332429994363e+06
2.764297164168728981e+06
2.765535341764357407e+06
2.766716142227768898e+06
2.767628700025938917e+06
2.768042987086530775e+06
2.768103183736894745e+06
2.767962827901538927e+06
2.767895675260155927e+06
2.768024332483132370e+06
2.768260035685671959e+06
2.768909156023991760e+06
2.769798359845254105e+06
2.770690831773602869e+06
2.771530784998615272e+06
2.771889859954155516e+06
2.771629489522152580e+06
2.770743482407957781e+06
2.769311442276551854e+06
2.767742539686249103e+06
2.765890254156883340e+06
2.764201930153994821e+06
2.762872763245121110e+06
2.762027113171212375e+06
2.761813652178230230e+06
2.762018751628766768e+06
2.762581723722537048e+06
2.763460454233821481e+06
2.764516738990676124e+06
2.765430522335770074e+06
2.766041186560744885e+06
2.766469316452688072e+06
2.766960515977323055e+06
2.767368695438605268e+06
2.767769013325660489e+06
2.768154010989257134e+06
2.768696415812777821e+06
2.769306876880052034e+06
2.769844557087488472e+06
2.770112301211125217e+06
2.770161088535245508e+06
2.769759869004589971e+06
2.769101081738240086e+06
2.768146697219438851e+06
2.766943783002821263e+06
2.765588453549939208e+06
2.764295501233452465e+06
2.763027779845158570e+06
2.762123969576959964e+06
2.761582383196619339e+06
2.761512873346898705e+06
2.761765083527478855e+06
2.762480261142122094e+06
2.763343543627120554e+06
2.764537169439428020e+06
2.765416656548476312e+06
