2.420384343367867172e+07
2.421441428075534105e+07
2.421124911670738831e+07
2.420677863932270184e+07
2.420590319801640138e+07
2.421534115975256637e+07
2.422241043351984397e+07
2.422538180338540673e+07
2.422356564149152115e+07
2.422784412873048708e+07
2.422750333132489026e+07
2.422593111191460118e+07
2.422685569904244691e+07
2.422936241646497324e+07
2.423007782087424770e+07
2.422872599491230026e+07
2.422587836194527894e+07
2.422001217599821463e+07
2.421489740455494076e+07
2.420895082501069084e+07
2.419767725443152711e+07
2.418829222933654115e+07
2.418059992448139936e+07
2.417305439577895775e+07
2.416422095037190244e+07
2.415745479342206568e+07
2.415422654460335895e+07
2.415911558520055935e+07
2.416131286458492652e+07
2.415721690717290714e+07
2.415569759145131707e+07
2.415858193344948441e+07
2.416782250411950424e+07
2.418189176484309137e+07
2.419408946266406029e+07
2.419591267362033576e+07
2.418868970614260808e+07
2.418391940788705647e+07
2.418430770606132224e+07
2.418846716881848127e+07
2.418492995853390917e+07
2.418296094128967077e+07
2.418739450728336722e+07
2.419271285079235211e+07
2.419183359075975046e+07
2.418075878150834143e+07
2.417420291148744896e+07
2.417880908532775939e+07
2.418767934745592624e+07
2.418152592333078384e+07
2.417405841476908326e+07
2.417081966531379521e+07
2.417441952973213047e+07
2.417031648892543837e+07
2.416907658665388450e+07
2.417038374245191738e+07
2.417344664983005077e+07
2.418014724517239258e+07
2.418242425653160363e+07
2.418286846333161369e+07
2.418806115362988040e+07
2.419648687834312022e+07
2.419835145150820166e+07
2.419231721535925195e+07
2.418808910631040856e+07
2.419325785405609757e+07
2.419858297543878481e+07
2.420676438692028821e+07
2.421062032441911846e+07
2.421035809887414053e+07
2.421362754064580053e+07
2.421105503997731954e+07
2.420487274203820527e+07
2.420358253346204758e+07
2.420901959638471156e+07
2.421543580127543211e+07
2.422417412704384699e+07
2.422918022558116540e+07
2.422904128093953058e+07
2.422961623525704816e+07
2.423260504798119888e+07
2.423813330495614186e+07
2.424425679264749587e+07
2.424804328295588866e+07
2.424337618020444363e+07
2.423230324812348932e+07
2.422555208600869775e+07
2.421662649925673380e+07
2.420975730512401462e+07
2.420597788610107079e+07
2.420922515472358838e+07
2.421431545501591265e+07
2.421322396519693732e+07
2.421141966105347872e+07
2.420683557546196878e+07
2.420129562776371837e+07
2.419824489309249073e+07
2.419963285043302923e+07
2.420045716320834309e+07
2.419950047399589047e+07
2.419994768573066965e+07
2.419724959052085131e+07
2.419882283212848753e+07
2.420658912833259255e+07
2.421148962905303016e+07
2.421839071616157144e+07
2.422461842973947152e+07
2.422858990479318425e+07
2.423299171339552850e+07
2.423124211752950400e+07
2.423104276183186844e+07
2.423160357116454840e+07
2.423274112295143679e+07
2.422841006822184473e+07
2.422309234828040749e+07
2.421891873862521350e+07
2.421388478066384047e+07
2.420105649058586732e+07
2.419317503030604869e+07
2.419221139093883708e+07
2.418743824324357510e+07
2.419116973734901473e+07
2.420015639379488677e+07
2.420796701662473381e+07
2.421469707109994814e+07
2.421812621113699675e+07
2.422255645721699297e+07
2.422179396211978793e+07
2.422176463865830749e+07
2.422285766890203580e+07
2.421539571606244147e+07
2.420562917478619888e+07
2.420027990813989192e+07
2.419423820295376703e+07
2.419058387638200074e+07
2.419801978750161827e+07
2.420569776195886731e+07
2.420346096251140907e+07
2.421003139893538132e+07
2.421621592470420152e+07
2.421964598695943877e+07
2.421663183050303161e+07
2.420661717531780899e+07
2.419673928107633814e+07
2.418897322669736668e+07
2.418080494231867045e+07
2.417678537752914801e+07
2.417761856216172129e+07
2.418007042798452079e+07
2.418114091562860459e+07
2.418554577793819085e+07
2.418682196843810380e+07
2.418340987222380936e+07
2.417902377157645673e+07
2.417279068916099146e+07
2.416954668376432732e+07
2.416751465165288001e+07
2.416592508770240098e+07
2.416515866881705821e+07
2.417122309325872734e+07
2.418006398165301606e+07
2.418835323022124171e+07
2.419900957663946971e+07
2.420876538293738291e+07
2.420688929568487033e+07
2.419489496190955490e+07
2.417980683546193317e+07
2.416753473678786308e+07
2.415987623523119465e+07
2.415717571958111972e+07
2.415716503057425469e+07
2.415417630372532085e+07
2.415418587863491848e+07
2.415595960352876037e+07
2.416231354405749589e+07
2.416802007030659541e+07
2.416825069843210280e+07
2.416738077881371975e+07
2.415924020635584369e+07
2.415243291382561624e+07
2.414778622663623840e+07
2.414738357409229130e+07
2.415086802904586866e+07
2.415231261549754441e+07
2.415474872081911564e+07
2.415556565186512843e+07
2.416021960632202774e+07
2.417181470989646390e+07
2.416840684630832076e+07
2.416367104883578792e+07
2.416417378925493732e+07
2.416326436679799855e+07
2.416926768898526579e+07
2.417114283736546338e+07
2.417581225311908871e+07
2.417434199382100627e+07
2.417586229319006950e+07
2.417814943668256700e+07
2.418808623569212109e+07
2.418981170022485033e+07
2.418219170809715986e+07
2.417676673038333654e+07
2.417233300559281558e+07
2.416729495037152618e+07
2.416616464719876647e+07
2.416809478278931975e+07
2.417566680040021613e+07
2.418901751821894944e+07
2.419896254749730229e+07
2.420785920005372912e+07
2.421185301086210459e+07
2.421562705379365385e+07
2.421824590226117522e+07
2.421277002220796794e+07
2.420911122546255961e+07
2.420288302827045321e+07
2.419784993354208767e+07
2.419719136172533780e+07
2.420456529035590217e+07
2.421166345822837576e+07
2.421749226802060753e+07
2.420648353688392043e+07
2.419423216124527529e+07
2.419013848270277306e+07
2.419672228556916118e+07
2.419761325358854234e+07
2.420005118006204814e+07
2.419449388816329092e+07
2.418328461555926129e+07
2.417748848941366374e+07
2.417883265933610499e+07
2.417959220851254091e+07
2.418385150130467862e+07
2.419438468586444482e+07
2.419622060912418738e+07
2.419000128748919442e+07
2.419393704796914756e+07
2.419421646489970013e+07
2.419084484231783822e+07
2.418364336976435035e+07
2.417844455275359377e+07
2.417394757203773409e+07
2.417507570397853106e+07
2.417575103935850784e+07
2.418197897168103233e+07
2.418313343108254671e+07
2.418413827609116212e+07
2.418024097985403985e+07
2.417958907710115984e+07
2.417732860875283927e+07
2.418063601473509893e+07
2.418916415955077857e+07
2.419550898818105087e+07
2.419536336814097688e+07
2.419239082249398157e+07
2.418765960104231164e+07
2.418009718106701970e+07
2.417861311878846213e+07
2.417833979638534784e+07
2.417692457217958197e+07
2.417930899312562868e+07
2.418607450696368888e+07
2.419690854291701317e+07
2.420245557026955485e+07
2.419971425286199898e+07
2.419235632857622579e+07
2.418568756908065826e+07
2.417545979211150855e+07
2.416851193211995438e+07
2.416113850753674656e+07
2.415628476566255465e+07
2.415633727607282624e+07
2.415898643382035941e+07
2.416412426191676036e+07
2.417071029264561459e+07
2.417290329025955126e+07
2.417251906147679314e+07
2.416728143808300421e+07
2.416271338046078011e+07
2.416395171134968847e+07
2.417119917584585771e+07
2.417217812536305562e+07
2.417186008182812110e+07
2.416907609498622268e+07
2.417297144350684434e+07
2.417434616510316357e+07
2.417095865540246293e+07
2.416304296931909397e+07
2.416498984010540321e+07
2.417104321945014969e+07
2.417712568421423063e+07
2.418568621407843381e+07
2.418860485082693771e+07
2.418194628371817619e+07
2.417928233947283775e+07
2.417653878805458918e+07
2.416667173200023919e+07
2.415892242226374522e+07
2.415571254433163628e+07
2.415639835055427626e+07
2.415653942214681953e+07
2.416172338931174949e+07
2.417220216264563799e+07
2.417347547428600863e+07
2.417282367408909276e+07
2.417683207906311750e+07
2.418004461267863587e+07
2.418032346839901060e+07
2.417725602974366769e+07
2.417109063864811510e+07
2.416507073213377595e+07
2.416170425106531009e+07
2.416185352334768698e+07
2.416553728275271878e+07
2.417100726291478798e+07
2.417443059711070731e+07
2.417818156313671917e+07
2.419006382238800451e+07
2.420238225914449245e+07
2.421024486163837463e+07
2.420995110557594523e+07
2.419873522728275880e+07
2.419133790724995360e+07
2.418417525937284902e+07
2.418580102300111204e+07
2.419603109085614234e+07
2.420309809122564271e+07
2.419851472280640528e+07
2.419094895179731771e+07
2.418356267410500720e+07
2.417578167274671793e+07
2.417051724945018068e+07
2.417141342162157968e+07
2.417710066357196122e+07
2.418005146350520104e+07
2.418017688467139006e+07
