7.980224541559597850e+07
7.980365853949910402e+07
7.980385425679197907e+07
7.980440843719625473e+07
7.980468092410004139e+07
7.980521598914375901e+07
7.980567891263200343e+07
7.980636499253875017e+07
7.980662337483854592e+07
7.980669043097345531e+07
7.980659890140190721e+07
7.980623777647672594e+07
7.980596806606642902e+07
7.980510969995087385e+07
7.980355290590396523e+07
7.980196390202899277e+07
7.980039384822064638e+07
7.979902855659888685e+07
7.979794860708710551e+07
7.979746051282462478e+07
7.979743146975120902e+07
7.979786668828326464e+07
7.979847542193515599e+07
7.979928271711260080e+07
7.980015307135187089e+07
7.980094519420616329e+07
7.980154556950116158e+07
7.980191258982957900e+07
7.980228625062324107e+07
7.980256654868333042e+07
7.980293868281520903e+07
7.980358529959343374e+07
7.980441968336044252e+07
7.980513483404970169e+07
7.980541376212273538e+07
7.980537866923634708e+07
7.980489164488130808e+07
7.980425898966389894e+07
7.980346035313589871e+07
7.980249311564876139e+07
7.980141348978617787e+07
7.980012239823299646e+07
7.979881627087894082e+07
7.979792350659835339e+07
7.979738563463850319e+07
7.979742997979137301e+07
7.979793167134307325e+07
7.979887288091304898e+07
7.979999627111484110e+07
7.980123219698724151e+07
7.980214866464670002e+07
7.980284491528849304e+07
7.980327874342377484e+07
7.980358272667181492e+07
7.980371671440061927e+07
7.980364523076727986e+07
7.980347641201579571e+07
7.980348425606137514e+07
7.980366366403776407e+07
7.980401347973605990e+07
7.980444250517320633e+07
7.980468116237278283e+07
7.980470024161361158e+07
7.980439056409186125e+07
7.980351119519703090e+07
7.980206654762604833e+07
7.980033690487721562e+07
7.979854256477022171e+07
7.979694488967485726e+07
7.979586722768372297e+07
7.979569178338456154e+07
7.979630516757807136e+07
7.979763973082722723e+07
7.979936099333438277e+07
7.980093564969323575e+07
7.980206727900077403e+07
7.980285339978429675e+07
7.980308363749296963e+07
7.980270385906940699e+07
7.980199550367723405e+07
7.980120595393581688e+07
7.980077247881290317e+07
7.980093926395352185e+07
7.980166641763590276e+07
7.980267109786933661e+07
7.980364462178507447e+07
7.980419505087144673e+07
7.980404285906845331e+07
7.980326501531091332e+07
7.980169352686299384e+07
7.979971172171954811e+07
7.979767227874973416e+07
7.979597101507703960e+07
7.979494850175222754e+07
7.979486188649779558e+07
7.979565336849954724e+07
7.979737735869733989e+07
7.979956489483313262e+07
7.980151511462049186e+07
7.980313876287293434e+07
7.980395950395046175e+07
7.980406942155869305e+07
7.980362069220948219e+07
7.980316675512079895e+07
7.980268620545677841e+07
7.980227331748066843e+07
7.980240610915054381e+07
7.980306967282508314e+07
7.980408558215603232e+07
7.980527618191163242e+07
7.980628634533117712e+07
7.980673832198551297e+07
7.980649350666069984e+07
7.980534652409896255e+07
7.980355879236385226e+07
7.980119844060169160e+07
7.979886531908845901e+07
7.979709670194657147e+07
7.979617319981481135e+07
7.979632220522490144e+07
7.979752335903926194e+07
7.979953685481414199e+07
7.980193394840160012e+07
7.980409142435446382e+07
7.980573167060495913e+07
7.980662440258102119e+07
7.980663208962208033e+07
7.980627474906611443e+07
7.980573221844609082e+07
7.980503587358525395e+07
7.980466052184681594e+07
7.980462120201297104e+07
7.980499413272422552e+07
7.980595125938494503e+07
7.980730641158132255e+07
7.980832668471750617e+07
7.980865541964957118e+07
7.980801178216323256e+07
7.980663907254002988e+07
7.980472239540620148e+07
7.980232931706203520e+07
7.979985172050875425e+07
7.979780789649975300e+07
7.979662000772731006e+07
7.979656458918473125e+07
7.979752521552476287e+07
7.979922248605677485e+07
7.980124970055498183e+07
7.980312773958662152e+07
7.980423427428117394e+07
7.980437847285342216e+07
7.980354513622520864e+07
7.980206318212482333e+07
7.980039525629311800e+07
7.979893801207189262e+07
7.979810603078384697e+07
7.979825809993176162e+07
7.979938502866147459e+07
7.980159180222499371e+07
7.980424735221131146e+07
7.980661252349622548e+07
7.980791754960776865e+07
7.980792057800835371e+07
7.980681129937885702e+07
7.980539606989979744e+07
7.980400100930429995e+07
7.980270943430237472e+07
7.980167991660028696e+07
7.980123193475379050e+07
7.980153788325650990e+07
7.980262176219864190e+07
7.980416841079734266e+07
7.980560556586831808e+07
7.980652083736829460e+07
7.980650549601601064e+07
7.980577486486472189e+07
7.980446065066185594e+07
7.980290063751356304e+07
7.980157415625438094e+07
7.980067667620140314e+07
7.980035073509104550e+07
7.980104005955590308e+07
7.980251991390097141e+07
7.980445855652168393e+07
7.980653704731227458e+07
7.980778436098574102e+07
7.980802149065071344e+07
7.980713387337395549e+07
7.980542075508646667e+07
7.980344659277056158e+07
7.980179886369030178e+07
7.980045373578888178e+07
7.979992809341321886e+07
7.980048024073264003e+07
7.980149714059314132e+07
7.980316889681713283e+07
7.980491264795278013e+07
7.980657936540114880e+07
7.980774173424965143e+07
7.980759113590197265e+07
7.980604804374390841e+07
7.980376950663675368e+07
7.980159102891187370e+07
7.980008057043701410e+07
7.979905523221278191e+07
7.979870593093752861e+07
7.979941906890527904e+07
7.980083511006963253e+07
7.980261801611658931e+07
7.980453777141813934e+07
7.980624730058754981e+07
7.980720718734689057e+07
7.980743101440197229e+07
7.980699816214291751e+07
7.980606890751920640e+07
7.980480873262117803e+07
7.980379584178993106e+07
7.980325258464470506e+07
7.980350318047037721e+07
7.980430812912425399e+07
7.980586160705401003e+07
7.980769653777346015e+07
7.980911084232860804e+07
7.980942519159711897e+07
7.980876101771806180e+07
7.980711306051315367e+07
7.980511501620309055e+07
7.980301324296425283e+07
7.980128322571612895e+07
7.980005255780498683e+07
7.979986059972009063e+07
7.980028605353558064e+07
7.980109942123006284e+07
7.980195197021432221e+07
7.980280655970086157e+07
7.980298159552252293e+07
7.980286686068919301e+07
7.980206083078309894e+07
7.980127902376221120e+07
7.980001336051580310e+07
7.980079841764523089e+07
7.979977523527467251e+07
7.980068615987959504e+07
7.980178956350746751e+07
7.980347413726434112e+07
7.980498382496234775e+07
7.980642029167114198e+07
7.980694628418712318e+07
7.980650005137316883e+07
7.980490383930857480e+07
7.980286917963646352e+07
7.980076666893911362e+07
7.979907554428772628e+07
7.979784890650643408e+07
7.979728951032851636e+07
7.979741061825673282e+07
7.979819914950312674e+07
7.979937175708708167e+07
7.980080519015896320e+07
7.980186010045266151e+07
7.980242546026973426e+07
7.980248069398476183e+07
7.980207240686164796e+07
7.980145096032808721e+07
7.980091500104956329e+07
7.980065658954919875e+07
7.980089756501640379e+07
7.980163339093185961e+07
7.980271382693544030e+07
7.980392855850867927e+07
7.980498308400538564e+07
7.980558329912999272e+07
7.980546136233045161e+07
7.980465148290410638e+07
7.980336998016037047e+07
7.980170511894972622e+07
7.979988012278687954e+07
7.979823883433412015e+07
7.979707430182658136e+07
7.979652334062199295e+07
7.979657146435976028e+07
7.979702543766821921e+07
7.979776432889392972e+07
7.979867587773065269e+07
7.979953407892377675e+07
7.980005007669134438e+07
7.980031797712330520e+07
7.980035327586793900e+07
7.980042965036892891e+07
7.980069571544553339e+07
7.980108055146610737e+07
7.980175495557208359e+07
7.980258134038802981e+07
7.980345218434071541e+07
7.980427100062671304e+07
7.980491534788933396e+07
7.980511867048978806e+07
7.980469348752580583e+07
7.980375222608803213e+07
7.980261958640660346e+07
7.980128209968516231e+07
7.980002432047201693e+07
7.979908447664816678e+07
7.979849497912903130e+07
7.979812021043540537e+07
7.979810185398960114e+07
7.979833671339070797e+07
7.979898194974510372e+07
7.979965433134196699e+07
7.980025257585696876e+07
7.980077932732450962e+07
7.980121927765356004e+07
7.980162837801253796e+07
7.980205409134256840e+07
7.980247275744579732e+07
7.980294089233922958e+07
7.980361424493202567e+07
7.980443588808760047e+07
7.980521240379522741e+07
7.980606693642799556e+07
7.980681803533942997e+07
7.980752627903650701e+07
7.980787960160075128e+07
7.980788155128571391e+07
7.980735459147505462e+07
7.980654404445450008e+07
7.980547028117442131e+07
7.980437282317402959e+07
7.980332654634940624e+07
7.980242575405454636e+07
7.980152606681239605e+07
7.980104135920818150e+07
7.980066852931751311e+07
7.980083625487782061e+07
7.980091685291635990e+07
7.980158873633880913e+07
