7.509828003909043036e+06
7.510761174576937221e+06
7.511172363866420463e+06
7.511531570627475157e+06
7.511761931279363111e+06
7.512027410016257316e+06
7.512294577131533064e+06
7.512442710120763630e+06
7.512479317954097874e+06
7.512422865595609881e+06
7.512212989031625912e+06
7.511665447502069175e+06
7.510872999348050915e+06
7.509992929176124744e+06
7.508812874323523603e+06
7.507699732969899662e+06
7.506494889854227193e+06
7.505481397882645950e+06
7.504698455286241136e+06
7.504487397833842784e+06
7.504794818400377408e+06
7.505601348837990314e+06
7.506779223356897943e+06
7.508223228621357121e+06
7.509631315772436559e+06
7.510919779731939547e+06
7.511746663534953259e+06
7.512254440053241327e+06
7.512466046797761694e+06
7.512362971158758737e+06
7.512227141532243229e+06
7.512150582557017915e+06
7.512109245004869998e+06
7.512143577850996517e+06
7.512344245163446292e+06
7.512334999867103994e+06
7.512075079206624068e+06
7.511621464686865918e+06
7.510805373471949250e+06
7.509565502632638440e+06
7.508009677712331526e+06
7.506362391325843520e+06
7.504936424502303824e+06
7.504007893212534487e+06
7.503712970519362018e+06
7.504125951425054111e+06
7.505270895304258913e+06
7.506925081301393919e+06
7.508739709112255834e+06
7.510546244458726607e+06
7.511865093694641255e+06
7.512646435855769552e+06
7.512931291667811573e+06
7.512676146148554049e+06
7.512155839337086305e+06
7.511596290975010954e+06
7.511180171685414389e+06
7.511209598152660765e+06
7.511639137459652498e+06
7.512098755533772521e+06
7.512517570268198848e+06
7.512682551807776093e+06
7.512391371991635300e+06
7.511444598362662829e+06
7.509881969851579517e+06
7.507838949842729606e+06
7.505674567305249162e+06
7.503913278717102483e+06
7.502808186753449962e+06
7.502538516038457863e+06
7.503299145003475249e+06
7.504870409830182791e+06
7.507079516805299558e+06
7.509336940102523193e+06
7.511260576274332590e+06
7.512459705258140340e+06
7.513034537806549110e+06
7.512853551449508406e+06
7.512119911328454502e+06
7.511208406060093082e+06
7.510404888028561138e+06
7.510068980929187499e+06
7.510314273094404489e+06
7.511128463277978823e+06
7.512077284925026819e+06
7.512905845179866999e+06
7.513417587274966761e+06
7.513036186690358445e+06
7.511877469634551555e+06
7.509801560261553153e+06
7.507284487906035036e+06
7.504837873932731338e+06
7.502862880970194004e+06
7.501883582686208189e+06
7.502017446688406169e+06
7.503195573559653014e+06
7.505291206609340385e+06
7.507838853738266043e+06
7.510178829787427559e+06
7.512049688437187113e+06
7.513066329124217853e+06
7.513128122395718470e+06
7.512308097231244668e+06
7.511090589976814575e+06
7.509784195808302611e+06
7.508909730611417443e+06
7.508931199014518410e+06
7.509687019493798725e+06
7.510930111857094802e+06
7.512475858745227568e+06
7.513742759664236568e+06
7.514282624893518165e+06
7.513759111967406236e+06
7.512114383073417470e+06
7.509696834917630069e+06
7.506863848067848012e+06
7.504310348115596920e+06
7.502500777295485139e+06
7.501796837614854798e+06
7.502360438119649887e+06
7.504053322498198599e+06
7.506598043647801504e+06
7.509235792375631630e+06
7.511598991927117109e+06
7.513121032161279581e+06
7.513499532589841634e+06
7.512812768001317978e+06
7.511390694404028356e+06
7.509644229521391913e+06
7.508122685303532518e+06
7.507453391267389990e+06
7.507833329252761789e+06
7.509053715651731007e+06
7.510839714094241150e+06
7.512871299929776229e+06
7.514312634818889201e+06
7.514823206250487827e+06
7.513940233091446571e+06
7.512028638877028599e+06
7.509290319774204865e+06
7.506374168941709213e+06
7.503906079308270477e+06
7.502420188126481138e+06
7.502222208526003174e+06
7.503418896219694056e+06
7.505622131365345791e+06
7.508264630764590576e+06
7.510846382000111975e+06
7.512773750692144036e+06
7.513660319128789939e+06
7.513304185840941966e+06
7.511916746288952418e+06
7.509937367722608149e+06
7.507856031178422272e+06
7.506459944376387633e+06
7.506098331212697551e+06
7.506817864401016384e+06
7.508569831940944307e+06
7.510997888135530055e+06
7.513189357271193527e+06
7.514670694895688444e+06
7.514879871813852340e+06
7.513900730052875355e+06
7.511789264071193524e+06
7.509081027899180539e+06
7.506389888520108536e+06
7.504283649033971131e+06
7.503303540240434930e+06
7.503697944804195315e+06
7.505309734977141954e+06
7.507598292502338998e+06
7.510224487186043523e+06
7.512501462505531497e+06
7.513866606268071570e+06
7.513844805365878157e+06
7.512781855424363166e+06
7.510800796732372604e+06
7.508351862669545226e+06
7.506251478950914927e+06
7.505092693337095901e+06
7.504981692366537638e+06
7.506173194008448161e+06
7.508373543345963582e+06
7.510983055158901960e+06
7.513200711128153838e+06
7.514509621039214544e+06
7.514571716205933131e+06
7.513484135175124742e+06
7.511450974565065466e+06
7.509093981641366147e+06
7.506830404060809873e+06
7.505421923435955308e+06
7.505721700514761731e+06
7.506046365377152339e+06
7.507912370752966031e+06
7.510265835067682900e+06
7.512558209220118821e+06
7.514072653119873255e+06
7.514495657689308748e+06
7.513832351963057183e+06
7.512003966440177523e+06
7.509532924338882789e+06
7.507088742691065185e+06
7.505047044478329830e+06
7.504077555967159569e+06
7.504401102330865338e+06
7.506043673305838369e+06
7.508387354189492762e+06
7.510865777035824023e+06
7.512867343952971511e+06
7.513855316185455769e+06
7.513589137893478386e+06
7.512487191382236779e+06
7.510819461682638153e+06
7.508882618648606353e+06
7.507360731595982797e+06
7.506651948508071713e+06
7.506979580000421964e+06
7.508324151139753871e+06
7.510170032597804442e+06
7.512203047334217466e+06
7.513882648410057649e+06
7.514677465015904047e+06
7.514320380182271823e+06
7.512993175930281170e+06
7.510680170654351823e+06
7.508078742474011146e+06
7.505691710264740512e+06
7.503991484292977490e+06
7.503294731540067121e+06
7.504027583243245259e+06
7.505779492382236756e+06
7.507942907066686079e+06
7.510108815571726300e+06
7.511798425175515004e+06
7.512525155446011573e+06
7.512485705668334849e+06
7.511506123422702774e+06
7.510360378138381056e+06
7.508999028917689808e+06
7.509090794967389666e+06
7.508253629651309922e+06
7.509218654943389818e+06
7.510513214401105419e+06
7.512381646952862851e+06
7.513888630835102871e+06
7.514920712702016346e+06
7.514957412343422882e+06
7.513983365496857092e+06
7.511968429286228493e+06
7.509637264272800647e+06
7.507264526623837650e+06
7.505144586731979623e+06
7.503757388273469172e+06
7.503559229083128273e+06
7.504407700059123337e+06
7.505934090116523206e+06
7.507729672044907697e+06
7.509553305092628114e+06
7.510760045434149913e+06
7.511322365508688614e+06
7.511228890624416992e+06
7.510651653561231680e+06
7.509946125645413063e+06
7.509471615197888575e+06
7.509484890959768556e+06
7.509954370579234324e+06
7.510940350052239373e+06
7.512300494038487785e+06
7.513695803530804813e+06
7.514655847703731619e+06
7.514953746153818443e+06
7.514428276470414363e+06
7.513058485689745285e+06
7.511186078915012069e+06
7.509031447708097287e+06
7.506847818580531515e+06
7.505119885964071378e+06
7.504161189668962732e+06
7.504139999485074542e+06
7.504873913093392737e+06
7.505940268802939914e+06
7.507269257908606902e+06
7.508546743843025528e+06
7.509616989595065825e+06
7.510154160192445852e+06
7.510361247471608222e+06
7.510287624615849927e+06
7.510285357867491432e+06
7.510470840036272071e+06
7.510732970024771057e+06
7.511424151940451004e+06
7.512397232884374447e+06
7.513371294178796932e+06
7.514208171509948559e+06
7.514623971602271311e+06
7.514438245939952321e+06
7.513660138803720474e+06
7.512306447397476994e+06
7.510741723655966111e+06
7.508907188885254785e+06
7.507199257653365843e+06
7.505865047832345590e+06
7.505078315338911489e+06
7.504824599491471425e+06
7.505118971530950628e+06
7.505698945885846391e+06
7.506608242929137312e+06
7.507672575487080030e+06
7.508680663405554369e+06
7.509475459064612165e+06
7.510016231966099702e+06
7.510530484324520454e+06
7.511018572111768648e+06
7.511446650399589911e+06
7.511900903923620470e+06
7.512451215527003631e+06
7.513076002069011331e+06
7.513556938110463321e+06
7.513910385962662287e+06
7.513924627833219245e+06
7.513611315765173174e+06
7.512954792089232244e+06
7.512025320575939491e+06
7.510798142644797452e+06
7.509457313938102685e+06
7.508056867388126440e+06
7.506813595963351429e+06
7.505766100335417315e+06
7.505223436949617229e+06
7.504986926785225049e+06
7.505331329946634360e+06
7.505899589460628107e+06
7.506977928995427676e+06
7.507906056730554439e+06
7.509223838979334570e+06
