2.471085227629482001e+07
2.471057881322272122e+07
2.471135736577913538e+07
2.471145571977051720e+07
2.471189778305452690e+07
2.471223590021810308e+07
2.471302946091968566e+07
2.471325566094773635e+07
2.471325474689189717e+07
2.471290650587048009e+07
2.471248930255559459e+07
2.471157423046601564e+07
2.471046373598283902e+07
2.470944201420399919e+07
2.470842656341652945e+07
2.470730178247360140e+07
2.470634514110640809e+07
2.470567164693030715e+07
2.470544418380662054e+07
2.470563383576076478e+07
2.470628293995548785e+07
2.470720618346615881e+07
2.470843611103270575e+07
2.470993029142883420e+07
2.471146578609701619e+07
2.471257253918667510e+07
2.471336470333242044e+07
2.471386085773344710e+07
2.471421926448293030e+07
2.471432538003595918e+07
2.471440234770080447e+07
2.471447177638254315e+07
2.471460348248386756e+07
2.471479675139882043e+07
2.471513027648771182e+07
2.471512202054907754e+07
2.471484266423926875e+07
2.471429649441051483e+07
2.471327121158644557e+07
2.471177619144520909e+07
2.471010100555674359e+07
2.470860994430403039e+07
2.470737443876168877e+07
2.470653984061801061e+07
2.470649136361638084e+07
2.470706020315315947e+07
2.470847581024586037e+07
2.471020648315132409e+07
2.471179864107771963e+07
2.471319649320828915e+07
2.471404715316730365e+07
2.471446294496474788e+07
2.471453762106160074e+07
2.471428174810220674e+07
2.471376321823028103e+07
2.471333732202848047e+07
2.471317000576064363e+07
2.471328314535612985e+07
2.471367854614094272e+07
2.471405614163775742e+07
2.471416543816516548e+07
2.471398371440083906e+07
2.471343839310431853e+07
2.471231781520947069e+07
2.471078166243821755e+07
2.470879873856438324e+07
2.470690230003009364e+07
2.470552809010049328e+07
2.470497941349221021e+07
2.470516461764338985e+07
2.470608962993467599e+07
2.470776005009847879e+07
2.470965563395862281e+07
2.471156818418592960e+07
2.471305156967440620e+07
2.471394090448144823e+07
2.471428919772198051e+07
2.471396686381112039e+07
2.471330280660651252e+07
2.471265917323248833e+07
2.471231274473935738e+07
2.471232405765093490e+07
2.471274045554691181e+07
2.471351810120404139e+07
2.471417716944191977e+07
2.471457630027052015e+07
2.471453577725634724e+07
2.471367929944004864e+07
2.471203858197734877e+07
2.470988188535830006e+07
2.470764356433488056e+07
2.470573342552389577e+07
2.470449201178668812e+07
2.470423799675485119e+07
2.470500046676509082e+07
2.470652337410710007e+07
2.470874679454568028e+07
2.471109444684354961e+07
2.471292892039524391e+07
2.471421082665844634e+07
2.471475268368676677e+07
2.471453732248803973e+07
2.471364352389166877e+07
2.471249108768732846e+07
2.471151017393850163e+07
2.471112291909258068e+07
2.471157720318764076e+07
2.471263812464814261e+07
2.471391897273865715e+07
2.471535489957043156e+07
2.471644798095369339e+07
2.471666289346556738e+07
2.471569567312608659e+07
2.471369940638260916e+07
2.471101432625750825e+07
2.470824595383277535e+07
2.470609045615578070e+07
2.470490468962227926e+07
2.470478078670702502e+07
2.470593084581444040e+07
2.470801412369826436e+07
2.471055527461745217e+07
2.471291113241364434e+07
2.471489453541486710e+07
2.471591933248530328e+07
2.471604605638401583e+07
2.471536667420458049e+07
2.471438904603800923e+07
2.471320842679452151e+07
2.471234524045411870e+07
2.471220886395376176e+07
2.471286378824039176e+07
2.471421371374848112e+07
2.471594730661668628e+07
2.471763562348833680e+07
2.471858767846953124e+07
2.471812835555212572e+07
2.471648053420228884e+07
2.471408888116163760e+07
2.471109877577345446e+07
2.470838115929511562e+07
2.470639686234145612e+07
2.470545799981741607e+07
2.470577244115779549e+07
2.470741116483870894e+07
2.470981289359315857e+07
2.471228740980708972e+07
2.471451605406127125e+07
2.471594120591251925e+07
2.471625123608424142e+07
2.471547077893006802e+07
2.471397606658288091e+07
2.471204516295284033e+07
2.471037987647318095e+07
2.470960539900375530e+07
2.470972728544234112e+07
2.471067148951634020e+07
2.471243381874611974e+07
2.471451794566590339e+07
2.471601067043156177e+07
2.471646110242851451e+07
2.471587032139056176e+07
2.471424046876880527e+07
2.471180524803346768e+07
2.470915261113874242e+07
2.470688455340586230e+07
2.470534783080481365e+07
2.470492799942044169e+07
2.470582513393118232e+07
2.470774408156313747e+07
2.471002245294100791e+07
2.471244870189760625e+07
2.471427390171752870e+07
2.471505033786584809e+07
2.471460089579163864e+07
2.471330968713914230e+07
2.471128066756112128e+07
2.470914343059374765e+07
2.470760249908765033e+07
2.470701829533835500e+07
2.470743723255005479e+07
2.470902750902086869e+07
2.471135725397885218e+07
2.471380590730552748e+07
2.471558880521800369e+07
2.471639623731303215e+07
2.471595482527678087e+07
2.471453253307673335e+07
2.471241796180943027e+07
2.471035070469226316e+07
2.470853792096443847e+07
2.470794856714113057e+07
2.470913953291528672e+07
2.470953396774328500e+07
2.471180114793112874e+07
2.471402829877504706e+07
2.471614349712278321e+07
2.471727458275770396e+07
2.471728743699620664e+07
2.471610581617902964e+07
2.471405238033419847e+07
2.471155091380333155e+07
2.470937006561022252e+07
2.470789315195931494e+07
2.470743088225332648e+07
2.470819005876962841e+07
2.471009528629302979e+07
2.471235291350774094e+07
2.471450918754281104e+07
2.471602659472526237e+07
2.471645130289877579e+07
2.471572616357088834e+07
2.471436600588950142e+07
2.471273106956553459e+07
2.471111108298350126e+07
2.470998531841231883e+07
2.470981071924018115e+07
2.471063743010164797e+07
2.471220086204455048e+07
2.471419279267666116e+07
2.471602905678646266e+07
2.471729643533896655e+07
2.471750196852987260e+07
2.471667254953055456e+07
2.471495041510042921e+07
2.471267796098940820e+07
2.471025160390760750e+07
2.470831704878966883e+07
2.470714138339460641e+07
2.470705020201455057e+07
2.470814363415170833e+07
2.471011485739030316e+07
2.471218332590698078e+07
2.471416671234398708e+07
2.471542888933104649e+07
2.471587939529787749e+07
2.471547656079168618e+07
2.471468319004164636e+07
2.471334632205084711e+07
2.471278749579019472e+07
2.471307198968775943e+07
2.471263842529526725e+07
2.471379102151095867e+07
2.471518067506299168e+07
2.471691075349790603e+07
2.471812643446928635e+07
2.471875520921393484e+07
2.471841382625923678e+07
2.471711576018748805e+07
2.471489721391549334e+07
2.471265100340113044e+07
2.471059879590103030e+07
2.470895192355920002e+07
2.470818392078708857e+07
2.470844633339106292e+07
2.470958231472959742e+07
2.471119086935586110e+07
2.471291274517085031e+07
2.471439771265752241e+07
2.471532809960108623e+07
2.471552827341102436e+07
2.471528638063422963e+07
2.471470387306922674e+07
2.471423798667731136e+07
2.471432242496448755e+07
2.471455359256758541e+07
2.471518981854126602e+07
2.471621217523660511e+07
2.471754125246881694e+07
2.471878880878768116e+07
2.471975048934521899e+07
2.471982253459510580e+07
2.471886611310198531e+07
2.471713426516590267e+07
2.471503694948588684e+07
2.471275772968437523e+07
2.471068149608809873e+07
2.470915205522127822e+07
2.470853594867557287e+07
2.470883622606609389e+07
2.470974846497569606e+07
2.471091412042286247e+07
2.471232305196814612e+07
2.471345579891567305e+07
2.471420866477460414e+07
2.471450247284569964e+07
2.471444785293188691e+07
2.471433388407628983e+07
2.471441974371477216e+07
2.471476324245135114e+07
2.471531311730828509e+07
2.471612224446246773e+07
2.471712382352073863e+07
2.471812081834236532e+07
2.471886675469719246e+07
2.471913955398366600e+07
2.471874928884554282e+07
2.471758648480993509e+07
2.471602026548982784e+07
2.471439664354810491e+07
2.471267934858629107e+07
2.471118304567828029e+07
2.471010176932913437e+07
2.470963395662730187e+07
2.470969873068913817e+07
2.471021333740726113e+07
2.471113577973901108e+07
2.471231520174631104e+07
2.471349888474454358e+07
2.471430760417967290e+07
2.471473762642545626e+07
2.471510913150572032e+07
2.471547630987286195e+07
2.471591297297343612e+07
2.471629682795092463e+07
2.471695239210965857e+07
2.471773905547802895e+07
2.471852865181651339e+07
2.471914722478298470e+07
2.471952051030778512e+07
2.471947957560551539e+07
2.471897119638253376e+07
2.471800693733061105e+07
2.471685251619030908e+07
2.471545714333008602e+07
2.471400331767269596e+07
2.471248386658824235e+07
2.471121978408898786e+07
2.471029830152706057e+07
2.470993116758283600e+07
2.470995195845973864e+07
2.471033949316770211e+07
2.471084834968948737e+07
2.471170500718972087e+07
2.471236202257017419e+07
2.471329138697099686e+07
