6.059785276411648840e+07
6.060038727225105464e+07
6.060168704888297617e+07
6.060097699240086973e+07
6.059886744736324996e+07
6.059715793544588983e+07
6.059551625530729443e+07
6.059464949139727652e+07
6.059371035576933622e+07
6.059306788511553407e+07
6.059262253956931829e+07
6.059239697073884308e+07
6.059190252692593634e+07
6.059129261617773771e+07
6.059063441134953499e+07
6.058990624692768604e+07
6.058929618241283298e+07
6.058896170727726072e+07
6.058852582237634063e+07
6.058820430102155358e+07
6.058813491906686872e+07
6.058833619265918434e+07
6.058891468720224500e+07
6.058995528148585558e+07
6.059105522551508248e+07
6.059215456574717164e+07
6.059378329971683770e+07
6.059488723488937318e+07
6.059553789954431355e+07
6.059605245681868494e+07
6.059645316332319379e+07
6.059687565212954581e+07
6.059728673220853508e+07
6.059775044048921019e+07
6.059800682666809112e+07
6.059785631180371344e+07
6.059723308868739754e+07
6.059669125936211646e+07
6.059587805514612794e+07
6.059460989148412645e+07
6.059329954816425592e+07
6.059213437998904288e+07
6.059083046274040639e+07
6.058968961198168248e+07
6.058880985865215212e+07
6.058827547168799490e+07
6.058832224214559048e+07
6.058899233250983059e+07
6.059035173860292137e+07
6.059175659574429691e+07
6.059276017086035013e+07
6.059347983591379970e+07
6.059395340720906109e+07
6.059373145897892118e+07
6.059309647110800445e+07
6.059231755562704802e+07
6.059166685543723404e+07
6.059140095116588473e+07
6.059149976227162033e+07
6.059200424875912815e+07
6.059301368731361628e+07
6.059397935613079369e+07
6.059449327377768606e+07
6.059430117143945396e+07
6.059341916565693170e+07
6.059189544273136556e+07
6.059009486487996578e+07
6.058868093264923245e+07
6.058759471088851988e+07
6.058715633319488913e+07
6.058766705034413934e+07
6.058907519904265553e+07
6.059115271867121011e+07
6.059372583777215332e+07
6.059671833584251255e+07
6.059953881434620172e+07
6.060098847474508733e+07
6.060095374547716975e+07
6.060016726938119531e+07
6.059921776617559791e+07
6.059912291713153571e+07
6.059954248202075064e+07
6.060043511936969310e+07
6.060164196509671956e+07
6.060291011891088635e+07
6.060385055062809587e+07
6.060507538744182885e+07
6.060568355368143320e+07
6.060487763311888278e+07
6.060270366245884448e+07
6.059915074085990340e+07
6.059568064322180301e+07
6.059281432178249955e+07
6.059072222498721629e+07
6.058964022055665404e+07
6.058953098181905597e+07
6.059009269235321879e+07
6.059120352058463544e+07
6.059243852982877940e+07
6.059335594270418584e+07
6.059408325430185348e+07
6.059462420150527358e+07
6.059497903729742765e+07
6.059531563746027648e+07
6.059538856166353822e+07
6.059572477622781694e+07
6.059644306715188920e+07
6.059720588963201642e+07
6.059809538163794577e+07
6.059875541241368651e+07
6.059897777170644701e+07
6.059886271186705679e+07
6.059814097141972929e+07
6.059717403553633392e+07
6.059618067067712545e+07
6.059452988745913655e+07
6.059301140984137356e+07
6.059161108498988301e+07
6.059063550854268670e+07
6.059063746623660624e+07
6.059147617221901566e+07
6.059309622918813676e+07
6.059529454295574874e+07
6.059728120086446404e+07
6.059897723502324522e+07
6.060057754481331259e+07
6.060177067814023793e+07
6.060261379137724638e+07
6.060239715814084560e+07
6.060088690558372438e+07
6.059938897233956307e+07
6.059874647600439191e+07
6.059900171277658641e+07
6.059961971437247843e+07
6.060060991597096622e+07
6.060209005812454224e+07
6.060398016411522031e+07
6.060429773670703173e+07
6.060290425820828229e+07
6.059987289176228642e+07
6.059629455047927797e+07
6.059327750382356346e+07
6.059145785632707179e+07
6.059130574940080196e+07
6.059260214051411301e+07
6.059462916243260354e+07
6.059681016077554226e+07
6.059812731440623105e+07
6.059900697588180751e+07
6.059957208694390208e+07
6.059979460808178037e+07
6.059942132493992150e+07
6.059825716623936594e+07
6.059594838019206375e+07
6.059369913084179163e+07
6.059233457560899854e+07
6.059285486383015662e+07
6.059453098093102127e+07
6.059658864503024518e+07
6.059878927137549967e+07
6.060129310329540819e+07
6.060375521301688254e+07
6.060463970450323075e+07
6.060297335717158765e+07
6.059997080939872563e+07
6.059669935091112554e+07
6.059385538411797583e+07
6.059207006399381161e+07
6.059163232937895507e+07
6.059239470266412944e+07
6.059465333081180602e+07
6.059826820573657006e+07
6.060203218253776431e+07
6.060459284227884561e+07
6.060507959787872434e+07
6.060373033274927735e+07
6.060166318968179822e+07
6.059959476918622106e+07
6.059902203882961720e+07
6.059867372836685926e+07
6.059756072637630999e+07
6.059695434908678383e+07
6.059734662787078321e+07
6.059820312253031135e+07
6.059962607063528150e+07
6.060168669832756370e+07
6.060313707175095379e+07
6.060246380023267865e+07
6.060061860420288891e+07
6.059821509590615332e+07
6.059632420554821938e+07
6.059515029085630924e+07
6.059544499201446772e+07
6.059770085532990843e+07
6.060041821747837961e+07
6.060328503275593370e+07
6.060585002810446918e+07
6.060684712646489590e+07
6.060687923716932535e+07
6.060676716554100811e+07
6.060536161307717115e+07
6.060325215271259099e+07
6.060054440897448361e+07
6.059759346180749685e+07
6.059524941393648088e+07
6.059364468478494883e+07
6.059317356657401472e+07
6.059417063647303730e+07
6.059630180433039367e+07
6.059885461442820728e+07
6.060167617328192294e+07
6.060251499264734983e+07
6.060156825498305261e+07
6.059998508034940809e+07
6.059877398877262324e+07
6.059731823300728947e+07
6.059579375420726091e+07
6.059479466146105528e+07
6.059449505136334896e+07
6.059459868247055262e+07
6.059535408920825273e+07
6.059620973575623333e+07
6.059720700256176293e+07
6.059923037378755212e+07
6.060032045025272667e+07
6.059923637731511146e+07
6.059761222100225836e+07
6.059572847960547358e+07
6.059427150217601657e+07
6.059344929233088344e+07
6.059412219196871668e+07
6.059616906886396557e+07
6.059853013703931123e+07
6.060009090508405864e+07
6.060139962377705425e+07
6.060175511492009461e+07
6.060108093145352602e+07
6.059939845488092303e+07
6.059809678023427725e+07
6.059605646769842505e+07
6.059864235451775789e+07
6.059437466826893389e+07
6.059656066310562193e+07
6.059720560749244690e+07
6.059979225386269391e+07
6.060243450980240107e+07
6.060525633946330100e+07
6.060633645203437656e+07
6.060652705867477506e+07
6.060487227087309211e+07
6.060265401652644575e+07
6.060024719726201147e+07
6.059887914082221687e+07
6.059854375830026716e+07
6.059841238555663079e+07
6.059772673858604580e+07
6.059723961947427690e+07
6.059684115841739625e+07
6.059689394748910517e+07
6.059678119040067494e+07
6.059723186832948029e+07
6.059757032965946943e+07
6.059816468427152187e+07
6.059883609324830025e+07
6.059921133682166040e+07
6.059940038497577608e+07
6.059978867639875412e+07
6.060028160579749197e+07
6.060104560492869467e+07
6.060187527486249059e+07
6.060296268532504886e+07
6.060356940839848667e+07
6.060338379045828432e+07
6.060250083278181404e+07
6.060163594720795006e+07
6.060041809304045886e+07
6.059897620866370201e+07
6.059790849620186538e+07
6.059686834757681936e+07
6.059559257840076834e+07
6.059427829184991121e+07
6.059377090094331652e+07
6.059519504693646729e+07
6.059763862132029980e+07
6.059928196513817459e+07
6.059990720908131450e+07
6.059980222821135074e+07
6.059982061936187744e+07
6.060040844670815021e+07
6.060135490126001090e+07
6.060185606834464520e+07
6.060148023837948591e+07
6.060062682166134566e+07
6.059982310114853829e+07
6.059945962688849121e+07
6.059961415766113997e+07
6.060013191080770642e+07
6.060060214788231999e+07
6.060141200852018595e+07
6.060136586153132468e+07
6.060048148057864606e+07
6.059907791163098067e+07
6.059757400933694094e+07
6.059684961332475394e+07
6.059689559489707649e+07
6.059761815725565702e+07
6.059885176318728924e+07
6.060032515799026191e+07
6.060110980706574768e+07
6.060130821969257295e+07
6.060112372290263325e+07
6.060065448122560233e+07
6.060024881578054279e+07
6.060050071696508676e+07
6.060134112569715083e+07
6.060240290834593028e+07
6.060366132262808830e+07
6.060433303090921789e+07
6.060407196226184070e+07
6.060378344740968943e+07
6.060288483437830955e+07
6.060187749241606146e+07
6.060048373148386180e+07
6.059956826827506721e+07
6.059879178407410532e+07
6.059849639097892493e+07
6.059794779020706564e+07
6.059752669026110321e+07
6.059697134440075606e+07
6.059745480888964236e+07
6.059749467423031479e+07
6.059773837561135739e+07
6.059739584296153486e+07
6.059853802500384301e+07
6.059948360554149002e+07
6.060182824612635374e+07
