2.822567046653496101e+07
2.822708427344411984e+07
2.822713632134156674e+07
2.822692941176513210e+07
2.822646579277424142e+07
2.822654876830526814e+07
2.822651517974274978e+07
2.822657295775070786e+07
2.822637470164563879e+07
2.822611034739796817e+07
2.822565317672602460e+07
2.822495822623148561e+07
2.822393818993520737e+07
2.822299915855549648e+07
2.822187259481412545e+07
2.822085207654801384e+07
2.821983550252540037e+07
2.821916526384295896e+07
2.821872218428196386e+07
2.821880971062633023e+07
2.821936171177091449e+07
2.822028540622700751e+07
2.822146889841764793e+07
2.822293934131155536e+07
2.822439994270636141e+07
2.822577289143456891e+07
2.822663005851984769e+07
2.822720986471391842e+07
2.822752644191991165e+07
2.822751250567592308e+07
2.822743378727234527e+07
2.822743480786450580e+07
2.822741463679894060e+07
2.822742245427796617e+07
2.822737058195355535e+07
2.822703052403076738e+07
2.822642594865890965e+07
2.822568546249998733e+07
2.822469711175034568e+07
2.822337913534671068e+07
2.822192734156157449e+07
2.822061278431938216e+07
2.821960164163328707e+07
2.821907294847990945e+07
2.821924882055788860e+07
2.822013353212504089e+07
2.822168647023304552e+07
2.822363312406222150e+07
2.822550623702957481e+07
2.822719818275288120e+07
2.822828215136875585e+07
2.822884867860642076e+07
2.822892213222774863e+07
2.822863840622679517e+07
2.822807457766387984e+07
2.822748656005936861e+07
2.822718588876542449e+07
2.822724112615419924e+07
2.822759927938739583e+07
2.822806427620831504e+07
2.822809182039067894e+07
2.822774209135348722e+07
2.822702268058983237e+07
2.822576673522692174e+07
2.822401675908277184e+07
2.822238998265594244e+07
2.822073513867207244e+07
2.821920735579729825e+07
2.821846854730455205e+07
2.821856228866444528e+07
2.821954338526898250e+07
2.822122794620602578e+07
2.822338026288592815e+07
2.822553441226588562e+07
2.822727582268450782e+07
2.822833917603982240e+07
2.822884162443960458e+07
2.822869028705839440e+07
2.822815457619648427e+07
2.822750218941536918e+07
2.822703143813459948e+07
2.822699693809850514e+07
2.822745353324785084e+07
2.822821603041204065e+07
2.822889558590330556e+07
2.822932964259408042e+07
2.822938646560578421e+07
2.822869838844799995e+07
2.822728580634961650e+07
2.822520809584540129e+07
2.822281219121791422e+07
2.822064263526323065e+07
2.821928584900071844e+07
2.821901190003731474e+07
2.821964814041751996e+07
2.822084815879108012e+07
2.822269353920774534e+07
2.822481109983277321e+07
2.822664943379272893e+07
2.822805318187305331e+07
2.822866783217747882e+07
2.822846845733239502e+07
2.822762384552552179e+07
2.822651269784341380e+07
2.822558395382774249e+07
2.822514125020089746e+07
2.822530691308267415e+07
2.822604870729800686e+07
2.822708820146732777e+07
2.822823995031369105e+07
2.822907494413602352e+07
2.822908207941573113e+07
2.822818372426104173e+07
2.822641222996478900e+07
2.822419561192765087e+07
2.822181480478205532e+07
2.821989246840424091e+07
2.821884479331612960e+07
2.821882054862221330e+07
2.821990793851717561e+07
2.822191172426657751e+07
2.822442098957701027e+07
2.822679625148672983e+07
2.822875514626219496e+07
2.822984347852922231e+07
2.822980755442616716e+07
2.822890244362377375e+07
2.822743948393197358e+07
2.822581001700396091e+07
2.822469868202567101e+07
2.822449388122797385e+07
2.822516103079295531e+07
2.822640049190687761e+07
2.822808055059742555e+07
2.822987980329637602e+07
2.823089675926486030e+07
2.823082077974093705e+07
2.822960369256803021e+07
2.822759907776895538e+07
2.822495593566760793e+07
2.822249716254583746e+07
2.822054634213804826e+07
2.821949314270664006e+07
2.821966487756485119e+07
2.822116144372430071e+07
2.822339484068788961e+07
2.822567567828503251e+07
2.822782006819228828e+07
2.822907188154221326e+07
2.822902113815844432e+07
2.822809768848108128e+07
2.822647118197382241e+07
2.822436098572982475e+07
2.822245128840957582e+07
2.822158244444448128e+07
2.822189198140813038e+07
2.822298306882644072e+07
2.822487940799682215e+07
2.822712743025562167e+07
2.822889909665638581e+07
2.822985307212470844e+07
2.822967208684298396e+07
2.822842221185990795e+07
2.822626524507556856e+07
2.822374023341514170e+07
2.822140176941099763e+07
2.821980763272064179e+07
2.821933437314262241e+07
2.822014770066753775e+07
2.822184118341098726e+07
2.822400460715406016e+07
2.822627826180303469e+07
2.822809512115366384e+07
2.822892568520547077e+07
2.822859565285063908e+07
2.822722238909904659e+07
2.822517635089207441e+07
2.822301835455620661e+07
2.822143445080804080e+07
2.822071210794727132e+07
2.822103189869193733e+07
2.822246769269824773e+07
2.822478665455728769e+07
2.822721697545933351e+07
2.822919740879614279e+07
2.823021374820401520e+07
2.823009255865243077e+07
2.822874417723068967e+07
2.822673340217362344e+07
2.822452893218916655e+07
2.822277264928200468e+07
2.822176485681411996e+07
2.822218201594284922e+07
2.822317429306366295e+07
2.822511740488408133e+07
2.822732538952152431e+07
2.822927503066667914e+07
2.823042502043223381e+07
2.823056249167155847e+07
2.822968446215036884e+07
2.822776054280522838e+07
2.822539323343823850e+07
2.822332889408196136e+07
2.822178455195081607e+07
2.822126495042598248e+07
2.822194611994364858e+07
2.822381546804826707e+07
2.822611125277086347e+07
2.822833675329002738e+07
2.822991021530817449e+07
2.823049510358687490e+07
2.822988212601080164e+07
2.822860970171261579e+07
2.822680731985054538e+07
2.822498967230854928e+07
2.822367019232551754e+07
2.822340855297727883e+07
2.822410195904329419e+07
2.822567962115763873e+07
2.822763419828756154e+07
2.822963363753603771e+07
2.823108624438680708e+07
2.823165049861332029e+07
2.823099990554235503e+07
2.822937303138573468e+07
2.822712519374674559e+07
2.822469198466128483e+07
2.822288488914557546e+07
2.822124878367404640e+07
2.822028970426433533e+07
2.822084034997187927e+07
2.822232397560816631e+07
2.822445924697776139e+07
2.822645019661140069e+07
2.822782320872960985e+07
2.822783643506786972e+07
2.822755002618831769e+07
2.822646020890066773e+07
2.822527603690796718e+07
2.822378048945006356e+07
2.822428324423665926e+07
2.822296644068389758e+07
2.822450016607246548e+07
2.822618243761423975e+07
2.822820407661502436e+07
2.822915727709490433e+07
2.822962864303104207e+07
2.822928692173952609e+07
2.822837310403800011e+07
2.822664596688966826e+07
2.822427612156989798e+07
2.822193755189871788e+07
2.822005732031826302e+07
2.821900635148450360e+07
2.821900753367039561e+07
2.822005190858920291e+07
2.822159857027228549e+07
2.822307635312167183e+07
2.822445539387958869e+07
2.822557503892931342e+07
2.822611528921935707e+07
2.822622826616189629e+07
2.822559913111099601e+07
2.822453254682239518e+07
2.822408820370429754e+07
2.822424663010251895e+07
2.822494091570429876e+07
2.822601881448097900e+07
2.822735251401806623e+07
2.822863299639892578e+07
2.822949891433848813e+07
2.822977054587659985e+07
2.822891684010900930e+07
2.822697876919040084e+07
2.822493534942839667e+07
2.822291267356321588e+07
2.822091860690002888e+07
2.821932252926205844e+07
2.821879199146477133e+07
2.821907470507870242e+07
2.821998346622722596e+07
2.822145106987839565e+07
2.822301140207630396e+07
2.822417593740158528e+07
2.822506273876234889e+07
2.822542420025740936e+07
2.822534818125445023e+07
2.822510372291772813e+07
2.822516258060254529e+07
2.822553632117848843e+07
2.822601246904048696e+07
2.822686709120061621e+07
2.822819123273097351e+07
2.822938182824308425e+07
2.823032031227571517e+07
2.823047519850936905e+07
2.822980827769517899e+07
2.822854401191746071e+07
2.822672572647301480e+07
2.822495025414666906e+07
2.822319729755324870e+07
2.822161369932191446e+07
2.822045156461601704e+07
2.821994348413166776e+07
2.822002295666443184e+07
2.822058603578780219e+07
2.822139553134692088e+07
2.822234495158702880e+07
2.822334318407257274e+07
2.822420710841738433e+07
2.822477649592458457e+07
2.822529687485921010e+07
2.822571268851629645e+07
2.822619736629659683e+07
2.822684990468404815e+07
2.822786071644663066e+07
2.822872533595263585e+07
2.822945208516540751e+07
2.822983146479765698e+07
2.823020455339195952e+07
2.823004186567982286e+07
2.822943491950565577e+07
2.822841141168970615e+07
2.822727474789517373e+07
2.822583719007051364e+07
2.822447810551112145e+07
2.822313794840009138e+07
2.822236830025414750e+07
2.822166650702997670e+07
2.822132141397248581e+07
2.822123838365525752e+07
2.822187498401412368e+07
2.822260299701262265e+07
2.822360212971737608e+07
2.822402929019206762e+07
2.822509546109461039e+07
