2.342912949038348719e+07
2.343079315201965719e+07
2.343109380150939897e+07
2.343173223300282285e+07
2.343197763566895574e+07
2.343219715384719893e+07
2.343227044963193685e+07
2.343235785510947928e+07
2.343230252093428001e+07
2.343228286244720966e+07
2.343216443623302877e+07
2.343158704327984899e+07
2.343063959455862269e+07
2.342955868699896708e+07
2.342827448053164035e+07
2.342702659777287766e+07
2.342574343734073639e+07
2.342453868902574852e+07
2.342364167876580358e+07
2.342328624646480009e+07
2.342348739412073046e+07
2.342427076871100068e+07
2.342549517428475246e+07
2.342691785091861710e+07
2.342830906059366837e+07
2.342954404851644114e+07
2.343042877509329095e+07
2.343103647463534772e+07
2.343125308733430132e+07
2.343096434274884313e+07
2.343061272573820129e+07
2.343039321733836830e+07
2.343032595259308070e+07
2.343032800181640312e+07
2.343038735353459418e+07
2.343028622797987983e+07
2.342997176284819096e+07
2.342957278987206146e+07
2.342898327334769815e+07
2.342795791281965747e+07
2.342654523475242406e+07
2.342487608177826181e+07
2.342350993561516330e+07
2.342258869473784417e+07
2.342227833850937337e+07
2.342265633279192075e+07
2.342377185248300806e+07
2.342534613368584961e+07
2.342712329669094086e+07
2.342898985917174071e+07
2.343061165941722319e+07
2.343171772827236354e+07
2.343241293080099672e+07
2.343234398729784042e+07
2.343182498326696828e+07
2.343128339188550413e+07
2.343085060072325543e+07
2.343087412364083901e+07
2.343110558579938114e+07
2.343089645646233484e+07
2.343067888783314079e+07
2.343029261160216853e+07
2.342975869444126263e+07
2.342888310497327521e+07
2.342743705274745449e+07
2.342553305172297731e+07
2.342338457833755016e+07
2.342175337022566795e+07
2.342090636935159191e+07
2.342078209691672400e+07
2.342168192654030025e+07
2.342348476666032895e+07
2.342533366689170152e+07
2.342689298902957514e+07
2.342826135457367823e+07
2.342899840489428863e+07
2.342926865484852716e+07
2.342883976571436971e+07
2.342802722380223870e+07
2.342706972333604097e+07
2.342622728487980738e+07
2.342581535224923119e+07
2.342605108557767421e+07
2.342682339536247030e+07
2.342783077488667890e+07
2.342870296791805327e+07
2.342920570082144812e+07
2.342875208356614038e+07
2.342757421461755037e+07
2.342567430404931679e+07
2.342349108081777766e+07
2.342111032582870498e+07
2.341917912598730624e+07
2.341821494760352001e+07
2.341860909327818081e+07
2.341991174819187820e+07
2.342199823070650920e+07
2.342435026445202902e+07
2.342683389721196145e+07
2.342886639552532881e+07
2.342991016761765629e+07
2.343010914823855832e+07
2.342929798636647686e+07
2.342795251353755593e+07
2.342646546848728135e+07
2.342553142480530217e+07
2.342572257708067447e+07
2.342675989346871525e+07
2.342818339373502880e+07
2.342987370574196056e+07
2.343132115002128482e+07
2.343181919355750829e+07
2.343122607264275476e+07
2.342938658621767908e+07
2.342667706050675735e+07
2.342359770385751501e+07
2.342096841637250781e+07
2.341920624553038552e+07
2.341857187549170852e+07
2.341908451841099933e+07
2.342072216844170913e+07
2.342305201345191896e+07
2.342571397289567441e+07
2.342812216956763715e+07
2.342982778104484454e+07
2.343045362309154868e+07
2.342992872759472579e+07
2.342848860783272982e+07
2.342699751884727180e+07
2.342566030847206339e+07
2.342497053577733040e+07
2.342515791313833371e+07
2.342612138691070303e+07
2.342770243593084440e+07
2.342962310557188839e+07
2.343089565094050393e+07
2.343141577646917477e+07
2.343057980404557660e+07
2.342850456569467485e+07
2.342557328481787071e+07
2.342252417057354748e+07
2.341991585671654716e+07
2.341842637447717786e+07
2.341823066595352441e+07
2.341946942412806302e+07
2.342169523281977698e+07
2.342451701220018789e+07
2.342720093395846710e+07
2.342908161637118459e+07
2.342981773246010393e+07
2.342944077248436958e+07
2.342804456552207842e+07
2.342602512070897222e+07
2.342398383714954928e+07
2.342262666332094744e+07
2.342199725671254471e+07
2.342240283783328906e+07
2.342391104959070310e+07
2.342612498911435902e+07
2.342816304719442129e+07
2.342964415895104781e+07
2.342987843804945424e+07
2.342896033025768772e+07
2.342685054051844776e+07
2.342443371959313378e+07
2.342204654971731454e+07
2.342025840831600130e+07
2.341938649064227566e+07
2.341967389477422833e+07
2.342109971083398536e+07
2.342317064421094954e+07
2.342562105023299158e+07
2.342785314770501480e+07
2.342945788612335920e+07
2.342994653427170217e+07
2.342908122568789497e+07
2.342696026034123823e+07
2.342427949350576848e+07
2.342202391373754293e+07
2.342098843042184412e+07
2.342098431657432020e+07
2.342198761763240024e+07
2.342394470839396119e+07
2.342632126829362288e+07
2.342853544625047967e+07
2.343021633013534173e+07
2.343078807120776549e+07
2.342999987452388555e+07
2.342808547170309350e+07
2.342555830874764919e+07
2.342315220038084686e+07
2.342144234466695040e+07
2.342188715293052420e+07
2.342186775961244106e+07
2.342386546101177484e+07
2.342649777393691987e+07
2.342900961564202979e+07
2.343067412709375098e+07
2.343147780034796894e+07
2.343086598425786570e+07
2.342906074776690453e+07
2.342642751694335043e+07
2.342405400227104500e+07
2.342223954170031846e+07
2.342167145503054932e+07
2.342240759412400797e+07
2.342416003963908926e+07
2.342612533575956523e+07
2.342839043372188136e+07
2.343020623705810308e+07
2.343153241643621773e+07
2.343166146648619696e+07
2.343086255294476822e+07
2.342906341004331782e+07
2.342700392864434794e+07
2.342527779522112384e+07
2.342432449421804771e+07
2.342426239371287823e+07
2.342531020801404491e+07
2.342688549776061624e+07
2.342877520001044124e+07
2.343033826172243059e+07
2.343128020220756903e+07
2.343104752692247182e+07
2.342990557930541784e+07
2.342777832310186327e+07
2.342529620287176967e+07
2.342275931446864083e+07
2.342097517028437555e+07
2.342017105310878530e+07
2.342087944946396723e+07
2.342243597592336312e+07
2.342461227117014304e+07
2.342673910428576916e+07
2.342862479671027884e+07
2.342951765902876109e+07
2.342972120606808737e+07
2.342869960167557746e+07
2.342767451947950572e+07
2.342605934693165496e+07
2.342664409375608712e+07
2.342559427355257422e+07
2.342673746895027161e+07
2.342809963200439140e+07
2.343011349895849824e+07
2.343163482583226636e+07
2.343276895000009984e+07
2.343287294232078269e+07
2.343199200006287172e+07
2.343007964591303095e+07
2.342776336815525219e+07
2.342503881546005607e+07
2.342262950179802626e+07
2.342104292365340516e+07
2.342087200308646634e+07
2.342183967620820552e+07
2.342347444854579121e+07
2.342519553421034664e+07
2.342701213033380732e+07
2.342825404756310955e+07
2.342898568980444595e+07
2.342923299093528837e+07
2.342901891816785559e+07
2.342854721040242910e+07
2.342816456163643673e+07
2.342810231601509824e+07
2.342844022062997892e+07
2.342932559233177081e+07
2.343077898484217748e+07
2.343220524767344818e+07
2.343315370065383986e+07
2.343344651412529126e+07
2.343312033767529204e+07
2.343206042148678750e+07
2.343039246641082317e+07
2.342819436874444038e+07
2.342589598688641191e+07
2.342436242503467947e+07
2.342365793625980616e+07
2.342391232106577978e+07
2.342458064991702512e+07
2.342557421538409218e+07
2.342687369120458886e+07
2.342815308804240450e+07
2.342942975590633973e+07
2.343005007163642719e+07
2.343008179848366231e+07
2.342999062250795960e+07
2.343013892676518485e+07
2.343034635216165707e+07
2.343067243364821002e+07
2.343127793719777837e+07
2.343223831352623180e+07
2.343303136526247859e+07
2.343374635250400379e+07
2.343403670810071006e+07
2.343370122403213382e+07
2.343274939929523319e+07
2.343120853397263214e+07
2.342949715007528663e+07
2.342750709600702301e+07
2.342556026145383343e+07
2.342408846994483098e+07
2.342309138433992863e+07
2.342259428617018834e+07
2.342267687960869074e+07
2.342323387138825655e+07
2.342425620165935531e+07
2.342540318782107905e+07
2.342634447702070326e+07
2.342713866985613480e+07
2.342785010588600114e+07
2.342854334260005131e+07
2.342921495870764926e+07
2.342983800896974653e+07
2.343044887209874019e+07
2.343104954445112497e+07
2.343163440440403670e+07
2.343193385708189011e+07
2.343221471490108967e+07
2.343233623432371765e+07
2.343218440353402495e+07
2.343172398179094121e+07
2.343114942079769447e+07
2.343021670709854364e+07
2.342874582766668871e+07
2.342701998479780555e+07
2.342547823971865699e+07
2.342414952036008611e+07
2.342344451954019442e+07
2.342286984840971977e+07
2.342303903047304228e+07
2.342359336305294186e+07
2.342477892833000049e+07
2.342574077530390769e+07
2.342708301365611702e+07
