1.719927601711537689e+07
1.720620437413229421e+07
1.720694870737231523e+07
1.721003167983623222e+07
1.721148204073178396e+07
1.721477789950646460e+07
1.721644293611996621e+07
1.721905590103232861e+07
1.722042955159186944e+07
1.722071509849794954e+07
1.722109334124224633e+07
1.722052596027493477e+07
1.721646696983521804e+07
1.721272622105235606e+07
1.720999353386959806e+07
1.720989656889398023e+07
1.721099164721996337e+07
1.721156130350113288e+07
1.721095907021250948e+07
1.721388238051705435e+07
1.721636237923758850e+07
1.721763417878087983e+07
1.721954870411063731e+07
1.721987031831111014e+07
1.721647027788591012e+07
1.721372959968315437e+07
1.721135133213017136e+07
1.720968829113154113e+07
1.720897160234476253e+07
1.720987001032623276e+07
1.721106005232239515e+07
1.721388872704682872e+07
1.721722792804407701e+07
1.722045838056560606e+07
1.722404034766223654e+07
1.722628689660746604e+07
1.722727342523626238e+07
1.722680504934190959e+07
1.722193577519305423e+07
1.721543246867697686e+07
1.720947387859764323e+07
1.720454568976365775e+07
1.720051744283264875e+07
1.719867928667773306e+07
1.719886349860678613e+07
1.720258820511724427e+07
1.720527192367310449e+07
1.720634489138710499e+07
1.720619995196409151e+07
1.720574794289385155e+07
1.720158591823200509e+07
1.719616094447247684e+07
1.719124007993598655e+07
1.718609517558091506e+07
1.718261359758697823e+07
1.718068650728798658e+07
1.718091591964934766e+07
1.718190349410803616e+07
1.718370978546588868e+07
1.718582823685413972e+07
1.718797237420485914e+07
1.719103829511516914e+07
1.719284830702714622e+07
1.719155546373883262e+07
1.718972914755421877e+07
1.718781393385861814e+07
1.718439269214582816e+07
1.718041437957154214e+07
1.717642967451467738e+07
1.717332460818461329e+07
1.717178224201166630e+07
1.717231671043071896e+07
1.717438710371342301e+07
1.717613250357186049e+07
1.717817286672875658e+07
1.718129984152439237e+07
1.718614496138470620e+07
1.719034658513762057e+07
1.719199344771144167e+07
1.719345216924618930e+07
1.719209289947972447e+07
1.719012485792718455e+07
1.718877163616419211e+07
1.718778518789199740e+07
1.718875836331810057e+07
1.719153270177970082e+07
1.719270380838532373e+07
1.719161307747001946e+07
1.718924734665613994e+07
1.718912451654615253e+07
1.719116023213043064e+07
1.719344264878461882e+07
1.719594021825044230e+07
1.719483281668141857e+07
1.719239067691162974e+07
1.718807560996530205e+07
1.718324421873740852e+07
1.717914534953050688e+07
1.717584143320165947e+07
1.717540614206768945e+07
1.717688970112353191e+07
1.717516386487183347e+07
1.717242524976561219e+07
1.717025423725969717e+07
1.716887374599795416e+07
1.716883461028163880e+07
1.717118707803363353e+07
1.717699055801225826e+07
1.718354494565801322e+07
1.718733970149627328e+07
1.718861989084812254e+07
1.718717732798469439e+07
1.718428597874835134e+07
1.718055244599630311e+07
1.717655677442041412e+07
1.717449628156522289e+07
1.717400456521124765e+07
1.717627883160724863e+07
1.717873439521558210e+07
1.717835849346563220e+07
1.717661816924798116e+07
1.717472828021332249e+07
1.717334404244782031e+07
1.717168712407171354e+07
1.717045535807584226e+07
1.717001954892260581e+07
1.716979773795171082e+07
1.716931145720081031e+07
1.716978268084587529e+07
1.717012652153107896e+07
1.717249105689625815e+07
1.717456132227241620e+07
1.717563040454781801e+07
1.717717938825990260e+07
1.717756479868826270e+07
1.717653746615734324e+07
1.717481299784989655e+07
1.717245003474183753e+07
1.717024724095516279e+07
1.716903761821256205e+07
1.716886603091232106e+07
1.716853426916572079e+07
1.716890983909429610e+07
1.716986976231464371e+07
1.717163391472613439e+07
1.717376717173002288e+07
1.717729792334254831e+07
1.718162317919076234e+07
1.718350837184951082e+07
1.718336840755350888e+07
1.718152154998356849e+07
1.717879137968724221e+07
1.717667183904899657e+07
1.717547008065657690e+07
1.717593558013631403e+07
1.717606375644851848e+07
1.717613927634933218e+07
1.717770668473129347e+07
1.718163649346977100e+07
1.718782512025123462e+07
1.719364905136058852e+07
1.719414175243381411e+07
1.719314432390492409e+07
1.719165285522818565e+07
1.719067554452707246e+07
1.718993875022037327e+07
1.718929383326553553e+07
1.718726471190920100e+07
1.718551871287298948e+07
1.718394528995405138e+07
1.718495193060709909e+07
1.718597614745077863e+07
1.718592262869656831e+07
1.718433472079589963e+07
1.718281310382556170e+07
1.718104257422818244e+07
1.718000448572856933e+07
1.717929677346990258e+07
1.717989953648919240e+07
1.717955648677937314e+07
1.717974494304509461e+07
1.718142250005803630e+07
1.718377750933735818e+07
1.718635191358631104e+07
1.718876697692370042e+07
1.719044158540955186e+07
1.719025985691747442e+07
1.718751185952806845e+07
1.718385664111834019e+07
1.718011580045352131e+07
1.717781393512007967e+07
1.717648217724679410e+07
1.717860418948157132e+07
1.717966042080846056e+07
1.718456022834318504e+07
1.718971961680850014e+07
1.719376241228360310e+07
1.719510747529200464e+07
1.719595769744724035e+07
1.719880004596302658e+07
1.720141203192159906e+07
1.719970685125767440e+07
1.719871854728547856e+07
1.719887926846293733e+07
1.719907413742050529e+07
1.720039637644771487e+07
1.719889360592745990e+07
1.719584209549095482e+07
1.719541905126300454e+07
1.719670611571029946e+07
1.719476136493904516e+07
1.719060995073758066e+07
1.718618071160348877e+07
1.718287463795587420e+07
1.718290182526004314e+07
1.718317106674609333e+07
1.718386558189081773e+07
1.718524892508044839e+07
1.718784513776126131e+07
1.719155939037518576e+07
1.719614712679474056e+07
1.720016320020636544e+07
1.720221722806109488e+07
1.720126274800672010e+07
1.719806039001137018e+07
1.719461950196212903e+07
1.719118540198105946e+07
1.718835750245064124e+07
1.718783598167074844e+07
1.718790441892073676e+07
1.718847932220933214e+07
1.719100305329693109e+07
1.719530509379886091e+07
1.719792744188687950e+07
1.719761686808862165e+07
1.719542434795423970e+07
1.719473482060449570e+07
1.719110243293588609e+07
1.718899083127410337e+07
1.718435246713394672e+07
1.718727076670614257e+07
1.718330043791933358e+07
1.718493745163774118e+07
1.718743192852787301e+07
1.719191670170796290e+07
1.719266655857605115e+07
1.719306345959053189e+07
1.719296372188883275e+07
1.719204493494585901e+07
1.719033470226426050e+07
1.719055919219609350e+07
1.719349729012817889e+07
1.719628678888643160e+07
1.719702865986965969e+07
1.719691038042198867e+07
1.719541583030463010e+07
1.719416513713049516e+07
1.719223546595240012e+07
1.718988545072977617e+07
1.718765350184317678e+07
1.718603265462842956e+07
1.718497351624936983e+07
1.718494730437523872e+07
1.718500063260472566e+07
1.718608723046023026e+07
1.718857300189504027e+07
1.719360657769998163e+07
1.719773860089418292e+07
1.720090249363315850e+07
1.720306084442490712e+07
1.720453812986594066e+07
1.720137344225672260e+07
1.719692658063271269e+07
1.719306041257970408e+07
1.718957221629189327e+07
1.718673836077319831e+07
1.718510565775718167e+07
1.718442545150187239e+07
1.718513065778711438e+07
1.718579239650474116e+07
1.718792072912247851e+07
1.719170388843309134e+07
1.719565098691627383e+07
1.719710690262204781e+07
1.719613594184604660e+07
1.719382972627931461e+07
1.719176306519528478e+07
1.719234645047078654e+07
1.719518082183410227e+07
1.719871336265708506e+07
1.719991720985526964e+07
1.719982492620769143e+07
1.719822695930618048e+07
1.719611971954394132e+07
1.719366449284673855e+07
1.719153190449685603e+07
1.719054930248652026e+07
1.719080859860713407e+07
1.719093368574165553e+07
1.719071763592517376e+07
1.719119341652181372e+07
1.719490269502258301e+07
1.719717099670408294e+07
1.719505085725456104e+07
1.719160656954958662e+07
1.718914825668518990e+07
1.718721851522060111e+07
1.718487887320248410e+07
1.718291057667254284e+07
1.718202657723554224e+07
1.718156118999397010e+07
1.718204444576743618e+07
1.718260720556465536e+07
1.718354088649241254e+07
1.718579970287313312e+07
1.718931610807137564e+07
1.719379937227995321e+07
1.720035156404758617e+07
1.720319019618012384e+07
1.720302344432374090e+07
1.720250960158834979e+07
1.720042319001127407e+07
1.719636862474013492e+07
1.719329264413943514e+07
1.719118872775042057e+07
1.718948143632551283e+07
1.718819785622734949e+07
1.718748688642068952e+07
1.718636158071591333e+07
1.718730942286724225e+07
1.719016634049066156e+07
1.719277675202455372e+07
1.719261154329071939e+07
1.719244233253432438e+07
1.719128206965637207e+07
1.719154230204815045e+07
