1.986701062737356126e+07
1.986891552331129089e+07
1.986974510660329089e+07
1.987068415567937493e+07
1.987119441348306462e+07
1.987172256631733477e+07
1.987129451710815728e+07
1.987111051154717430e+07
1.987101916465166956e+07
1.987052060014162958e+07
1.986988579921830818e+07
1.986879441514040530e+07
1.986764859363063052e+07
1.986728038905692846e+07
1.986670147975841165e+07
1.986614368987743556e+07
1.986554109881541133e+07
1.986522972414196655e+07
1.986512344504398480e+07
1.986548665158865601e+07
1.986627798716010898e+07
1.986731436821957678e+07
1.986816129110193625e+07
1.986826717169243470e+07
1.986900717493237555e+07
1.986941257474999130e+07
1.986953019621120393e+07
1.986976630279294774e+07
1.986969225561372936e+07
1.986972966406189650e+07
1.987025948739942536e+07
1.986990284102318436e+07
1.986928173871272802e+07
1.986931716738308221e+07
1.986941985214364156e+07
1.986908635960901156e+07
1.986869190625764057e+07
1.986822597720692307e+07
1.986743417229254544e+07
1.986592893853016570e+07
1.986446260347774252e+07
1.986295837450731173e+07
1.986206633319031820e+07
1.986168334875795245e+07
1.986182098676043376e+07
1.986243167668740079e+07
1.986367495380016044e+07
1.986538499650865421e+07
1.986600189804206789e+07
1.986663397412281483e+07
1.986726353803015873e+07
1.986739015039452165e+07
1.986727456508884951e+07
1.986761833944114298e+07
1.986813178277666494e+07
1.986799472299380973e+07
1.986830295488239825e+07
1.986877868187135085e+07
1.986940276217224076e+07
1.986978517633086443e+07
1.986962036296810582e+07
1.986910862029902264e+07
1.986814069602644071e+07
1.986670134365091100e+07
1.986506770598439127e+07
1.986345144705865532e+07
1.986155096158424765e+07
1.986024557992081344e+07
1.986008284007572010e+07
1.986067751259002462e+07
1.986208785487167910e+07
1.986414103170230985e+07
1.986634929316028580e+07
1.986820174912818149e+07
1.986938161040160432e+07
1.987015291657288373e+07
1.987035580614616349e+07
1.986927219565556943e+07
1.986788283895466849e+07
1.986683199484124035e+07
1.986619473907236755e+07
1.986616640084246546e+07
1.986684975087993592e+07
1.986804828108163178e+07
1.986927842930470034e+07
1.986993679340803996e+07
1.986971494705143571e+07
1.986878610960956663e+07
1.986672078631304577e+07
1.986404202627188712e+07
1.986164022497668117e+07
1.985987061030864343e+07
1.985854570806847885e+07
1.985815617398399487e+07
1.985871926835218817e+07
1.986067127696476504e+07
1.986309092704474181e+07
1.986507588159656897e+07
1.986656276741651446e+07
1.986735164283363149e+07
1.986744832023710385e+07
1.986699474244611710e+07
1.986617664893501624e+07
1.986497950105818734e+07
1.986434047486010566e+07
1.986422654024343938e+07
1.986510820416149497e+07
1.986646226367245615e+07
1.986789750134832412e+07
1.986909904994732887e+07
1.986981866343672574e+07
1.986945974522045627e+07
1.986778683318230137e+07
1.986510515932250768e+07
1.986211847708304226e+07
1.985944650143014267e+07
1.985795130980179831e+07
1.985745593244474381e+07
1.985802045779192075e+07
1.985975553190042078e+07
1.986214313960193098e+07
1.986481454093772545e+07
1.986715069012087584e+07
1.986893085335540026e+07
1.986962707290646806e+07
1.986918632091810182e+07
1.986811160984154791e+07
1.986640477667471766e+07
1.986468347006842121e+07
1.986388396039551869e+07
1.986473992566370219e+07
1.986613397701700032e+07
1.986771968449315429e+07
1.986928472730844840e+07
1.987018425690159574e+07
1.987073964716197178e+07
1.987021862337632850e+07
1.986870666324598715e+07
1.986635351555784792e+07
1.986346321072738245e+07
1.986104029927740619e+07
1.985995159161654115e+07
1.985996203223853186e+07
1.986112925806465745e+07
1.986342024142514914e+07
1.986599708745557442e+07
1.986835653646100312e+07
1.987030941622256860e+07
1.987129338758072630e+07
1.987094603365388140e+07
1.986968229495489597e+07
1.986796669537739456e+07
1.986612241794075072e+07
1.986482805329173058e+07
1.986472768248731270e+07
1.986531468204863742e+07
1.986688697162746266e+07
1.986929107209863886e+07
1.987184989050730318e+07
1.987311061621388793e+07
1.987264036207417026e+07
1.987140873513219506e+07
1.986940979180699214e+07
1.986683181100160629e+07
1.986396966601992771e+07
1.986164871150511503e+07
1.986047380747445673e+07
1.986058465755128115e+07
1.986232957291400805e+07
1.986470955291087553e+07
1.986721287150769308e+07
1.986976458245070279e+07
1.987121169945557043e+07
1.987150392783572525e+07
1.987070645685152337e+07
1.986863363993616775e+07
1.986615438223627210e+07
1.986414626214919239e+07
1.986283253588249162e+07
1.986255957314300165e+07
1.986327265362012386e+07
1.986480576369687542e+07
1.986719758415340632e+07
1.986978915558991209e+07
1.987193816727921739e+07
1.987275940361447260e+07
1.987176229414276779e+07
1.986963985512398556e+07
1.986735856013894081e+07
1.986537306862431020e+07
1.986353847795177624e+07
1.986286769248620048e+07
1.986368266924567893e+07
1.986548001350142434e+07
1.986815868664646894e+07
1.987068718552237749e+07
1.987223744536330923e+07
1.987295688283745199e+07
1.987245205070542172e+07
1.987087012302682549e+07
1.986851829760222510e+07
1.986559659950482845e+07
1.986347001785896719e+07
1.986269644721417129e+07
1.986288071225947887e+07
1.986419610746690258e+07
1.986643259461733326e+07
1.986900501380047202e+07
1.987122897805779427e+07
1.987223448343360797e+07
1.987174046738664061e+07
1.987044290180628374e+07
1.986907690306646004e+07
1.986710300186345354e+07
1.986543979742014408e+07
1.986468730109800026e+07
1.986530376677067578e+07
1.986647173141750321e+07
1.986815932452358305e+07
1.987032532005111128e+07
1.987230032102201134e+07
1.987227054719296470e+07
1.987173334177838266e+07
1.987031901234528795e+07
1.986796215869294479e+07
1.986539102902096137e+07
1.986337250804807991e+07
1.986165341777994111e+07
1.986094177168938145e+07
1.986144685595834255e+07
1.986252071446948871e+07
1.986415106288566068e+07
1.986624790294364095e+07
1.986733438625156879e+07
1.986782272830046341e+07
1.986757110125739500e+07
1.986698223810680956e+07
1.986537375204319879e+07
1.986439651233328134e+07
1.986358117007336020e+07
1.986574915757570043e+07
1.986401908903003484e+07
1.986597983905335888e+07
1.986780736002629623e+07
1.986970102486792952e+07
1.987024127682048827e+07
1.987026040038942546e+07
1.986943574041968584e+07
1.986762703068052605e+07
1.986489342273531482e+07
1.986230292098234966e+07
1.986074584410045296e+07
1.985993397391959280e+07
1.985989301382901147e+07
1.986102876651967689e+07
1.986261177101783082e+07
1.986464171286559477e+07
1.986651171357074007e+07
1.986814891147112101e+07
1.986895432112244889e+07
1.986893820195444673e+07
1.986828870568615571e+07
1.986743662507507205e+07
1.986684552102335170e+07
1.986708412216022983e+07
1.986751383341344446e+07
1.986818516168006510e+07
1.986913560413768888e+07
1.987040358062064648e+07
1.987160543713435531e+07
1.987252446065420657e+07
1.987214843198592588e+07
1.987098449748465419e+07
1.986947381502484530e+07
1.986730980344883353e+07
1.986504562822957709e+07
1.986316164662709087e+07
1.986191113728726283e+07
1.986209538207762316e+07
1.986293402267140150e+07
1.986428266283085942e+07
1.986603323651118204e+07
1.986770234972842783e+07
1.986868498706411943e+07
1.986928258700873330e+07
1.986947256169440597e+07
1.986945704582053050e+07
1.986912123780715093e+07
1.986904866002562270e+07
1.986930000635432079e+07
1.986998542723720521e+07
1.987109725719167665e+07
1.987248737014931813e+07
1.987360080628050491e+07
1.987372720997134224e+07
1.987338507161056995e+07
1.987262798104008287e+07
1.987095072483703867e+07
1.986922188252741471e+07
1.986744463861712441e+07
1.986548989955860376e+07
1.986344960287941620e+07
1.986196577502917126e+07
1.986162195981920138e+07
1.986206237952989340e+07
1.986292245660267398e+07
1.986437031429659203e+07
1.986562521565497667e+07
1.986686166697689146e+07
1.986789373304546624e+07
1.986807261738479137e+07
1.986840956668860838e+07
1.986877001716041937e+07
1.986950253641728684e+07
1.986977566760848835e+07
1.986983384880445525e+07
1.987021693938014656e+07
1.987108021990367398e+07
1.987167101959472522e+07
1.987184991369928792e+07
1.987164544547051564e+07
1.987106068129713088e+07
1.986995387245419621e+07
1.986864139878833294e+07
1.986698282550696656e+07
1.986535423578915000e+07
1.986393279715819284e+07
1.986300632617095858e+07
1.986219853468512744e+07
1.986159407759057730e+07
1.986143494681554288e+07
1.986224605715667084e+07
1.986320639734937996e+07
1.986476758047180995e+07
1.986552112065482512e+07
1.986716489201486111e+07
