2.463347237750047818e+07
2.463228083723007888e+07
2.463382373460740224e+07
2.463424815303498507e+07
2.463528099267982319e+07
2.463574855884756148e+07
2.463652422139944881e+07
2.463668394585825503e+07
2.463695375821802765e+07
2.463664731346388161e+07
2.463630508992858231e+07
2.463534897799650580e+07
2.463433404520466551e+07
2.463314602616193146e+07
2.463207475938788056e+07
2.463099594676710293e+07
2.463015227137868106e+07
2.462940824125650525e+07
2.462919144661914185e+07
2.462944607511078566e+07
2.463035477916780114e+07
2.463126409428610280e+07
2.463231737627898902e+07
2.463349676756099984e+07
2.463463483833665028e+07
2.463548180070797727e+07
2.463609595342208818e+07
2.463665135347094387e+07
2.463707789081668481e+07
2.463724486309454218e+07
2.463736736486551166e+07
2.463734708608076721e+07
2.463730580980813503e+07
2.463726541438324004e+07
2.463715881929822266e+07
2.463669153056949750e+07
2.463606721544416621e+07
2.463526641884789616e+07
2.463416994916963205e+07
2.463290834897027537e+07
2.463166016103172302e+07
2.463053576276130974e+07
2.462977442291852459e+07
2.462952270752330124e+07
2.462987762456996739e+07
2.463071980612106249e+07
2.463199220899283886e+07
2.463352094829513505e+07
2.463500889866875857e+07
2.463624516290234774e+07
2.463722905357086286e+07
2.463776925494943559e+07
2.463788830172163248e+07
2.463775375075701624e+07
2.463757876500558481e+07
2.463766761703807861e+07
2.463811812354582921e+07
2.463865752798748389e+07
2.463906745821650326e+07
2.463915191671184823e+07
2.463879835337022319e+07
2.463816405303353816e+07
2.463725585141905770e+07
2.463601628265982866e+07
2.463439244015432522e+07
2.463263259207688645e+07
2.463107324187814444e+07
2.463008529990502819e+07
2.462986698214725778e+07
2.463052464152826369e+07
2.463164552038548142e+07
2.463336933651837334e+07
2.463535227468029037e+07
2.463720520536242798e+07
2.463843080829737708e+07
2.463905781624913216e+07
2.463924117428268120e+07
2.463897638987867162e+07
2.463835333451667055e+07
2.463772701393956318e+07
2.463743223609291762e+07
2.463745885044275969e+07
2.463789997358740121e+07
2.463851752463032305e+07
2.463898301677238941e+07
2.463915040503572300e+07
2.463878014820843935e+07
2.463765167966039106e+07
2.463591321252862737e+07
2.463382300737740472e+07
2.463164326495283470e+07
2.462974024440763891e+07
2.462864652256714925e+07
2.462842842848656327e+07
2.462918544677048177e+07
2.463081266882044449e+07
2.463305166193015501e+07
2.463524756501103938e+07
2.463689864101050049e+07
2.463806248370274901e+07
2.463832319039577618e+07
2.463782579747124389e+07
2.463695380510109663e+07
2.463602236161303520e+07
2.463536300770847127e+07
2.463520740675361082e+07
2.463569520333246887e+07
2.463666976080004871e+07
2.463769742487746105e+07
2.463868275970095769e+07
2.463910917701834813e+07
2.463874006070046499e+07
2.463744382521086186e+07
2.463550061364733428e+07
2.463322801868437603e+07
2.463095629019967839e+07
2.462934732040640339e+07
2.462863926687750220e+07
2.462892327014999837e+07
2.463032484085989371e+07
2.463238246622116491e+07
2.463461309256472439e+07
2.463650920513470843e+07
2.463804147139821574e+07
2.463863814573444054e+07
2.463838694585806876e+07
2.463739771437717602e+07
2.463616678477344662e+07
2.463500268874420971e+07
2.463446342809514329e+07
2.463479117342569679e+07
2.463592993450099975e+07
2.463748771643258259e+07
2.463925432911320403e+07
2.464063018201584741e+07
2.464116282495356724e+07
2.464058447937924042e+07
2.463902423874979094e+07
2.463694114047423750e+07
2.463466286855600402e+07
2.463274718499769643e+07
2.463155933845433220e+07
2.463131106694601104e+07
2.463226393952086568e+07
2.463404266345068067e+07
2.463629307030450180e+07
2.463833704829693213e+07
2.464009514355343208e+07
2.464065218684966117e+07
2.464025979899246246e+07
2.463887621376026049e+07
2.463709089982167259e+07
2.463533206700054184e+07
2.463422339274673536e+07
2.463396621041254327e+07
2.463457952882343903e+07
2.463592954606982321e+07
2.463790746593834087e+07
2.463991185244926438e+07
2.464127999461178482e+07
2.464165373759419844e+07
2.464096933772258088e+07
2.463926858799272403e+07
2.463697907133679092e+07
2.463478732894432917e+07
2.463330008538700640e+07
2.463258219298408180e+07
2.463315038177340850e+07
2.463488197562174872e+07
2.463736032684750482e+07
2.463977528550761193e+07
2.464196002702752873e+07
2.464322319479809701e+07
2.464342215237577632e+07
2.464247975116081536e+07
2.464091401934935898e+07
2.463875788019025698e+07
2.463689027607748657e+07
2.463578341204915568e+07
2.463561125532843173e+07
2.463639988072810322e+07
2.463825342811230570e+07
2.464061682699859515e+07
2.464276700005879998e+07
2.464398190140970424e+07
2.464417997529020160e+07
2.464312014456170052e+07
2.464133343356259540e+07
2.463906826639646292e+07
2.463715177892469615e+07
2.463559163696078956e+07
2.463546717217189819e+07
2.463663279666959122e+07
2.463742821916252375e+07
2.463963905783464015e+07
2.464153961050732434e+07
2.464286122036074102e+07
2.464302686325690150e+07
2.464222769216990471e+07
2.464052565233558789e+07
2.463824951357083768e+07
2.463590957542928681e+07
2.463421074393134937e+07
2.463324170688937604e+07
2.463314176529270038e+07
2.463416551103230566e+07
2.463596754277794808e+07
2.463809835405042022e+07
2.464019137157283723e+07
2.464172546458195522e+07
2.464203700414614752e+07
2.464127000822222233e+07
2.464003688646714762e+07
2.463868506183198839e+07
2.463752808065016940e+07
2.463712224074409157e+07
2.463764691567499936e+07
2.463901769868968055e+07
2.464036899674176797e+07
2.464198344915743917e+07
2.464322891183192655e+07
2.464412190203284845e+07
2.464408195613919944e+07
2.464328064486110955e+07
2.464132504590459913e+07
2.463907318330267444e+07
2.463706494019887596e+07
2.463570132703488693e+07
2.463481332804527879e+07
2.463516209012471884e+07
2.463634886952936649e+07
2.463844670531366393e+07
2.464029784983763844e+07
2.464183481105687469e+07
2.464234243107511848e+07
2.464233640627517551e+07
2.464120167162487283e+07
2.464024224915950000e+07
2.463860065000080690e+07
2.463867768628060818e+07
2.463186260274499282e+07
2.464039395186278969e+07
2.464001783251718059e+07
2.464299055735725537e+07
2.464393216541269049e+07
2.464570259449229017e+07
2.464530662087362260e+07
2.464452044426003098e+07
2.464207353354692832e+07
2.463968310233432055e+07
2.463689712936543673e+07
2.463522443007067218e+07
2.463360474577944726e+07
2.463317653548148647e+07
2.463359767685642838e+07
2.463511359283543378e+07
2.463654462329980731e+07
2.463836032192166522e+07
2.463951905440371856e+07
2.463978075594642386e+07
2.463910091887757555e+07
2.463818587150303647e+07
2.463695048413151503e+07
2.463613345246382803e+07
2.463589516695660353e+07
2.463634571776214615e+07
2.463724038393103331e+07
2.463878672844915465e+07
2.464029288534897193e+07
2.464147945965678617e+07
2.464166447938515991e+07
2.464111505079343915e+07
2.463970337580167875e+07
2.463771404386940226e+07
2.463539298600757122e+07
2.463297766563481465e+07
2.463070967906030640e+07
2.462926812238484994e+07
2.462872792073721811e+07
2.462925228789469600e+07
2.463051561750866100e+07
2.463216883717991784e+07
2.463365804481577128e+07
2.463493332804794982e+07
2.463592196576559171e+07
2.463615292709381133e+07
2.463566898650395498e+07
2.463498890655833483e+07
2.463460405338553712e+07
2.463448654515076429e+07
2.463476864774850756e+07
2.463544100551215187e+07
2.463648317401367798e+07
2.463738988671607897e+07
2.463800515652192011e+07
2.463802756514339894e+07
2.463750812573846430e+07
2.463586852026919276e+07
2.463331485421925038e+07
2.463071689878116176e+07
2.462834282489008084e+07
2.462628794674634561e+07
2.462483960162277892e+07
2.462411564710116386e+07
2.462419999502608180e+07
2.462474749463237450e+07
2.462586009881000593e+07
2.462692870245843381e+07
2.462794404217100516e+07
2.462827444931396097e+07
2.462852419708678126e+07
2.462870218774858117e+07
2.462907800822500139e+07
2.462954259616866708e+07
2.463048562287771329e+07
2.463120156095736101e+07
2.463189222610317543e+07
2.463210649348399416e+07
2.463225492653276771e+07
2.463183250694127008e+07
2.463142233493477479e+07
2.463031053868511319e+07
2.462903929081031308e+07
2.462728379187905416e+07
2.462598948631670326e+07
2.462452523907261342e+07
2.462360339270820469e+07
2.462238128749674931e+07
2.462195470252874494e+07
2.462145155662861839e+07
2.462189371601685882e+07
2.462169427422394603e+07
2.462311375486490875e+07
2.462338995453341678e+07
2.462510833960614353e+07
2.462373418893261999e+07
