2.069009102853687853e+07
2.069098859599746764e+07
2.069139283358922973e+07
2.069185295255724341e+07
2.069209557285912707e+07
2.069243841033596173e+07
2.069274739559739083e+07
2.069298636430361494e+07
2.069295645927994326e+07
2.069261398958585784e+07
2.069204877286262438e+07
2.069108238534038141e+07
2.068989496236366034e+07
2.068877116523566470e+07
2.068754472848559171e+07
2.068639512920267880e+07
2.068547813547060639e+07
2.068490030745567381e+07
2.068461899351368845e+07
2.068482773264728114e+07
2.068566617775816470e+07
2.068670672851648927e+07
2.068790181088132039e+07
2.068928160829140618e+07
2.069056914830682799e+07
2.069153832471175492e+07
2.069216136243663728e+07
2.069261909711568058e+07
2.069280908076015860e+07
2.069286689184685424e+07
2.069300303889961168e+07
2.069319948437506706e+07
2.069330850496080518e+07
2.069335725783224776e+07
2.069328127650160342e+07
2.069276558403056115e+07
2.069189466934889182e+07
2.069088987037131935e+07
2.068965018517989665e+07
2.068809924462828413e+07
2.068649783949242160e+07
2.068521262987070158e+07
2.068427445702494308e+07
2.068395958540953323e+07
2.068444919171749428e+07
2.068547921893036738e+07
2.068696866074682400e+07
2.068865182276209816e+07
2.069023939910947904e+07
2.069158015045239776e+07
2.069250263654124737e+07
2.069284882893240824e+07
2.069289418250675872e+07
2.069278906131216139e+07
2.069252379627582058e+07
2.069221014380153641e+07
2.069214490739737079e+07
2.069236973269241676e+07
2.069275331552561373e+07
2.069297408286164701e+07
2.069272893027427047e+07
2.069226869523508847e+07
2.069131745290272683e+07
2.068973225266217440e+07
2.068778643683292717e+07
2.068576975700838119e+07
2.068390890014884621e+07
2.068260423395539448e+07
2.068227646110467985e+07
2.068287656348707527e+07
2.068426234827895835e+07
2.068631405908627063e+07
2.068844655574666709e+07
2.069021580147583038e+07
2.069150652330688760e+07
2.069225579405491054e+07
2.069239287196025625e+07
2.069198346710084006e+07
2.069136591892270744e+07
2.069081401439789310e+07
2.069066772951713577e+07
2.069103222822645679e+07
2.069178154246468842e+07
2.069255360444522277e+07
2.069308091793957353e+07
2.069321192986718938e+07
2.069278968703643233e+07
2.069166265822547674e+07
2.068969839120956138e+07
2.068728772601643577e+07
2.068488451110880077e+07
2.068281269685944915e+07
2.068173728573886305e+07
2.068166479985292628e+07
2.068263656839544326e+07
2.068449526104078069e+07
2.068690384502144158e+07
2.068919553479557112e+07
2.069098769538984820e+07
2.069219057033828646e+07
2.069260822179933637e+07
2.069226396100554243e+07
2.069150183027304709e+07
2.069054666631288826e+07
2.068987888726840168e+07
2.068974661148090288e+07
2.069041213877939433e+07
2.069155770944666117e+07
2.069278419313525036e+07
2.069385086954588816e+07
2.069439301022426039e+07
2.069397089228339866e+07
2.069263156766364723e+07
2.069050740225664899e+07
2.068787237993668392e+07
2.068530785376267880e+07
2.068351203460963070e+07
2.068264796149309352e+07
2.068288760652504116e+07
2.068425966236264631e+07
2.068647930698839203e+07
2.068897546283554286e+07
2.069118668985427916e+07
2.069282968567400053e+07
2.069343125129072741e+07
2.069307314951483905e+07
2.069191928051441535e+07
2.069044155219484866e+07
2.068903787701766938e+07
2.068825197992447764e+07
2.068845697204504162e+07
2.068943275539667532e+07
2.069089814754718542e+07
2.069256827670173720e+07
2.069398251015612110e+07
2.069459652166423947e+07
2.069410349686249346e+07
2.069245864291365072e+07
2.068997834964396805e+07
2.068706542540873215e+07
2.068464212384220958e+07
2.068300748796792701e+07
2.068246160054216906e+07
2.068317442021682858e+07
2.068517471565004066e+07
2.068771517195813358e+07
2.069006886800729483e+07
2.069206373119616136e+07
2.069311749262696877e+07
2.069309974952987954e+07
2.069203468556153029e+07
2.069048801681315154e+07
2.068873038519112393e+07
2.068735990842352808e+07
2.068697952070770413e+07
2.068747593524153531e+07
2.068883115520878509e+07
2.069093397177695855e+07
2.069313002940306813e+07
2.069460932592023909e+07
2.069507934866519272e+07
2.069426196885508671e+07
2.069230626503492892e+07
2.068957240676146001e+07
2.068691425750370324e+07
2.068491599285102263e+07
2.068377499197582155e+07
2.068390393808515742e+07
2.068538238869611546e+07
2.068760106619268656e+07
2.069000897319630906e+07
2.069232777290067822e+07
2.069376840284522250e+07
2.069402133709635958e+07
2.069304522495308891e+07
2.069121339762930572e+07
2.068885607369621471e+07
2.068672031286853179e+07
2.068554127528487146e+07
2.068528097641356662e+07
2.068621355569545180e+07
2.068826207051426917e+07
2.069083170627200976e+07
2.069301450857032090e+07
2.069429543527182564e+07
2.069441072225558385e+07
2.069343285078939050e+07
2.069158153745241091e+07
2.068934396010056883e+07
2.068724572722335905e+07
2.068567617344768718e+07
2.068528069341036677e+07
2.068660099284069613e+07
2.068775009336255491e+07
2.069006874644585326e+07
2.069220842036575824e+07
2.069376406629874557e+07
2.069425460170779750e+07
2.069364698791886121e+07
2.069205195885061100e+07
2.068979106363100186e+07
2.068728958639841527e+07
2.068543858609517664e+07
2.068452159051437676e+07
2.068460900902472064e+07
2.068595961413096637e+07
2.068831881610321626e+07
2.069081364739142358e+07
2.069294586587645486e+07
2.069418673718506843e+07
2.069429492641310021e+07
2.069309605036305636e+07
2.069141367680354044e+07
2.068954687545668706e+07
2.068802202162018046e+07
2.068724809416034073e+07
2.068755844604004920e+07
2.068876065158388764e+07
2.069049248450439423e+07
2.069264271073793620e+07
2.069430891787198931e+07
2.069506274018920586e+07
2.069472634607485309e+07
2.069335738698676974e+07
2.069109374167484790e+07
2.068845106926404685e+07
2.068618493086669222e+07
2.068445597549659014e+07
2.068369223504832014e+07
2.068413338901719078e+07
2.068582850683409721e+07
2.068805854300658032e+07
2.069027362600123510e+07
2.069190198114689067e+07
2.069286346862233430e+07
2.069269628997596726e+07
2.069186835922507942e+07
2.069050424649889767e+07
2.068923355387317762e+07
2.068837918962113187e+07
2.068920919697263837e+07
2.068933616952976584e+07
2.069097081291779131e+07
2.069268717756706476e+07
2.069447568031948805e+07
2.069551784445415065e+07
2.069567001259552687e+07
2.069466587589586899e+07
2.069265041325009987e+07
2.068995184575491399e+07
2.068734713725399598e+07
2.068524934751286358e+07
2.068389720328897983e+07
2.068344141416857764e+07
2.068418230669531971e+07
2.068567439943579212e+07
2.068766220260101929e+07
2.068963285912465677e+07
2.069109687080054358e+07
2.069165985870950669e+07
2.069157047507671639e+07
2.069096978705108538e+07
2.069020651060451940e+07
2.068967398068104312e+07
2.068993238428197056e+07
2.069050122976566106e+07
2.069152276765470952e+07
2.069293601169693843e+07
2.069444413470339403e+07
2.069563379494438693e+07
2.069619394760474935e+07
2.069580502220355719e+07
2.069458977633161098e+07
2.069263238085337728e+07
2.069032629761200398e+07
2.068797743970718235e+07
2.068611284077393264e+07
2.068485356246438995e+07
2.068471720526767895e+07
2.068540512101764604e+07
2.068658605567196384e+07
2.068797175071104988e+07
2.068931333137700334e+07
2.069030326602654904e+07
2.069095342260230333e+07
2.069100810587048531e+07
2.069082597452565283e+07
2.069072637694941834e+07
2.069090873524012044e+07
2.069128939301326871e+07
2.069195308894727752e+07
2.069298901182501391e+07
2.069425362888518721e+07
2.069533472520023957e+07
2.069593295485523343e+07
2.069585034902447090e+07
2.069500059618861228e+07
2.069337645437263697e+07
2.069147624812813848e+07
2.068944863996054605e+07
2.068739049510326982e+07
2.068578528449239209e+07
2.068482632047444955e+07
2.068451212655738369e+07
2.068476717862987891e+07
2.068556582535802573e+07
2.068670337282017991e+07
2.068785940732739121e+07
2.068903058710733056e+07
2.068978417843491212e+07
2.069007798303928971e+07
2.069039719701469690e+07
2.069070542929660529e+07
2.069112587637874857e+07
2.069158570062541962e+07
2.069229366515326127e+07
2.069304078808201477e+07
2.069390617315497622e+07
2.069456508560014516e+07
2.069482536000083014e+07
2.069458666675157100e+07
2.069387423991481215e+07
2.069272290982479975e+07
2.069127339779301360e+07
2.068956612124496326e+07
2.068790794388398901e+07
2.068644062957272306e+07
2.068535230240084603e+07
2.068460853121587634e+07
2.068441141063335910e+07
2.068456027388628200e+07
2.068521536725522205e+07
2.068612346212511882e+07
2.068723626116886362e+07
2.068809075913050398e+07
2.068924026023610309e+07
