1.289935392860233225e+07
1.290025837095201202e+07
1.290057984467689693e+07
1.290097692951607890e+07
1.290118634014861844e+07
1.290157917106365599e+07
1.290190233668985404e+07
1.290204037448633276e+07
1.290199196446282230e+07
1.290180202296859212e+07
1.290134694078644365e+07
1.290059187192793936e+07
1.289946110051625967e+07
1.289836665078265406e+07
1.289720772079395130e+07
1.289601667760492675e+07
1.289502118665785156e+07
1.289426477804775164e+07
1.289388827290420420e+07
1.289400795917805843e+07
1.289474478918000311e+07
1.289569858928935602e+07
1.289681722292919084e+07
1.289815480864034407e+07
1.289941734540876374e+07
1.290039586151090078e+07
1.290100719417397864e+07
1.290142489553261176e+07
1.290153969842514396e+07
1.290144839907362871e+07
1.290145062407071516e+07
1.290147836906604283e+07
1.290152840678184479e+07
1.290163061231921986e+07
1.290176087773204036e+07
1.290149393772285059e+07
1.290085018560597114e+07
1.290006482624354400e+07
1.289897685759749636e+07
1.289754496199787408e+07
1.289596015685671009e+07
1.289457011008743569e+07
1.289352087571305595e+07
1.289300124082064815e+07
1.289329641492545605e+07
1.289406282947382890e+07
1.289534196174100600e+07
1.289702929795009270e+07
1.289872762371213548e+07
1.290012608057789691e+07
1.290116138154160790e+07
1.290163047432781570e+07
1.290167831641091220e+07
1.290145699638755061e+07
1.290104292307119071e+07
1.290067881240613014e+07
1.290065351464759931e+07
1.290086596019855142e+07
1.290134555060141161e+07
1.290178156956967153e+07
1.290174910514348000e+07
1.290143194996827468e+07
1.290072018393459171e+07
1.289937058128685132e+07
1.289760856711366214e+07
1.289567686091146618e+07
1.289377736741387472e+07
1.289250307998010330e+07
1.289210251031635143e+07
1.289241041839536652e+07
1.289358560872184485e+07
1.289539534891891107e+07
1.289752432410943508e+07
1.289948349280126393e+07
1.290085513431267627e+07
1.290172067984786630e+07
1.290188675695824064e+07
1.290149146492233686e+07
1.290082395312715508e+07
1.290016195975744724e+07
1.289979723567635566e+07
1.289983791811558418e+07
1.290041415070806816e+07
1.290122818666557968e+07
1.290192326293358020e+07
1.290230358797249570e+07
1.290220217118403688e+07
1.290131166745850071e+07
1.289959981317234226e+07
1.289732735507011041e+07
1.289497303178956360e+07
1.289284808631186374e+07
1.289158941575071029e+07
1.289133058605749533e+07
1.289204178524507210e+07
1.289366657509809919e+07
1.289594076935874857e+07
1.289823104112348333e+07
1.290005594595595822e+07
1.290134829945371673e+07
1.290185757762221061e+07
1.290149166953794658e+07
1.290056761149683967e+07
1.289945066706991196e+07
1.289855511064507253e+07
1.289828383011320792e+07
1.289880753018281423e+07
1.289988110921913199e+07
1.290108184056355990e+07
1.290227564370094799e+07
1.290304496673832089e+07
1.290285573269214109e+07
1.290161702725818753e+07
1.289951397233990394e+07
1.289692349011184461e+07
1.289426051578373834e+07
1.289233083252573945e+07
1.289132106104013510e+07
1.289133360577594489e+07
1.289253167233180068e+07
1.289468830352114327e+07
1.289721394914344512e+07
1.289946103280566074e+07
1.290119850036996603e+07
1.290197792804051563e+07
1.290169762659749575e+07
1.290068186616154760e+07
1.289927186710709147e+07
1.289783720220203139e+07
1.289691107149132341e+07
1.289700786569864489e+07
1.289796112009699643e+07
1.289941845676840283e+07
1.290116731839184463e+07
1.290275162345647253e+07
1.290356311428174749e+07
1.290317328653657064e+07
1.290164719813901186e+07
1.289935414000625163e+07
1.289647760943951830e+07
1.289400812395417131e+07
1.289235438460737467e+07
1.289168735974450782e+07
1.289224934300353564e+07
1.289406357246773131e+07
1.289652142341292650e+07
1.289894108340108208e+07
1.290097202092465945e+07
1.290216472676143609e+07
1.290220417418521643e+07
1.290130969600537233e+07
1.289974283817186765e+07
1.289781335194442794e+07
1.289631163072523475e+07
1.289577448572469689e+07
1.289615894672998227e+07
1.289732681285318732e+07
1.289933764621951431e+07
1.290167262969858013e+07
1.290337260805031657e+07
1.290398174819518812e+07
1.290338910472273082e+07
1.290171154540258832e+07
1.289919559484517016e+07
1.289659532213347033e+07
1.289439088738495484e+07
1.289310800841792487e+07
1.289296173868556321e+07
1.289415984561246075e+07
1.289621663493538648e+07
1.289847014792699553e+07
1.290078520557660796e+07
1.290241364542903937e+07
1.290283564098824747e+07
1.290216804736360349e+07
1.290063709959157184e+07
1.289837164769374393e+07
1.289617781314094737e+07
1.289474394204965979e+07
1.289431332018765993e+07
1.289505943961532600e+07
1.289676939314619824e+07
1.289918686025602371e+07
1.290156130123920366e+07
1.290312447646083124e+07
1.290359515490568429e+07
1.290289983196284808e+07
1.290115458632748760e+07
1.289886350333842076e+07
1.289661636088570766e+07
1.289484073711962439e+07
1.289426365176233836e+07
1.289538187643074431e+07
1.289625686120898277e+07
1.289850239614450000e+07
1.290070748252770863e+07
1.290250298180477507e+07
1.290321615857786313e+07
1.290284486300469562e+07
1.290144942478301562e+07
1.289938991845929809e+07
1.289684838112302311e+07
1.289472205765352771e+07
1.289353388498523273e+07
1.289332949856604822e+07
1.289432024590435997e+07
1.289651896801456064e+07
1.289894668312635645e+07
1.290117576121083461e+07
1.290263916228268854e+07
1.290290260325816274e+07
1.290193368167177029e+07
1.290048307197186723e+07
1.289867476741427556e+07
1.289695703870018758e+07
1.289594143165161647e+07
1.289604368554330803e+07
1.289705153116530739e+07
1.289869227064287849e+07
1.290068877510296367e+07
1.290258318372581154e+07
1.290367904255103879e+07
1.290372789231244661e+07
1.290272064486033656e+07
1.290075697383171692e+07
1.289819649446588010e+07
1.289577369141987152e+07
1.289383787328287214e+07
1.289283813199290261e+07
1.289294417528191209e+07
1.289428180538299121e+07
1.289639289343869127e+07
1.289867838816651888e+07
1.290057995444942079e+07
1.290182278920299932e+07
1.290187869147861563e+07
1.290130602185940370e+07
1.290013080347599089e+07
1.289883956630739011e+07
1.289769670976346731e+07
1.289834806524342112e+07
1.289810700033167563e+07
1.289951132462028600e+07
1.290105405334116146e+07
1.290287887521520816e+07
1.290416401410171390e+07
1.290466192041386850e+07
1.290401731549915299e+07
1.290245098675734736e+07
1.290006768563066982e+07
1.289759561631003395e+07
1.289539592835525796e+07
1.289372392343864031e+07
1.289302047763030790e+07
1.289351951290534809e+07
1.289477263934782520e+07
1.289656987299855985e+07
1.289851505389833637e+07
1.290005750510053150e+07
1.290090194058361277e+07
1.290098919365600683e+07
1.290057164487957023e+07
1.289981428992914595e+07
1.289900181618147716e+07
1.289887223316414841e+07
1.289927993030803278e+07
1.290005233164228499e+07
1.290130077758944593e+07
1.290278851498919167e+07
1.290397209207743965e+07
1.290473683938104473e+07
1.290456123570799269e+07
1.290337822154792026e+07
1.290159839478150941e+07
1.289947128100084886e+07
1.289718213832730055e+07
1.289520494131108560e+07
1.289380130009852350e+07
1.289339512289054878e+07
1.289387940950155817e+07
1.289489973426523991e+07
1.289624035271111317e+07
1.289772164490401186e+07
1.289888789856287464e+07
1.289968031967713311e+07
1.289989901401866414e+07
1.289969069287083484e+07
1.289952355842124484e+07
1.289955419024507701e+07
1.289982438250894286e+07
1.290038764898263291e+07
1.290123850387701765e+07
1.290232283258222416e+07
1.290335649317828938e+07
1.290405539281711169e+07
1.290421286524445750e+07
1.290364731627873518e+07
1.290227399912205338e+07
1.290060235359609686e+07
1.289882294431834854e+07
1.289688154244689271e+07
1.289526091520068422e+07
1.289426109018320218e+07
1.289381993332510628e+07
1.289392658655500598e+07
1.289455286429883726e+07
1.289544757781131938e+07
1.289647374014603533e+07
1.289757433205141313e+07
1.289839032705529593e+07
1.289874882626592554e+07
1.289909460264317133e+07
1.289945416254732572e+07
1.289985959807832725e+07
1.290021979739723541e+07
1.290083584138209932e+07
1.290150046754728258e+07
1.290223515894514322e+07
1.290287310508636199e+07
1.290310548819103464e+07
1.290294944323099963e+07
1.290239671126259677e+07
1.290137198112437688e+07
1.290010768230916001e+07
1.289861005698645674e+07
1.289711500913253240e+07
1.289571607213002071e+07
1.289465271104803681e+07
1.289391618487435021e+07
1.289374835964011773e+07
1.289388745395749249e+07
1.289456987081208639e+07
1.289546957812851481e+07
1.289657452771697007e+07
1.289734067028722353e+07
1.289843546981838346e+07
