2.057259988701364398e+07
2.057271677327617630e+07
2.057355924824820086e+07
2.057383616958963126e+07
2.057405259792920947e+07
2.057404051204555854e+07
2.057462745894099772e+07
2.057445785649292171e+07
2.057429308380077779e+07
2.057393961933734268e+07
2.057366663015164807e+07
2.057323682941990346e+07
2.057256478061904758e+07
2.057193613402412087e+07
2.057126744814379141e+07
2.057027586474716663e+07
2.056926806906166300e+07
2.056849172368451580e+07
2.056811864332975820e+07
2.056771359993593767e+07
2.056783575128268450e+07
2.056854018365338445e+07
2.056977270843541622e+07
2.057141019223148003e+07
2.057319050642111897e+07
2.057476703242979199e+07
2.057610789517511427e+07
2.057698839668336138e+07
2.057725848611452430e+07
2.057681552285968140e+07
2.057660746011535451e+07
2.057669157126967981e+07
2.057699525830195472e+07
2.057739397772848979e+07
2.057780714832663909e+07
2.057783927484425157e+07
2.057772856652782112e+07
2.057733049680116773e+07
2.057659479493828118e+07
2.057508031854214519e+07
2.057267593794359267e+07
2.057071197784918547e+07
2.056940547246051952e+07
2.056853908946129680e+07
2.056865205840751901e+07
2.056944929567692429e+07
2.057079053657361120e+07
2.057265213067493588e+07
2.057420677139964700e+07
2.057536855631767213e+07
2.057621458597800881e+07
2.057623923557748646e+07
2.057582474316388741e+07
2.057515053170894086e+07
2.057420934425584227e+07
2.057345428105076030e+07
2.057336398867851123e+07
2.057314418951970711e+07
2.057323278083942458e+07
2.057330152735688910e+07
2.057304184415598586e+07
2.057283116812425479e+07
2.057279014382712916e+07
2.057217103578516096e+07
2.057125026558246836e+07
2.056985284342800081e+07
2.056826178058208525e+07
2.056732734460376948e+07
2.056710263388830796e+07
2.056741525903124735e+07
2.056870834216350317e+07
2.057058818477993086e+07
2.057288708991980925e+07
2.057496569475948438e+07
2.057665221197172627e+07
2.057772629443118349e+07
2.057767429189246520e+07
2.057693298399437219e+07
2.057619238865391538e+07
2.057568145400967821e+07
2.057528387469882891e+07
2.057518251727486402e+07
2.057568927109339088e+07
2.057658812399671972e+07
2.057734260459991917e+07
2.057776889652161673e+07
2.057786981296426430e+07
2.057722338503044844e+07
2.057577252573823556e+07
2.057382404584064707e+07
2.057192828627498075e+07
2.056983170463321358e+07
2.056835491448487714e+07
2.056809947746868804e+07
2.056851318370340392e+07
2.056993237083375826e+07
2.057217082382560149e+07
2.057448373556338251e+07
2.057678766724765673e+07
2.057846247324942425e+07
2.057958240551823378e+07
2.057938543993781134e+07
2.057790802609739825e+07
2.057632600426872820e+07
2.057486923912830278e+07
2.057417229743555561e+07
2.057462038915930316e+07
2.057556612055066228e+07
2.057649148068401590e+07
2.057740317696711421e+07
2.057799302136678249e+07
2.057784197788216919e+07
2.057698791273582727e+07
2.057555894380964339e+07
2.057361951861896738e+07
2.057189158989026025e+07
2.057070006611437723e+07
2.056984822809958085e+07
2.056991615297383443e+07
2.057089969624552876e+07
2.057290249540482834e+07
2.057517866659546271e+07
2.057735278215715289e+07
2.057913261588003114e+07
2.058028806060376763e+07
2.057997030105188116e+07
2.057807802640302107e+07
2.057591968899665028e+07
2.057396924363458902e+07
2.057293229348583519e+07
2.057315008048260957e+07
2.057404817009267956e+07
2.057537312384869531e+07
2.057696308795614541e+07
2.057839738524375483e+07
2.057905549446237460e+07
2.057819513703842089e+07
2.057616248344624415e+07
2.057328571788481623e+07
2.056985530486210436e+07
2.056667903010336682e+07
2.056478436571804434e+07
2.056392870649689063e+07
2.056430505968404561e+07
2.056606073232432827e+07
2.056859515329064056e+07
2.057120379515170306e+07
2.057361970531111583e+07
2.057530268251461536e+07
2.057554516982014477e+07
2.057436133507604897e+07
2.057233148042290285e+07
2.057015142972435430e+07
2.056842755171102285e+07
2.056770263322247565e+07
2.056820589153384790e+07
2.056933806308926269e+07
2.057126914224279299e+07
2.057353867233991995e+07
2.057509607926106825e+07
2.057564885196372867e+07
2.057522421164840087e+07
2.057369655504848436e+07
2.057152991840658709e+07
2.056922005705865473e+07
2.056713001409783587e+07
2.056572842880462483e+07
2.056525833853085712e+07
2.056626664391302317e+07
2.056825940597308055e+07
2.057026444184141606e+07
2.057242412056226283e+07
2.057397456282066926e+07
2.057397813050292432e+07
2.057307045195692033e+07
2.057181310522415861e+07
2.057009405760271102e+07
2.056821680085608736e+07
2.056699641489912942e+07
2.056659246911019832e+07
2.056729922760695219e+07
2.056915019975556433e+07
2.057108275242013112e+07
2.057310201243691519e+07
2.057456875154532492e+07
2.057523486342433468e+07
2.057484570451325551e+07
2.057331993555584922e+07
2.057121547980444878e+07
2.056919765096327290e+07
2.056740016264818236e+07
2.056739250723660737e+07
2.056894315209576115e+07
2.056916367453132570e+07
2.057107310307648033e+07
2.057284670049178228e+07
2.057419998829761147e+07
2.057420770338468626e+07
2.057341698820781708e+07
2.057201397234798223e+07
2.057042317441892624e+07
2.056864142152021453e+07
2.056724537610553205e+07
2.056654382676425576e+07
2.056647422098536789e+07
2.056741362826870009e+07
2.056941054189048707e+07
2.057144099040162936e+07
2.057311721201040223e+07
2.057414157110400125e+07
2.057419703595624119e+07
2.057342445910407975e+07
2.057234191065331176e+07
2.057128646286055818e+07
2.057016594367332011e+07
2.056948339000323042e+07
2.056974994929368794e+07
2.057114514375611022e+07
2.057324146264709160e+07
2.057551523883758113e+07
2.057730586443797126e+07
2.057797159406497329e+07
2.057775665918733552e+07
2.057671914927833155e+07
2.057505533027904108e+07
2.057295225075970963e+07
2.057077617421150953e+07
2.056876756441885605e+07
2.056761403710330278e+07
2.056745173621483892e+07
2.056838115158791840e+07
2.057034330359810963e+07
2.057227123144541681e+07
2.057400689373570308e+07
2.057509911531453580e+07
2.057542449670628458e+07
2.057511805366650224e+07
2.057462993913369626e+07
2.057363934211182967e+07
2.057300789775385335e+07
2.057343686554536223e+07
2.057317031700157002e+07
2.057447327411471680e+07
2.057583373678489402e+07
2.057746859339807183e+07
2.057859242698993161e+07
2.057909729379334673e+07
2.057869433874193579e+07
2.057772332790411636e+07
2.057581516668400168e+07
2.057352215408411995e+07
2.057137170189747959e+07
2.056958641006708890e+07
2.056869092495192215e+07
2.056907250178130716e+07
2.057062520281944051e+07
2.057263694233405590e+07
2.057469039870395884e+07
2.057650777627741918e+07
2.057745237985932454e+07
2.057791404237022251e+07
2.057779751911991835e+07
2.057684602286877856e+07
2.057550080441453308e+07
2.057496712620265409e+07
2.057505088097537309e+07
2.057583834150262550e+07
2.057727949812338129e+07
2.057869290145579353e+07
2.057983839943149313e+07
2.058031490854286030e+07
2.057964729741340131e+07
2.057798591989948601e+07
2.057604540094811842e+07
2.057384853011318669e+07
2.057196728349044174e+07
2.057037688925134763e+07
2.056875811978375167e+07
2.056860880395765230e+07
2.056932885838728026e+07
2.057012784314800426e+07
2.057146791253251582e+07
2.057290796889255568e+07
2.057420085823841766e+07
2.057492499050453305e+07
2.057501436652159318e+07
2.057480907343129441e+07
2.057463270595595241e+07
2.057477753134077415e+07
2.057551479546989128e+07
2.057642654694036022e+07
2.057731577074227482e+07
2.057865240765590593e+07
2.057967696134684607e+07
2.058044377773827314e+07
2.058074960494586080e+07
2.057998637681362033e+07
2.057823782060768828e+07
2.057611774292480201e+07
2.057407731334291771e+07
2.057212459723581746e+07
2.057051523059848696e+07
2.056953366446676478e+07
2.056925000050578639e+07
2.056917488982823119e+07
2.056965680904168636e+07
2.057049951133057848e+07
2.057145647933200374e+07
2.057245028746023402e+07
2.057351503469379619e+07
2.057382050316995010e+07
2.057367983761281893e+07
2.057386015288982540e+07
2.057412099298382550e+07
2.057490790144747496e+07
2.057557684697217494e+07
2.057652051040025800e+07
2.057757003375488892e+07
2.057815956212048605e+07
2.057849434016082808e+07
2.057807040040002018e+07
2.057711807475418970e+07
2.057593061275923997e+07
2.057467945038735494e+07
2.057311848932748660e+07
2.057149905076987296e+07
2.057040689720059186e+07
2.056947645197216049e+07
2.056865138543683290e+07
2.056825845515352115e+07
2.056841832303608581e+07
2.056922663743572682e+07
2.057053750653576478e+07
2.057201724024536833e+07
2.057316622564500198e+07
2.057374088438957185e+07
