1.188379184902538359e+07
1.188469329843010753e+07
1.188505017455694452e+07
1.188541625031370670e+07
1.188564570171585120e+07
1.188605313022471406e+07
1.188643212929597683e+07
1.188661123673271202e+07
1.188662264028001577e+07
1.188642507605124451e+07
1.188603953093949147e+07
1.188525846118148044e+07
1.188413951300332509e+07
1.188303551404180378e+07
1.188176212966751866e+07
1.188055609811401553e+07
1.187944317537434772e+07
1.187861464153813198e+07
1.187810269817093015e+07
1.187817858999067172e+07
1.187891552276187576e+07
1.187992759374933876e+07
1.188115409115663171e+07
1.188258421415345185e+07
1.188391098446017131e+07
1.188499050460528396e+07
1.188562244125295803e+07
1.188606607645167038e+07
1.188623806788259558e+07
1.188616996552085131e+07
1.188617718924809992e+07
1.188620838514372893e+07
1.188629545181418769e+07
1.188638714383844286e+07
1.188654664732752740e+07
1.188631248027167842e+07
1.188573894187761471e+07
1.188499058913360909e+07
1.188383487526815198e+07
1.188231485225839913e+07
1.188067048122808337e+07
1.187918801137297973e+07
1.187801612553757988e+07
1.187739617338245548e+07
1.187757289766275138e+07
1.187832715066451952e+07
1.187963874148746394e+07
1.188141264849238656e+07
1.188321331866098382e+07
1.188478439146680385e+07
1.188590071739125438e+07
1.188643986068986356e+07
1.188656685377953202e+07
1.188631207971861213e+07
1.188587859479499981e+07
1.188547416328543611e+07
1.188535596174269170e+07
1.188554854722901247e+07
1.188605352972777560e+07
1.188651089338149130e+07
1.188657843952256627e+07
1.188632764666038379e+07
1.188563306871917471e+07
1.188427601132385060e+07
1.188240338555751555e+07
1.188030573220575973e+07
1.187825701546344720e+07
1.187679615498536266e+07
1.187620615541091189e+07
1.187647122966983169e+07
1.187764190474572219e+07
1.187950071046178788e+07
1.188172966019862331e+07
1.188382973668967932e+07
1.188539171385565214e+07
1.188629168297658674e+07
1.188656281196115166e+07
1.188618734839539975e+07
1.188550375844297558e+07
1.188476946394770220e+07
1.188427289573365264e+07
1.188427115787429549e+07
1.188485936765217036e+07
1.188580968831383064e+07
1.188663719473432004e+07
1.188714787761296332e+07
1.188714104777357541e+07
1.188626461806574464e+07
1.188451565128640831e+07
1.188212723314318061e+07
1.187960218116400391e+07
1.187732339461152628e+07
1.187587703512598388e+07
1.187547387059997953e+07
1.187614361163332686e+07
1.187775695228687115e+07
1.188011294658613205e+07
1.188257163903689198e+07
1.188454083471680805e+07
1.188593957015416212e+07
1.188654146781612001e+07
1.188622074466866627e+07
1.188526160318440758e+07
1.188407080648338422e+07
1.188306271739863046e+07
1.188266330666101910e+07
1.188316835501687974e+07
1.188427858344890364e+07
1.188558973572977260e+07
1.188695522766171582e+07
1.188782529493412375e+07
1.188775267475103401e+07
1.188658130282595009e+07
1.188447609809304029e+07
1.188179682539444417e+07
1.187896445480326749e+07
1.187674683477031253e+07
1.187555950038344786e+07
1.187543862161614373e+07
1.187663799154907279e+07
1.187883517063407041e+07
1.188145723435345478e+07
1.188385871938107535e+07
1.188580153915007971e+07
1.188675674754835479e+07
1.188660083037839457e+07
1.188556522985678352e+07
1.188407892434080876e+07
1.188251424553901143e+07
1.188145099420084804e+07
1.188136518134238012e+07
1.188227154103096202e+07
1.188381244530326314e+07
1.188569082796227932e+07
1.188746379956661537e+07
1.188842189493888803e+07
1.188817694442890771e+07
1.188667554907091521e+07
1.188429541945911571e+07
1.188128054555902816e+07
1.187860418282479979e+07
1.187664578565441258e+07
1.187577692193552852e+07
1.187625481660621054e+07
1.187806786753355153e+07
1.188060360241768509e+07
1.188319445159183629e+07
1.188548465165883489e+07
1.188689849163987488e+07
1.188707382247547619e+07
1.188615233323837817e+07
1.188450011426750012e+07
1.188252264626659825e+07
1.188078432461119629e+07
1.188000419433346018e+07
1.188029003296489641e+07
1.188148124730785191e+07
1.188359595360047184e+07
1.188603468952260353e+07
1.188792535779572278e+07
1.188873463969776407e+07
1.188831702563970350e+07
1.188669309682428837e+07
1.188412033834521845e+07
1.188131500593237206e+07
1.187897002757788636e+07
1.187746631149074808e+07
1.187714390954950079e+07
1.187824446309003048e+07
1.188031731189448759e+07
1.188269974576623179e+07
1.188522095618172735e+07
1.188711549914060719e+07
1.188779017779359594e+07
1.188716201325121149e+07
1.188562263945279457e+07
1.188337751652442291e+07
1.188110852793841809e+07
1.187954343318337947e+07
1.187893166163352877e+07
1.187944594093553536e+07
1.188114602458550781e+07
1.188364472652609833e+07
1.188612787330505997e+07
1.188793028509769589e+07
1.188860251889670640e+07
1.188804991569413617e+07
1.188636414076011814e+07
1.188403513343091682e+07
1.188167770183933154e+07
1.187979898109642416e+07
1.187898270144108310e+07
1.187991915631023981e+07
1.188078961032596231e+07
1.188304572770447284e+07
1.188538716714837588e+07
1.188741910867152363e+07
1.188835643848858774e+07
1.188814245537163690e+07
1.188676228959413059e+07
1.188460680681091547e+07
1.188199125246828608e+07
1.187976503801942244e+07
1.187829770540647581e+07
1.187792039042603597e+07
1.187879167654356733e+07
1.188096521599658765e+07
1.188347651290524006e+07
1.188582438572875597e+07
1.188743730128098279e+07
1.188785591805393249e+07
1.188698952996671572e+07
1.188555772197941132e+07
1.188368982647150755e+07
1.188186606511063688e+07
1.188068301301982813e+07
1.188061971746458672e+07
1.188151167606386356e+07
1.188317679370822385e+07
1.188521614157350361e+07
1.188720244782023691e+07
1.188845121084142849e+07
1.188868457527447492e+07
1.188775780814107135e+07
1.188589163335246220e+07
1.188327225224155560e+07
1.188064854196081311e+07
1.187855602059435844e+07
1.187731881057345308e+07
1.187722944980019517e+07
1.187855021332739666e+07
1.188066590489484742e+07
1.188298860755445994e+07
1.188498801477218606e+07
1.188637561148034781e+07
1.188664260246364027e+07
1.188616934140770324e+07
1.188494366370481811e+07
1.188365522946718335e+07
1.188243327783746086e+07
1.188317404140959680e+07
1.188248476397331059e+07
1.188394330011223815e+07
1.188549238209198229e+07
1.188746390315902047e+07
1.188879519953503273e+07
1.188942735238594748e+07
1.188894160603134707e+07
1.188742198956638947e+07
1.188496933213043027e+07
1.188244367704780959e+07
1.188013814437952824e+07
1.187831111978805438e+07
1.187741331448577344e+07
1.187779690021856502e+07
1.187904029833169468e+07
1.188085813793491758e+07
1.188284751070318185e+07
1.188455306419548206e+07
1.188554121111980453e+07
1.188574263215142488e+07
1.188535530539617501e+07
1.188459845052800141e+07
1.188376773250301555e+07
1.188360259617881849e+07
1.188393776538251899e+07
1.188472225723345391e+07
1.188594694843360595e+07
1.188750589007572271e+07
1.188882807252013870e+07
1.188966241811234690e+07
1.188960868535033427e+07
1.188859771565485559e+07
1.188682374404194392e+07
1.188463469459159486e+07
1.188226838510334864e+07
1.188016751527528279e+07
1.187862871974195354e+07
1.187811865581627190e+07
1.187851529952489771e+07
1.187956091205027886e+07
1.188090269907143712e+07
1.188240872727354802e+07
1.188368689464848861e+07
1.188457749134114012e+07
1.188489028265040554e+07
1.188478226394695044e+07
1.188457428201926872e+07
1.188461467387110181e+07
1.188491692107548378e+07
1.188541259781006165e+07
1.188628110808447562e+07
1.188739716316009685e+07
1.188847695570843294e+07
1.188924378787684627e+07
1.188947076234781183e+07
1.188897682442515157e+07
1.188772748982189037e+07
1.188601399066509493e+07
1.188420916432303376e+07
1.188217812374235876e+07
1.188044386258028820e+07
1.187931272044339404e+07
1.187877790173672326e+07
1.187877947663240694e+07
1.187936241470805369e+07
1.188029539410884492e+07
1.188138816034941003e+07
1.188254551263857260e+07
1.188342108328663372e+07
1.188389928713542782e+07
1.188431264424301125e+07
1.188472945707502775e+07
1.188517845974639058e+07
1.188559665721203573e+07
1.188618647270512953e+07
1.188682350920719281e+07
1.188758476286192425e+07
1.188823201170068607e+07
1.188852773948460631e+07
1.188837124351378158e+07
1.188782487325602584e+07
1.188684206016386114e+07
1.188559439563374035e+07
1.188405088423862122e+07
1.188250651161456667e+07
1.188102366779430211e+07
1.187988585236534290e+07
1.187901058421334624e+07
1.187876028850002587e+07
1.187882692763965949e+07
1.187948926479389705e+07
1.188030027941715717e+07
1.188150749867621064e+07
1.188234444820301235e+07
1.188361795074783452e+07
