2.600585701849948615e+07
2.600663134135343879e+07
2.600695551513051987e+07
2.600731234994111955e+07
2.600757908583098277e+07
2.600805109212855995e+07
2.600845427457956970e+07
2.600866072753317654e+07
2.600865841519602016e+07
2.600845422575644031e+07
2.600797030636246130e+07
2.600709755824440718e+07
2.600587777091361210e+07
2.600470299762162939e+07
2.600357635855092853e+07
2.600246408937947825e+07
2.600162025630542263e+07
2.600104607514136657e+07
2.600069299755159020e+07
2.600087366826726869e+07
2.600169007157763839e+07
2.600269210044560581e+07
2.600384539242555574e+07
2.600524728525758907e+07
2.600660199521420896e+07
2.600759204360350966e+07
2.600833637509640679e+07
2.600906650038764626e+07
2.600960813392090425e+07
2.600976740649633110e+07
2.601000939958292618e+07
2.601020992910161614e+07
2.601032303957784921e+07
2.601026845888842270e+07
2.600998737633533031e+07
2.600920636737796664e+07
2.600795144612510130e+07
2.600658295307016000e+07
2.600525767990878969e+07
2.600364556462702155e+07
2.600194231757523865e+07
2.600060550160790235e+07
2.599961427969526872e+07
2.599912161004643515e+07
2.599949252004069462e+07
2.600034001398260146e+07
2.600148786405110359e+07
2.600318110108555481e+07
2.600511025475327298e+07
2.600661902769162878e+07
2.600774092524977773e+07
2.600800033801659942e+07
2.600774982429775596e+07
2.600702582401876152e+07
2.600605294751691446e+07
2.600524077611560747e+07
2.600479697086200863e+07
2.600476749499792978e+07
2.600510214925368875e+07
2.600547616306011751e+07
2.600538357883954793e+07
2.600507597869756073e+07
2.600443369555047899e+07
2.600316358734627441e+07
2.600144224479363114e+07
2.599951720082251728e+07
2.599763522569651902e+07
2.599640848331302032e+07
2.599601127894580364e+07
2.599644836826002225e+07
2.599786009769967943e+07
2.600008288064580783e+07
2.600216129082916304e+07
2.600395302766076475e+07
2.600512405269140750e+07
2.600569767403809726e+07
2.600564052359967679e+07
2.600504186714169383e+07
2.600414686481949687e+07
2.600325449214240909e+07
2.600268151090848446e+07
2.600252191210308671e+07
2.600283022940723971e+07
2.600333223430792615e+07
2.600386889311672002e+07
2.600410595329750329e+07
2.600381734756945819e+07
2.600281433715692163e+07
2.600099710572816804e+07
2.599852871536067873e+07
2.599599400194072351e+07
2.599385467530394346e+07
2.599258149754988402e+07
2.599228957708759978e+07
2.599299626029044390e+07
2.599466294927496091e+07
2.599698128117485717e+07
2.599926951450458542e+07
2.600105181466457620e+07
2.600224992684698477e+07
2.600267963375746459e+07
2.600224369304426014e+07
2.600129121927227452e+07
2.600013935730180889e+07
2.599929436920017749e+07
2.599908262470386550e+07
2.599972414384868741e+07
2.600086845120352879e+07
2.600212799132328108e+07
2.600327745384731144e+07
2.600389031833406165e+07
2.600354278017583862e+07
2.600217758751426265e+07
2.599999346285950020e+07
2.599738170846705511e+07
2.599479009855518490e+07
2.599301405831468850e+07
2.599224429885911942e+07
2.599255511714328080e+07
2.599408007517411187e+07
2.599649108732188493e+07
2.599914196834353730e+07
2.600150921010959521e+07
2.600330893063478172e+07
2.600411769223771989e+07
2.600386869952714443e+07
2.600293567491485551e+07
2.600166892949821055e+07
2.600044920185272023e+07
2.599972758544262871e+07
2.599991000041912869e+07
2.600091318596829474e+07
2.600246661699814722e+07
2.600423804545859993e+07
2.600579793040519208e+07
2.600647488069163263e+07
2.600600970862598717e+07
2.600443181601912901e+07
2.600207975685742497e+07
2.599925777257075906e+07
2.599686560973445699e+07
2.599528891357351467e+07
2.599475431130612642e+07
2.599549097287349030e+07
2.599749221452438831e+07
2.600012468346893415e+07
2.600266165258871019e+07
2.600477104786039889e+07
2.600594664972443879e+07
2.600594352875781059e+07
2.600496829000011832e+07
2.600342664884606376e+07
2.600169766383041814e+07
2.600035449350316823e+07
2.600007303421334177e+07
2.600061841524850577e+07
2.600187410884406790e+07
2.600391788467317447e+07
2.600618826966056973e+07
2.600780083996815234e+07
2.600831257267830148e+07
2.600768659927919880e+07
2.600596934419886395e+07
2.600341424261413142e+07
2.600086529370227456e+07
2.599883015844986960e+07
2.599771899174330011e+07
2.599777240400083736e+07
2.599908831235300004e+07
2.600124091301982850e+07
2.600360562634006143e+07
2.600597447430207208e+07
2.600751109980899468e+07
2.600783316312240064e+07
2.600709955700834095e+07
2.600554743815027922e+07
2.600333350787932426e+07
2.600130911089288816e+07
2.600010737329459935e+07
2.599978008010606095e+07
2.600050481547034532e+07
2.600225583001017570e+07
2.600473747213734314e+07
2.600699524453710392e+07
2.600851811699097604e+07
2.600900470239400491e+07
2.600836193781564012e+07
2.600665202826536819e+07
2.600445530503824353e+07
2.600240489700841159e+07
2.600073507208736986e+07
2.600023357054288685e+07
2.600142212903188914e+07
2.600222547468784824e+07
2.600448075935922936e+07
2.600671595293884724e+07
2.600847622685094550e+07
2.600911239240421727e+07
2.600869226389947906e+07
2.600736180984897166e+07
2.600527423997607082e+07
2.600290374001488835e+07
2.600090821606032923e+07
2.599986104012890533e+07
2.599977440055078268e+07
2.600095694055166841e+07
2.600333153745619953e+07
2.600564048574724793e+07
2.600766781154254824e+07
2.600883502595746145e+07
2.600880168759295717e+07
2.600764681590482220e+07
2.600617662667597085e+07
2.600437393218460307e+07
2.600259670488432050e+07
2.600162848966006562e+07
2.600181850015432760e+07
2.600312309738652781e+07
2.600502196965131909e+07
2.600710900434874743e+07
2.600897468946615979e+07
2.601010527786917612e+07
2.601032972514074296e+07
2.600936875292148069e+07
2.600735514862992615e+07
2.600466118464668840e+07
2.600215542235273123e+07
2.600010194089708850e+07
2.599897432369774580e+07
2.599901784174653143e+07
2.600037186032212898e+07
2.600258956517705694e+07
2.600492302406141534e+07
2.600688354179039970e+07
2.600804862970012799e+07
2.600811877597473189e+07
2.600775286721528322e+07
2.600685304785909504e+07
2.600563644512340054e+07
2.600436737602860853e+07
2.600250165488316864e+07
2.600502629794422165e+07
2.600570742798860744e+07
2.600761849266656488e+07
2.600894480383569002e+07
2.601009816522860527e+07
2.601015251301719993e+07
2.600939012333359942e+07
2.600752800022890791e+07
2.600511316486663371e+07
2.600260142410612479e+07
2.600074572858383879e+07
2.599916896851661056e+07
2.599858986874612048e+07
2.599907474377775937e+07
2.600047050375717133e+07
2.600231632070324942e+07
2.600432054221422598e+07
2.600573036025646701e+07
2.600650411449695379e+07
2.600649836536252499e+07
2.600608513388752565e+07
2.600539699742514268e+07
2.600486063950937241e+07
2.600489505071041733e+07
2.600551344607864693e+07
2.600664744431575388e+07
2.600804048562571779e+07
2.600945677871839330e+07
2.601065938378935680e+07
2.601126596887100115e+07
2.601085127988820523e+07
2.600948904684094712e+07
2.600749939979773760e+07
2.600502856661056727e+07
2.600260250395061448e+07
2.600048295294151828e+07
2.599908540880914405e+07
2.599883735483362526e+07
2.599955303492031246e+07
2.600081152707455307e+07
2.600229962887319550e+07
2.600392976462305710e+07
2.600543860362603143e+07
2.600641961087842658e+07
2.600680860686239600e+07
2.600676420939225703e+07
2.600672276155808568e+07
2.600683499182422832e+07
2.600713459384575859e+07
2.600768588435412571e+07
2.600849177239100263e+07
2.600952759673417732e+07
2.601025250886281207e+07
2.601073185152464733e+07
2.601075953874466196e+07
2.601000725287197158e+07
2.600853781589363143e+07
2.600697347516024485e+07
2.600526657537082583e+07
2.600327133345179632e+07
2.600165079906900600e+07
2.600064588395807892e+07
2.600010621326799318e+07
2.599989199993697181e+07
2.600016588777408004e+07
2.600089758941074833e+07
2.600174669076265022e+07
2.600275911989608407e+07
2.600341982711982727e+07
2.600373877899534255e+07
2.600410253201514855e+07
2.600467417880778387e+07
2.600537286561439186e+07
2.600622100228627399e+07
2.600636679233335704e+07
2.600566846586689353e+07
2.600538175094829872e+07
2.600534406437005475e+07
2.600502817620169744e+07
2.600445452106171846e+07
2.600356780056184158e+07
2.600250633104825020e+07
2.600118169446432218e+07
2.599972125127672777e+07
2.599820737436174974e+07
2.599698039640270919e+07
2.599593664892931655e+07
2.599527343905454502e+07
2.599491501051720232e+07
2.599518401184513792e+07
2.599568151344140247e+07
2.599678949176809192e+07
2.599770585396179557e+07
2.599900197153925896e+07
2.599963580706285685e+07
