2.543607394595836848e+07
2.543812876585448906e+07
2.543843117853029445e+07
2.543878973177260906e+07
2.543888955710995197e+07
2.543945914838319272e+07
2.543971065386237577e+07
2.543958838422397152e+07
2.543933237204999849e+07
2.543934959975012764e+07
2.543902935398573428e+07
2.543849239157230780e+07
2.543766662906656414e+07
2.543699355009140819e+07
2.543577686425859854e+07
2.543446662204844132e+07
2.543299061520550400e+07
2.543173615888795257e+07
2.543085187444483861e+07
2.543020399843938276e+07
2.543008895941147953e+07
2.543066372153756395e+07
2.543186153349588066e+07
2.543341911956144869e+07
2.543468725506183878e+07
2.543580231026297063e+07
2.543670532641617209e+07
2.543731257983595878e+07
2.543769023647568002e+07
2.543794122233792767e+07
2.543791540244315937e+07
2.543751819138776138e+07
2.543718705484529212e+07
2.543683368773484975e+07
2.543672898068230972e+07
2.543668523343238235e+07
2.543652277336451039e+07
2.543641969089699909e+07
2.543595473409956694e+07
2.543505649717513099e+07
2.543357964871349558e+07
2.543168135468396172e+07
2.542996266811330616e+07
2.542853301810314506e+07
2.542749885712252185e+07
2.542753473363104090e+07
2.542870735778186843e+07
2.543020973947651684e+07
2.543190104262492061e+07
2.543360991289756075e+07
2.543499554460266232e+07
2.543618828460662812e+07
2.543697678284259140e+07
2.543672795836340636e+07
2.543585501080226526e+07
2.543497279846328869e+07
2.543429764152579755e+07
2.543409700841071457e+07
2.543424312010718882e+07
2.543462502699164301e+07
2.543532262943435088e+07
2.543604809228298813e+07
2.543641199051622301e+07
2.543607086964787915e+07
2.543491506146312132e+07
2.543322175569774956e+07
2.543099165214965120e+07
2.542868112782228738e+07
2.542691458308440074e+07
2.542609854132119194e+07
2.542672314182110131e+07
2.542855919630744308e+07
2.543107114528780803e+07
2.543363660896871984e+07
2.543587071940533072e+07
2.543721445453302935e+07
2.543783024381932616e+07
2.543767618962039053e+07
2.543707702637768909e+07
2.543592829759806767e+07
2.543503278201868013e+07
2.543451720424897224e+07
2.543459124131144956e+07
2.543529534826428816e+07
2.543627502917075530e+07
2.543719266004789621e+07
2.543797727273331583e+07
2.543784343123403564e+07
2.543696182364330068e+07
2.543501591448735818e+07
2.543243495578968897e+07
2.542953606456651539e+07
2.542694087841096893e+07
2.542515243935517594e+07
2.542469268373436853e+07
2.542552139533327520e+07
2.542769314938954264e+07
2.543061241637358442e+07
2.543345189106305316e+07
2.543605106490000337e+07
2.543780195558857173e+07
2.543856916156920418e+07
2.543806945681838319e+07
2.543659921623193100e+07
2.543479221085987985e+07
2.543330792606287822e+07
2.543264729655345157e+07
2.543270989572396129e+07
2.543356675395714492e+07
2.543498669315787032e+07
2.543654853456721455e+07
2.543794026153062284e+07
2.543842863009371981e+07
2.543738404230799526e+07
2.543497523990530521e+07
2.543212678802437708e+07
2.542905468027204648e+07
2.542658523925194144e+07
2.542524352551203966e+07
2.542524660463304818e+07
2.542649467221516743e+07
2.542867756967035681e+07
2.543146577732674405e+07
2.543402586052791029e+07
2.543597910666216910e+07
2.543692906426910311e+07
2.543675171448434517e+07
2.543547057877308503e+07
2.543364196322274581e+07
2.543160331120928377e+07
2.543029608557916060e+07
2.543002744974427298e+07
2.543074247734604031e+07
2.543229725218852982e+07
2.543455801234920695e+07
2.543651415919184685e+07
2.543782038056213781e+07
2.543772516146535426e+07
2.543630056410935149e+07
2.543372992556478083e+07
2.543053323499560729e+07
2.542738548473994434e+07
2.542506431240848452e+07
2.542405037438286468e+07
2.542457038229836151e+07
2.542651395435696840e+07
2.542950762110679597e+07
2.543287501034915820e+07
2.543597803383579850e+07
2.543821416716872156e+07
2.543900066771188378e+07
2.543834960871848091e+07
2.543660070016200840e+07
2.543413027691239864e+07
2.543198111201158911e+07
2.543064728871779889e+07
2.543056224281331897e+07
2.543165717438315973e+07
2.543391936395790428e+07
2.543649298607073724e+07
2.543863080734230950e+07
2.543942684775983542e+07
2.543880916189940646e+07
2.543695791038614511e+07
2.543422507957476005e+07
2.543111368436124921e+07
2.542839594602531940e+07
2.542668407238730416e+07
2.542630645200698078e+07
2.542724810826706141e+07
2.542923810653828084e+07
2.543198515316695720e+07
2.543478302091028169e+07
2.543689766831095517e+07
2.543759171712654829e+07
2.543685328068201616e+07
2.543505492138883099e+07
2.543247088911846280e+07
2.542991230200121552e+07
2.542805039607055113e+07
2.542729157874822244e+07
2.542806618199060857e+07
2.543024235555840656e+07
2.543313011593122408e+07
2.543587009854508936e+07
2.543793265504053608e+07
2.543910567471000180e+07
2.543893469614033774e+07
2.543728866315799579e+07
2.543465472549689561e+07
2.543185614828378707e+07
2.542948456327662617e+07
2.542886641020623967e+07
2.542838354829265177e+07
2.542997825276103243e+07
2.543267107098521665e+07
2.543565768773052841e+07
2.543788368853799999e+07
2.543879093904475868e+07
2.543857766594088078e+07
2.543735477088763192e+07
2.543519383346187696e+07
2.543244268776436523e+07
2.542954122704957426e+07
2.542755439845036715e+07
2.542703487490805611e+07
2.542823309406923503e+07
2.543074467581930384e+07
2.543365111748114228e+07
2.543629248118739948e+07
2.543820910117239505e+07
2.543886031863883883e+07
2.543848798498715833e+07
2.543716930210816115e+07
2.543510234916742519e+07
2.543303759779618308e+07
2.543156858192683756e+07
2.543109598512203246e+07
2.543183218275403231e+07
2.543322951622819155e+07
2.543532140797172859e+07
2.543744024016324803e+07
2.543918828246600926e+07
2.543957270494208857e+07
2.543896572698832303e+07
2.543683911692570895e+07
2.543409674028056115e+07
2.543117932348664850e+07
2.542885249595795199e+07
2.542728947305002809e+07
2.542735003784431145e+07
2.542866364809834585e+07
2.543089735074679926e+07
2.543307856971145421e+07
2.543519201203583553e+07
2.543638889583382383e+07
2.543704979803060368e+07
2.543606512634959444e+07
2.543498900129207596e+07
2.543287145973281562e+07
2.543278132882740349e+07
2.543129544777372107e+07
2.543184780964448676e+07
2.543276036454153061e+07
2.543440291323729232e+07
2.543606703430942819e+07
2.543754530805120617e+07
2.543824507723071426e+07
2.543794062894804403e+07
2.543639913480212912e+07
2.543441727094358951e+07
2.543177002222564444e+07
2.542920908875717595e+07
2.542706759146253392e+07
2.542615596403438598e+07
2.542657885870266333e+07
2.542810762971710041e+07
2.543039813097621128e+07
2.543259042189555988e+07
2.543420304015911743e+07
2.543543587661850452e+07
2.543588054661799222e+07
2.543570002209054306e+07
2.543524147622331232e+07
2.543473689667642117e+07
2.543467833476406708e+07
2.543505559597161040e+07
2.543543520402612537e+07
2.543639459879713878e+07
2.543793487457158789e+07
2.543920102436617389e+07
2.544008989078287408e+07
2.544017780391944572e+07
2.543931639799142629e+07
2.543759833491423354e+07
2.543544311073890328e+07
2.543294605384168401e+07
2.543073382332064584e+07
2.542927446767874435e+07
2.542861798343726993e+07
2.542868789920968935e+07
2.542924898125811666e+07
2.543035322023037449e+07
2.543154222042415664e+07
2.543272296231049672e+07
2.543346571867930144e+07
2.543370621762034670e+07
2.543356940221163630e+07
2.543340357948113605e+07
2.543341308655491471e+07
2.543355021039459109e+07
2.543400788165768981e+07
2.543477307746357098e+07
2.543573526009688526e+07
2.543685616909977049e+07
2.543753509469579905e+07
2.543757151063647494e+07
2.543699902879550681e+07
2.543602488964111730e+07
2.543497846524328738e+07
2.543348319474322721e+07
2.543158814638448879e+07
2.542993730446200818e+07
2.542863207288767025e+07
2.542767583392122388e+07
2.542742426909340546e+07
2.542787416065149382e+07
2.542913128277416155e+07
2.543047268798204884e+07
2.543171193956039101e+07
2.543275353681601956e+07
2.543341799360879883e+07
2.543406435111818090e+07
2.543467135677747056e+07
2.543511216865513101e+07
2.543556612826183066e+07
2.543610943121641129e+07
2.543663727732221037e+07
2.543704262342724577e+07
2.543732800187355280e+07
2.543736853192611784e+07
2.543712049885406718e+07
2.543659584673109278e+07
2.543587682577811927e+07
2.543482067537045106e+07
2.543363721675917506e+07
2.543235128015939519e+07
2.543121100503614917e+07
2.543015627409008890e+07
2.542952216779050231e+07
2.542903123091723397e+07
2.542913958616339415e+07
2.542942741339135543e+07
2.543050411328667402e+07
2.543159023769906163e+07
2.543315867784925923e+07
