1.721513428683239222e+07
1.722205802477968112e+07
1.722280466994662210e+07
1.722588724645790085e+07
1.722734038545983285e+07
1.723063582843808830e+07
1.723230111373443902e+07
1.723491534780405462e+07
1.723628729471518472e+07
1.723657259402428940e+07
1.723695146518334746e+07
1.723638351019269228e+07
1.723232283459853381e+07
1.722858369758000225e+07
1.722585044950761274e+07
1.722575431846378371e+07
1.722684996103475243e+07
1.722741887629696354e+07
1.722681638589520007e+07
1.722974108957485110e+07
1.723222116312343255e+07
1.723349316582335904e+07
1.723540799064884335e+07
1.723572821779211983e+07
1.723232711796879023e+07
1.722958936782062054e+07
1.722720893831741437e+07
1.722554843414190039e+07
1.722483047024653852e+07
1.722572996337755024e+07
1.722691972169182077e+07
1.722974986941954494e+07
1.723308736153188348e+07
1.723631954056919739e+07
1.723990160250811279e+07
1.724214647333142534e+07
1.724313305473596603e+07
1.724266233413539827e+07
1.723779191843230650e+07
1.723129021769023314e+07
1.722533045103567094e+07
1.722040281077019498e+07
1.721637218465700746e+07
1.721453765491566062e+07
1.721472375739905611e+07
1.721844759224313125e+07
1.722113394183011726e+07
1.722220685779451951e+07
1.722206223111264035e+07
1.722160954528427869e+07
1.721744514441899955e+07
1.721201980162584782e+07
1.720709851360493898e+07
1.720195327606802806e+07
1.719847371323744953e+07
1.719654688071158156e+07
1.719677834873924404e+07
1.719776565784941241e+07
1.719957382195368037e+07
1.720169074485850334e+07
1.720383694967393950e+07
1.720690241767036915e+07
1.720871148621731997e+07
1.720741788949961215e+07
1.720559065170244500e+07
1.720367429786515608e+07
1.720025438958242536e+07
1.719627355212149024e+07
1.719228976026495546e+07
1.718918384946384281e+07
1.718764195005872473e+07
1.718817655052395165e+07
1.719024959593709558e+07
1.719199670616519824e+07
1.719403673846139759e+07
1.719716392876449600e+07
1.720201048200792447e+07
1.720621118389335275e+07
1.720785822826914489e+07
1.720931658634958416e+07
1.720795738729764521e+07
1.720598671662389860e+07
1.720463666404103488e+07
1.720364616925518215e+07
1.720462287777658924e+07
1.720739632783593610e+07
1.720856889479685575e+07
1.720747595586300641e+07
1.720510907197326422e+07
1.720498716109543666e+07
1.720702382374637946e+07
1.720930606326271221e+07
1.721180617390641570e+07
1.721069467638958618e+07
1.720825066040574759e+07
1.720393479399145767e+07
1.719910290128463134e+07
1.719500518962816149e+07
1.719170195609596372e+07
1.719126810137094185e+07
1.719275421270949766e+07
1.719102836078510433e+07
1.718828625856817886e+07
1.718611637907111645e+07
1.718473717145899683e+07
1.718469863208212331e+07
1.718704948124854639e+07
1.719285792951757833e+07
1.719941203787816316e+07
1.720320709554493800e+07
1.720448662925135717e+07
1.720304167989005893e+07
1.720014835322493315e+07
1.719641560023360699e+07
1.719241765945898369e+07
1.719035751111157238e+07
1.718986711658225581e+07
1.719213989347852394e+07
1.719459530016642809e+07
1.719422024691375345e+07
1.719248358326848224e+07
1.719059077948240563e+07
1.718920647542308271e+07
1.718755103391835093e+07
1.718631677759135887e+07
1.718588249864998460e+07
1.718566002889208123e+07
1.718517457891112939e+07
1.718564403125737235e+07
1.718598756312652677e+07
1.718835277127075940e+07
1.719042393961054832e+07
1.719149551992901042e+07
1.719304181545569375e+07
1.719342905102739856e+07
1.719240146499023587e+07
1.719067303027564287e+07
1.718831314591705427e+07
1.718610980306555703e+07
1.718489984512204677e+07
1.718472796168700233e+07
1.718439427472741902e+07
1.718477025974890962e+07
1.718573195351404697e+07
1.718749341018059850e+07
1.718962990501098707e+07
1.719315986324677616e+07
1.719748808412002027e+07
1.719937096141783893e+07
1.719923076879527420e+07
1.719738441892892867e+07
1.719465098950031772e+07
1.719253178209763020e+07
1.719133274642538279e+07
1.719179644199747220e+07
1.719192519406754524e+07
1.719200044140514731e+07
1.719356830124250054e+07
1.719750277105223760e+07
1.720368996518452838e+07
1.720951301910205930e+07
1.721000580582153425e+07
1.720900662342085317e+07
1.720751531302126497e+07
1.720653486850207299e+07
1.720579779736218229e+07
1.720515477030073106e+07
1.720312601098629832e+07
1.720137722711776569e+07
1.719980573925563693e+07
1.720081417502862960e+07
1.720183871071013808e+07
1.720178437347142026e+07
1.720019642083739862e+07
1.719867710286247730e+07
1.719690607178814337e+07
1.719586718481207266e+07
1.719515750017058477e+07
1.719576135825008899e+07
1.719541784812579677e+07
1.719560544357115030e+07
1.719728708294240758e+07
1.719964018600644171e+07
1.720221606723095104e+07
1.720463433430238068e+07
1.720630696543984115e+07
1.720612358526584879e+07
1.720337467459248379e+07
1.719971740361195058e+07
1.719597367522819340e+07
1.719367315141962469e+07
1.719234503182454407e+07
1.719446521688961238e+07
1.719552413004387543e+07
1.720042563238597289e+07
1.720558335884285346e+07
1.720962590038489550e+07
1.721097445175588131e+07
1.721182184798615053e+07
1.721466608153003454e+07
1.721727522886738554e+07
1.721556757064434886e+07
1.721457946039851010e+07
1.721473971574718878e+07
1.721493824899575859e+07
1.721625871174564585e+07
1.721475476025998965e+07
1.721170314749042690e+07
1.721128044689973071e+07
1.721256840309541300e+07
1.721062503114672378e+07
1.720647252482085302e+07
1.720204259657681733e+07
1.719873605976508185e+07
1.719876369442951307e+07
1.719903454555175453e+07
1.719972767557989433e+07
1.720111069412975386e+07
1.720370762299980223e+07
1.720742538714445382e+07
1.721201087414801493e+07
1.721602859556315467e+07
1.721808413778623939e+07
1.721712638885564357e+07
1.721392272896818817e+07
1.721048229875931144e+07
1.720704866183874011e+07
1.720421917928101495e+07
1.720369735326784104e+07
1.720376536337937415e+07
1.720434441683658212e+07
1.720686930956330895e+07
1.721117162620238215e+07
1.721379442363205552e+07
1.721347942174702510e+07
1.721128805166114122e+07
1.721059795090113580e+07
1.720696624743180722e+07
1.720485341741689295e+07
1.720021720456904173e+07
1.720313476233933121e+07
1.719916345948962122e+07
1.720080337827102840e+07
1.720329956834125891e+07
1.720778469104841724e+07
1.720853414178715274e+07
1.720893031184352934e+07
1.720883072715147585e+07
1.720791125946165249e+07
1.720619817954574898e+07
1.720642665879164264e+07
1.720936263566417247e+07
1.721215154592186213e+07
1.721289529513772205e+07
1.721277399088340253e+07
1.721127996241030470e+07
1.721002892592472583e+07
1.720809954483108595e+07
1.720575165535768494e+07
1.720351746381129697e+07
1.720189877315739170e+07
1.720084004476506263e+07
1.720081470571142063e+07
1.720086767582250759e+07
1.720195214452737197e+07
1.720444083761245757e+07
1.720947550240596756e+07
1.721360634719657525e+07
1.721677223276660219e+07
1.721892806631897017e+07
1.722040570978137478e+07
1.721724050462270901e+07
1.721279376672411337e+07
1.720892536690435186e+07
1.720543762975635380e+07
1.720260287123571336e+07
1.720097129107308760e+07
1.720029006816571578e+07
1.720099637762578204e+07
1.720165998690586910e+07
1.720378758071094379e+07
1.720756848658534139e+07
1.721151984813668206e+07
1.721297341722869501e+07
1.721200250097389147e+07
1.720969470798234269e+07
1.720762952952305228e+07
1.720821356083958596e+07
1.721104832151241973e+07
1.721458147365488485e+07
1.721578447256454080e+07
1.721569265585219488e+07
1.721409213076014444e+07
1.721198573887573183e+07
1.720953167014872655e+07
1.720740188657527789e+07
1.720641712998078763e+07
1.720667619956935197e+07
1.720679918031709269e+07
1.720658383041417971e+07
1.720705982367922738e+07
1.721077066609740630e+07
1.721303690979488194e+07
1.721091526239175349e+07
1.720747032303290442e+07
1.720501211862828583e+07
1.720308284250323474e+07
1.720074523673337325e+07
1.719877502965830266e+07
1.719789306940870360e+07
1.719742615079074353e+07
1.719790683109903336e+07
1.719847300868526101e+07
1.719940700474568829e+07
1.720166638107602671e+07
1.720518421583947167e+07
1.720966913321151957e+07
1.721622219762423262e+07
1.721905795355985686e+07
1.721889200659995899e+07
1.721837582475530356e+07
1.721629136756417900e+07
1.721223249819128588e+07
1.720915635409254208e+07
1.720705285286784545e+07
1.720534605590562895e+07
1.720406298596471176e+07
1.720334918790707365e+07
1.720222268636482954e+07
1.720317449082997814e+07
1.720603443053325266e+07
1.720864278665651008e+07
1.720847427320324630e+07
1.720830671592322364e+07
1.720714696133726835e+07
1.720740897803145275e+07
