9.332095397459149361e+06
9.333147154882935807e+06
9.333380695781251416e+06
9.333792737082200125e+06
9.333943759805602953e+06
9.334357255019007251e+06
9.334686957168960944e+06
9.334912126292360947e+06
9.334916621455183253e+06
9.334778616628892720e+06
9.334405785785283893e+06
9.333623949640024453e+06
9.332405828917555511e+06
9.331260096525808796e+06
9.329995259034078568e+06
9.328754722670003772e+06
9.327761464522231370e+06
9.327035205015096813e+06
9.326626495697347447e+06
9.326734385495821014e+06
9.327474511910898611e+06
9.328475520344067365e+06
9.329669537963038310e+06
9.331054792281243950e+06
9.332361909437559545e+06
9.333335204998968169e+06
9.333918900089126080e+06
9.334306597475871444e+06
9.334388590178895742e+06
9.334317258237875998e+06
9.334360309161903337e+06
9.334459681743428111e+06
9.334579417487822473e+06
9.334641128897471353e+06
9.334774450725117698e+06
9.334523046070098877e+06
9.333893108960175887e+06
9.333100646362947300e+06
9.331974211254186928e+06
9.330483002685584128e+06
9.328846739435631782e+06
9.327419436320606619e+06
9.326320125361476094e+06
9.325750195271015167e+06
9.326025156915834174e+06
9.326880376262664795e+06
9.328225967091567814e+06
9.329940621354391798e+06
9.331675726575322449e+06
9.333115085444526747e+06
9.334167225647686049e+06
9.334619239110387862e+06
9.334623074887031689e+06
9.334365085506664589e+06
9.333927371822975576e+06
9.333555731454856694e+06
9.333482932074487209e+06
9.333707880039021373e+06
9.334212515424922109e+06
9.334685776650851592e+06
9.334670769367219880e+06
9.334369513030819595e+06
9.333663697931423783e+06
9.332263368296684697e+06
9.330392034202093259e+06
9.328378362870430574e+06
9.326430808427583426e+06
9.325078372097747400e+06
9.324598902577517554e+06
9.324931727524483576e+06
9.326127259589955211e+06
9.327984254969026893e+06
9.330177447553744540e+06
9.332175023366848007e+06
9.333623526617478579e+06
9.334483301995294169e+06
9.334652532483788207e+06
9.334214673395767808e+06
9.333529938977824524e+06
9.332822871275618672e+06
9.332402758473696187e+06
9.332451222430704162e+06
9.333028664096189663e+06
9.333911721106590703e+06
9.334692441989032552e+06
9.335091548695042729e+06
9.335010134461604059e+06
9.334090573628086597e+06
9.332313204285757616e+06
9.329942399182222784e+06
9.327484020982973278e+06
9.325348157759938389e+06
9.324041708439266309e+06
9.323750874205427244e+06
9.324450280720464885e+06
9.326104853110013530e+06
9.328418340064955875e+06
9.330796599885022268e+06
9.332675720588246360e+06
9.333978787721335888e+06
9.334480617997927591e+06
9.334101191300714388e+06
9.333176901295904070e+06
9.332023943794716150e+06
9.331123992795148864e+06
9.330810308462606743e+06
9.331354986867683008e+06
9.332447152491789311e+06
9.333749360725376755e+06
9.335037270079234615e+06
9.335846176383133978e+06
9.335625593449773267e+06
9.334347787145150825e+06
9.332255294424237683e+06
9.329615199977753684e+06
9.326872053133938462e+06
9.324844121042640880e+06
9.323811427006606013e+06
9.323821803236771375e+06
9.325088622673736885e+06
9.327277772364744917e+06
9.329836222039656714e+06
9.332144583178184927e+06
9.333962298133533448e+06
9.334792357961619273e+06
9.334522015296760947e+06
9.333449417053248733e+06
9.331984959084032103e+06
9.330477137266239151e+06
9.329520280922908336e+06
9.329551948932493106e+06
9.330554982241503894e+06
9.332105507330466062e+06
9.333973228904461488e+06
9.335659498955421150e+06
9.336482951705655083e+06
9.336099538563128561e+06
9.334540496571447700e+06
9.332181184472268447e+06
9.329259832506822422e+06
9.326689828857868910e+06
9.324898475078918040e+06
9.324202366196813062e+06
9.324750017338896170e+06
9.326592805408991873e+06
9.329097324526546523e+06
9.331594153565624729e+06
9.333751907283471897e+06
9.334992938470752910e+06
9.334988889485677704e+06
9.334025544264841825e+06
9.332418645608291030e+06
9.330476819048488513e+06
9.328880037852125242e+06
9.328326019983600825e+06
9.328739355843251571e+06
9.329971511940211058e+06
9.332104084644006565e+06
9.334503706037368625e+06
9.336237634138060734e+06
9.336863184205263853e+06
9.336304213017886505e+06
9.334531238328583539e+06
9.331917209351198748e+06
9.329226670130679384e+06
9.326995327270088717e+06
9.325670735054496676e+06
9.325473419750183821e+06
9.326671115787586197e+06
9.328834155225902796e+06
9.331247960909362882e+06
9.333675392157167196e+06
9.335392015363378450e+06
9.335842709883704782e+06
9.335072245630396530e+06
9.333468435225117952e+06
9.331239931268993765e+06
9.329003433886060491e+06
9.327621547642538324e+06
9.327214258137000725e+06
9.327915020027799532e+06
9.329665882906634361e+06
9.332182038816733286e+06
9.334621987144317478e+06
9.336330028186324984e+06
9.336833563096595928e+06
9.336113111256679520e+06
9.334249761652274057e+06
9.331895343883406371e+06
9.329642044039182365e+06
9.327874246448157355e+06
9.327209035237379372e+06
9.328187232499664649e+06
9.329270073872392997e+06
9.331509569484371692e+06
9.333792878350511193e+06
9.335656912681346759e+06
9.336410587591040879e+06
9.336074539204265922e+06
9.334590144982967526e+06
9.332377108733002096e+06
9.329751655406592414e+06
9.327606676088528708e+06
9.326359425813842565e+06
9.326117893821315840e+06
9.327127674057153985e+06
9.329363051922349259e+06
9.331872161300191656e+06
9.334140730217793956e+06
9.335625834702953696e+06
9.335916210832798854e+06
9.334929426922313869e+06
9.333362912586199120e+06
9.331460054106354713e+06
9.329728321804419160e+06
9.328685209296073765e+06
9.328754596223071218e+06
9.329756535131318495e+06
9.331443856252355501e+06
9.333507104470558465e+06
9.335419649408794940e+06
9.336561524512954056e+06
9.336644125263111666e+06
9.335571657045686617e+06
9.333548789972482249e+06
9.330852369457514957e+06
9.328323534640973434e+06
9.326333636736676097e+06
9.325295944754872471e+06
9.325385186868434772e+06
9.326794628528611735e+06
9.328976329437287524e+06
9.331332445464732125e+06
9.333211485883917660e+06
9.334472531020078808e+06
9.334565835441516712e+06
9.333999660350624472e+06
9.332698835469460115e+06
9.331427385037139058e+06
9.330126717903779820e+06
9.330699923017991707e+06
9.330539609944511205e+06
9.332014121533647180e+06
9.333663251826234162e+06
9.335542674077505246e+06
9.336784546245511621e+06
9.337258497249882668e+06
9.336585082502307370e+06
9.334951103620311245e+06
9.332498461895011365e+06
9.330027787324022502e+06
9.327834554158924147e+06
9.326080557370435447e+06
9.325292682875491679e+06
9.325813557418642566e+06
9.327149943659631535e+06
9.328976043958475813e+06
9.330943515061708167e+06
9.332537746242063120e+06
9.333368595943048596e+06
9.333426495783660561e+06
9.332981902306614444e+06
9.332166740256220102e+06
9.331301799890751019e+06
9.331175356020960957e+06
9.331623510233281180e+06
9.332447285769950598e+06
9.333707957252914086e+06
9.335272379148600623e+06
9.336529719393333420e+06
9.337345906676672399e+06
9.337146522547665983e+06
9.335954544504923746e+06
9.334090664685701951e+06
9.331865477862345055e+06
9.329530135545374826e+06
9.327518398221854120e+06
9.326091927508499473e+06
9.325688071273049340e+06
9.326184015755925328e+06
9.327263289116824046e+06
9.328586052084263414e+06
9.330075920219851658e+06
9.331244560658218339e+06
9.332009910308035091e+06
9.332213077691437677e+06
9.332006972753802314e+06
9.331814387888448313e+06
9.331858028323406354e+06
9.332148084835542366e+06
9.332749142807269469e+06
9.333631874415282160e+06
9.334744953930547461e+06
9.335797750738991424e+06
9.336513795708324760e+06
9.336677816635625437e+06
9.336105279893560335e+06
9.334761626354509965e+06
9.333041513182042167e+06
9.331252418935984373e+06
9.329270976093072444e+06
9.327628037250094116e+06
9.326570045970102772e+06
9.326092224932005629e+06
9.326160624205293134e+06
9.326809551699427888e+06
9.327749457013994455e+06
9.328809262636093423e+06
9.329933831685153767e+06
9.330741765234148130e+06
9.331127834197394550e+06
9.331490011701723561e+06
9.331830292461022735e+06
9.332223477333880961e+06
9.332649573280368000e+06
9.333236883095528930e+06
9.333912187411973253e+06
9.334659019619217142e+06
9.335288117598468438e+06
9.335535386873539537e+06
9.335373172843707725e+06
9.334833065704734996e+06
9.333833518624152988e+06
9.332560327719898894e+06
9.331008209756666794e+06
9.329481050578150898e+06
9.328071375305691734e+06
9.326998567226255313e+06
9.326208798016078770e+06
9.325995721840126440e+06
9.326135089678788558e+06
9.326822185960995033e+06
9.327753114459328353e+06
9.328876716975124553e+06
9.329663185178397223e+06
9.330778898166880012e+06
