1.302939777854342014e+07
1.303055640576500073e+07
1.303114675689096004e+07
1.303152893435993046e+07
1.303167857311165147e+07
1.303191841380229220e+07
1.303238302490574867e+07
1.303273240427229926e+07
1.303307414069548249e+07
1.303343117875012755e+07
1.303381491261026822e+07
1.303391526577036642e+07
1.303363985634899139e+07
1.303310124462613836e+07
1.303224585111682862e+07
1.303107820178481191e+07
1.302973797396951541e+07
1.302845791493577510e+07
1.302724010484205186e+07
1.302668690454861708e+07
1.302666204177461565e+07
1.302719364222194441e+07
1.302828221064386889e+07
1.302968452254029550e+07
1.303142636197377928e+07
1.303305696867657639e+07
1.303419690382525884e+07
1.303506804349972308e+07
1.303572388039875031e+07
1.303583615587178431e+07
1.303548954442160763e+07
1.303482269835697114e+07
1.303413132019852847e+07
1.303363342032803223e+07
1.303340686753993109e+07
1.303330015624915808e+07
1.303314594086350873e+07
1.303273798746228404e+07
1.303207281451421604e+07
1.303103724269760773e+07
1.302983919365176745e+07
1.302830470898923837e+07
1.302696400169496052e+07
1.302579433553523012e+07
1.302488574443176389e+07
1.302460031148746796e+07
1.302563686483153515e+07
1.302717745883112215e+07
1.302901110867139511e+07
1.303110170307271555e+07
1.303245662904853560e+07
1.303318031308593974e+07
1.303318397443271801e+07
1.303244518971926719e+07
1.303142215073123574e+07
1.303031742031345516e+07
1.302934218640054390e+07
1.302868840500739589e+07
1.302863663137266412e+07
1.302894812684495188e+07
1.302978562822033651e+07
1.303056809424763545e+07
1.303105980102725513e+07
1.303081705709765479e+07
1.302985182729253918e+07
1.302825466035089083e+07
1.302622447827957198e+07
1.302413276346171647e+07
1.302275198276683129e+07
1.302216551103194803e+07
1.302257242553327605e+07
1.302352691750578023e+07
1.302510466996723972e+07
1.302732436896916665e+07
1.302953513302117959e+07
1.303126616689071059e+07
1.303234347288539074e+07
1.303253184954907000e+07
1.303179301768582314e+07
1.303057426789164357e+07
1.302919198704419844e+07
1.302819335059097968e+07
1.302807359200917184e+07
1.302875178027344309e+07
1.302989197525676712e+07
1.303119417812800780e+07
1.303221846751855686e+07
1.303217238364829682e+07
1.303136484590655565e+07
1.302965133217205480e+07
1.302740965834040008e+07
1.302484145638429187e+07
1.302251115678922087e+07
1.302123819894928858e+07
1.302109834467411228e+07
1.302168035631887987e+07
1.302330895730686001e+07
1.302567432926723547e+07
1.302794341186585650e+07
1.303009597315363586e+07
1.303175015604665689e+07
1.303251739187355526e+07
1.303208647184075415e+07
1.303010860025317967e+07
1.302757321724027582e+07
1.302537944538727216e+07
1.302411571225666441e+07
1.302394017567398772e+07
1.302470366354114003e+07
1.302572756804003567e+07
1.302651319154373184e+07
1.302705760623999126e+07
1.302697491303723492e+07
1.302593574102596007e+07
1.302379877254002355e+07
1.302096142431187443e+07
1.301804371503406763e+07
1.301550782011401840e+07
1.301406070963842794e+07
1.301446015435379930e+07
1.301599653262210637e+07
1.301822177648663521e+07
1.302095084445150755e+07
1.302403325608370267e+07
1.302633699329673685e+07
1.302760398335929587e+07
1.302778608418339118e+07
1.302647905086485855e+07
1.302452610968433879e+07
1.302264155971367843e+07
1.302125419347456843e+07
1.302112875031828880e+07
1.302168943392653950e+07
1.302319578098456375e+07
1.302568217587079667e+07
1.302798559908979014e+07
1.302911539358213171e+07
1.302905345716559514e+07
1.302806420778038353e+07
1.302603595746494643e+07
1.302315882046785951e+07
1.302045447808702849e+07
1.301846443994832784e+07
1.301746437948947959e+07
1.301789640308261290e+07
1.301955129148948751e+07
1.302170935665841214e+07
1.302380911021331511e+07
1.302592167439609952e+07
1.302733722684768215e+07
1.302764969477787241e+07
1.302683929734526761e+07
1.302519997211260349e+07
1.302317765699819289e+07
1.302141755153227225e+07
1.302038413057287969e+07
1.302046829302325472e+07
1.302137893720548786e+07
1.302298626945505477e+07
1.302501384863138758e+07
1.302692497624198347e+07
1.302811072400970757e+07
1.302826343134445883e+07
1.302678706225043535e+07
1.302416491228437237e+07
1.302113028078328073e+07
1.301865956924133562e+07
1.301733278315993026e+07
1.301755078850073181e+07
1.301904541558821313e+07
1.302156421590987220e+07
1.302442459959279001e+07
1.302735211114010401e+07
1.302981645435321517e+07
1.303069574761461280e+07
1.302979296797466464e+07
1.302817971393345483e+07
1.302565677786299586e+07
1.302275953344180062e+07
1.302061238197803125e+07
1.301953885004899278e+07
1.302058088898156025e+07
1.302284589924887009e+07
1.302580956578996032e+07
1.302900245175927132e+07
1.303152018825707212e+07
1.303277902096122317e+07
1.303249468037397414e+07
1.303086155558002368e+07
1.302828362320104800e+07
1.302511750131339952e+07
1.302261842348160781e+07
1.302250249641296454e+07
1.302197904092729464e+07
1.302385833420249261e+07
1.302658537694538012e+07
1.302970115668820217e+07
1.303225209126491845e+07
1.303353546745429933e+07
1.303331760536301881e+07
1.303173730833818763e+07
1.302876993785757013e+07
1.302562998650033027e+07
1.302248082547965460e+07
1.302030475172081962e+07
1.301970106148356386e+07
1.302095819847619534e+07
1.302336997757533193e+07
1.302639570767450891e+07
1.302906958865422755e+07
1.303101153765882365e+07
1.303150739192324318e+07
1.303094768208209053e+07
1.302949396499890834e+07
1.302745564285779931e+07
1.302559852848185413e+07
1.302434396861026809e+07
1.302444222995805182e+07
1.302585847019298375e+07
1.302795803742485866e+07
1.303062595953257196e+07
1.303306613598394766e+07
1.303479480149820261e+07
1.303498141686670855e+07
1.303370119319119863e+07
1.303122872870814055e+07
1.302818179623507150e+07
1.302502324074363150e+07
1.302257158622692712e+07
1.302125876017437689e+07
1.302131599454437941e+07
1.302241412145353667e+07
1.302453922594893537e+07
1.302685891959453560e+07
1.302927952747732215e+07
1.303082904433924891e+07
1.303154138317186758e+07
1.303093656985449977e+07
1.302994586893678457e+07
1.302809024264309183e+07
1.302771970771560073e+07
1.302613739924729057e+07
1.302703626593492925e+07
1.302872243183057196e+07
1.303139617985307984e+07
1.303395666542208567e+07
1.303631974394076876e+07
1.303768191132180020e+07
1.303766047081325762e+07
1.303508828903650865e+07
1.303212220995873213e+07
1.302880579783247970e+07
1.302608433907658421e+07
1.302412587141690962e+07
1.302369939275371097e+07
1.302451132967480645e+07
1.302620909329166636e+07
1.302777893701033480e+07
1.302923789053643309e+07
1.303076372844045050e+07
1.303195913834544457e+07
1.303210871444076300e+07
1.303148219007881545e+07
1.303079663422867656e+07
1.303044962985699810e+07
1.303054741729054414e+07
1.303134542738008499e+07
1.303270648361481167e+07
1.303452797957183607e+07
1.303655830745566078e+07
1.303814477294516750e+07
1.303914447694744356e+07
1.303949540017038025e+07
1.303870052291994169e+07
1.303729021462699398e+07
1.303559617805690132e+07
1.303355264832268655e+07
1.303126637986482866e+07
1.302958601031030528e+07
1.302835945797361247e+07
1.302807863897855207e+07
1.302810272527766600e+07
1.302848015426474623e+07
1.302923594791039452e+07
1.303012177763660066e+07
1.303059981509018317e+07
1.303107800464902259e+07
1.303125340433551930e+07
1.303125360979922675e+07
1.303110617561865784e+07
1.303118666324478015e+07
1.303146856827669032e+07
1.303163753155444749e+07
1.303195425365428999e+07
1.303264922766374238e+07
1.303321109860380553e+07
1.303373838209969178e+07
1.303367829865428619e+07
1.303301784807051532e+07
1.303197141357835568e+07
1.303070604319820739e+07
1.302915107424640656e+07
1.302756004722583108e+07
1.302633225130848587e+07
1.302525026231315173e+07
1.302462230830954947e+07
1.302466989123802446e+07
1.302562964393702522e+07
1.302692340744664147e+07
1.302851729456906952e+07
1.303020866055167280e+07
1.303154522709455527e+07
1.303270445521667041e+07
1.303374632096391730e+07
1.303461377423135564e+07
1.303540051355701685e+07
1.303611472465646267e+07
1.303678249731424078e+07
1.303720545666265488e+07
1.303743657886898890e+07
1.303734617543028481e+07
1.303657653011933155e+07
1.303542562488595955e+07
1.303423557313314267e+07
1.303277988187864609e+07
1.303109603300498985e+07
1.302931996676701866e+07
1.302773573232485168e+07
1.302628506074692495e+07
1.302542927965735085e+07
1.302490002895066701e+07
1.302493052424804680e+07
1.302529710282728076e+07
1.302600769722332992e+07
1.302654655598134920e+07
1.302804268527342007e+07
