5.725741997947436571e+07
5.725846486486840248e+07
5.725880234353993833e+07
5.725918029539060593e+07
5.725937719895946234e+07
5.725977508419281244e+07
5.726004632517364621e+07
5.726018009178951383e+07
5.726010311727184057e+07
5.725983575207974762e+07
5.725928040496422350e+07
5.725837883291815221e+07
5.725715164762816578e+07
5.725599853604796529e+07
5.725480453695143014e+07
5.725369659783004224e+07
5.725267706542664766e+07
5.725195011322520673e+07
5.725154614533719420e+07
5.725175500838096440e+07
5.725261354265142977e+07
5.725361116570408642e+07
5.725475314587764442e+07
5.725610482814223319e+07
5.725738774564596266e+07
5.725843971468698233e+07
5.725917316979050636e+07
5.725965799475801736e+07
5.725981420228531212e+07
5.725975260009678453e+07
5.725978683803886175e+07
5.725986294387724251e+07
5.725991455485343933e+07
5.725996298494737595e+07
5.726001172483927757e+07
5.725962445362375677e+07
5.725879700509975851e+07
5.725775977053009719e+07
5.725649029195165634e+07
5.725494887387666106e+07
5.725336823424969614e+07
5.725208948124791682e+07
5.725112542827688158e+07
5.725077806390903890e+07
5.725120514202831686e+07
5.725208458762905002e+07
5.725342606089177728e+07
5.725516034675288200e+07
5.725690914039993286e+07
5.725829470006678253e+07
5.725919848516014963e+07
5.725951698350383341e+07
5.725948102969260514e+07
5.725926135116028786e+07
5.725905283352466673e+07
5.725884138317068666e+07
5.725883629968903214e+07
5.725908141323272884e+07
5.725951268790048361e+07
5.725980876922241598e+07
5.725960541901876777e+07
5.725912143666529655e+07
5.725821709392166138e+07
5.725671905409128219e+07
5.725480360611511022e+07
5.725283711532645673e+07
5.725105171326816827e+07
5.724986272510863096e+07
5.724954530082479864e+07
5.725008655217856169e+07
5.725131309716830403e+07
5.725319496022167057e+07
5.725533306148763001e+07
5.725721428738130629e+07
5.725856765024839342e+07
5.725937682833729684e+07
5.725957159883747250e+07
5.725921088026224822e+07
5.725864867293401062e+07
5.725808916609231383e+07
5.725782020549183339e+07
5.725801002864972502e+07
5.725866600527105480e+07
5.725946041736224294e+07
5.726000775057816505e+07
5.726016561592201889e+07
5.725978971460151672e+07
5.725863921490209550e+07
5.725669494091291726e+07
5.725435687298036367e+07
5.725198900976431370e+07
5.724999666777613014e+07
5.724892564246610552e+07
5.724882288520936668e+07
5.724972187490912527e+07
5.725151839606190473e+07
5.725388441679996997e+07
5.725613906528375298e+07
5.725791908952987939e+07
5.725911607060799748e+07
5.725954968263948709e+07
5.725918140890127420e+07
5.725834971533989161e+07
5.725733344958528876e+07
5.725664087690533698e+07
5.725647651861795038e+07
5.725708329879249632e+07
5.725814132559970766e+07
5.725928271852914244e+07
5.726029573456002772e+07
5.726086897847873718e+07
5.726044659493956715e+07
5.725903716445872188e+07
5.725682582443768531e+07
5.725419082312925160e+07
5.725164749497792870e+07
5.724985352324350178e+07
5.724900649574215710e+07
5.724928504161078483e+07
5.725077958963746578e+07
5.725302217297449708e+07
5.725549078950267285e+07
5.725761237181682140e+07
5.725919879720923305e+07
5.725982354312947392e+07
5.725944961526449025e+07
5.725841895880243927e+07
5.725706178164975345e+07
5.725577282477738708e+07
5.725505744255915284e+07
5.725535886941568553e+07
5.725645781696511060e+07
5.725802669747661799e+07
5.725969993040286750e+07
5.726109904947131872e+07
5.726161950964728743e+07
5.726097875543117523e+07
5.725921170798453689e+07
5.725669525299649686e+07
5.725383279340236634e+07
5.725148183788492531e+07
5.724991263932959735e+07
5.724943812370759994e+07
5.725020223515240103e+07
5.725215114047748595e+07
5.725466285170216113e+07
5.725699604528179020e+07
5.725892225307086110e+07
5.725994397264811397e+07
5.725990842144123465e+07
5.725896758434015512e+07
5.725741071354749799e+07
5.725559773420388252e+07
5.725431194609016925e+07
5.725400336491975933e+07
5.725448373908487707e+07
5.725573945395643264e+07
5.725781244758173823e+07
5.725986626277800649e+07
5.726126653823840618e+07
5.726163605920639634e+07
5.726084884898793697e+07
5.725902990214964747e+07
5.725643558582713455e+07
5.725387462387265265e+07
5.725190873552727699e+07
5.725075900161120296e+07
5.725082273084964603e+07
5.725230522634442151e+07
5.725448958080209047e+07
5.725672850805884600e+07
5.725883393566249311e+07
5.726025305828478187e+07
5.726049295121683180e+07
5.725960942768382281e+07
5.725795669017633796e+07
5.725585744218113273e+07
5.725391563220813870e+07
5.725283448534555733e+07
5.725263945652269572e+07
5.725348111163404584e+07
5.725531470916756988e+07
5.725776450881660730e+07
5.725990184288734198e+07
5.726133143452747911e+07
5.726162026186116785e+07
5.726086301876369119e+07
5.725904856655888259e+07
5.725668898542600870e+07
5.725454876928137243e+07
5.725304416570443660e+07
5.725262507195454836e+07
5.725389187005929649e+07
5.725497496826927364e+07
5.725716467302227020e+07
5.725938421236592531e+07
5.726086526299142092e+07
5.726126520587290078e+07
5.726066120708405972e+07
5.725910804633128643e+07
5.725692151940220594e+07
5.725443652005543560e+07
5.725246608186405897e+07
5.725146029470171779e+07
5.725145063040617108e+07
5.725270199119502306e+07
5.725509055497060716e+07
5.725751237248974293e+07
5.725945679557752609e+07
5.726067754203940928e+07
5.726073128581117839e+07
5.725958497522224486e+07
5.725805652689177543e+07
5.725625711798158288e+07
5.725473384872891754e+07
5.725395797988452017e+07
5.725427941854587942e+07
5.725545333126515150e+07
5.725717947057206184e+07
5.725928612020871043e+07
5.726103841475015879e+07
5.726188990668158233e+07
5.726167029437617958e+07
5.726040442951577157e+07
5.725829614221167564e+07
5.725567048209604621e+07
5.725326520794324577e+07
5.725144473998340219e+07
5.725063364147176594e+07
5.725090481861064583e+07
5.725240940518075228e+07
5.725455702029027045e+07
5.725687051235063374e+07
5.725860764985904098e+07
5.725970053548001498e+07
5.725966957359179854e+07
5.725900768888132274e+07
5.725777467519392073e+07
5.725665002356927842e+07
5.725564572104579210e+07
5.725651557420640439e+07
5.725626086944223940e+07
5.725778835831044614e+07
5.725942641289667785e+07
5.726122165365429223e+07
5.726227189926421642e+07
5.726250452333062887e+07
5.726162175370518863e+07
5.725978811667518318e+07
5.725724179374571890e+07
5.725477813630060107e+07
5.725267400180261582e+07
5.725123736693257838e+07
5.725065197884704918e+07
5.725132688830747455e+07
5.725276555863986909e+07
5.725467898830951005e+07
5.725656478167981654e+07
5.725802695774292946e+07
5.725871519940525293e+07
5.725867517878471315e+07
5.725812817142526060e+07
5.725735061697488278e+07
5.725667661938596517e+07
5.725679564051079005e+07
5.725733263481473178e+07
5.725826894055474550e+07
5.725954022957009822e+07
5.726102097573518753e+07
5.726219501257246733e+07
5.726274550498758256e+07
5.726233592198073119e+07
5.726102373262101412e+07
5.725905286680004746e+07
5.725678551113253087e+07
5.725447978143489361e+07
5.725257904980842769e+07
5.725126412534774840e+07
5.725096829159575701e+07
5.725150569568332285e+07
5.725265395372430235e+07
5.725409993644987792e+07
5.725553781808143854e+07
5.725662599145979434e+07
5.725736907519569248e+07
5.725753813056420535e+07
5.725739076433046907e+07
5.725726497528561205e+07
5.725742463097497076e+07
5.725786609852153063e+07
5.725856048879163712e+07
5.725956194498844445e+07
5.726072805542039126e+07
5.726175136304235458e+07
5.726235945849524438e+07
5.726232925956777483e+07
5.726156045601395518e+07
5.726004765035450459e+07
5.725821733784067631e+07
5.725628671803136915e+07
5.725429620819175243e+07
5.725274961891140044e+07
5.725179711267343909e+07
5.725148862655261904e+07
5.725174237456320226e+07
5.725249363727282733e+07
5.725354244933491200e+07
5.725462595081807673e+07
5.725569759607310593e+07
5.725648242828354985e+07
5.725686000451315939e+07
5.725725875381892920e+07
5.725765824462889135e+07
5.725813131461148709e+07
5.725861788130861521e+07
5.725935138116872311e+07
5.726008377944638580e+07
5.726087603783822805e+07
5.726149725061080605e+07
5.726171420630287379e+07
5.726143290640981495e+07
5.726076687829165906e+07
5.725965068075389415e+07
5.725825409332489222e+07
5.725663230343018472e+07
5.725512319191282243e+07
5.725381576091287285e+07
5.725289927292485535e+07
5.725226134173244238e+07
5.725219760553099215e+07
5.725243951667632908e+07
5.725318394811524451e+07
5.725405749373181164e+07
5.725507798049376160e+07
5.725573684057300538e+07
5.725679737153632194e+07
