9.544536690482862294e+06
9.545077570415571332e+06
9.545436430421628058e+06
9.545706928210256621e+06
9.545898260657437146e+06
9.546190299502335489e+06
9.546511793132496998e+06
9.546675860355811194e+06
9.546725129510978237e+06
9.546578277814546600e+06
9.546238198752291501e+06
9.545563411561647430e+06
9.544609159440783784e+06
9.543658713273324072e+06
9.542615039781395346e+06
9.541581538025517017e+06
9.540667096022287384e+06
9.540010106636328623e+06
9.539656175237735733e+06
9.539728586350345984e+06
9.540349872036499903e+06
9.541200032137939706e+06
9.542244030206991360e+06
9.543450903353545815e+06
9.544594908186348155e+06
9.545502043183375150e+06
9.546022046700064093e+06
9.546352254593292251e+06
9.546451609551632777e+06
9.546371154673147947e+06
9.546347720949599519e+06
9.546383332701599225e+06
9.546463425895513967e+06
9.546560254880530760e+06
9.546700528074365109e+06
9.546524556606518105e+06
9.545991992555402219e+06
9.545342332610404119e+06
9.544399582702994347e+06
9.543144118197321892e+06
9.541729313361655921e+06
9.540489243220511824e+06
9.539533949589090422e+06
9.539017937368759885e+06
9.539198625839956105e+06
9.539897431781411171e+06
9.541025505431069061e+06
9.542518794470658526e+06
9.544027685647314414e+06
9.545320512113256380e+06
9.546263505797469988e+06
9.546725059983983636e+06
9.546739617290996015e+06
9.546496977510223165e+06
9.546114222198829055e+06
9.545816321629127488e+06
9.545777558905154467e+06
9.545951173146054149e+06
9.546379231294285506e+06
9.546782991957327351e+06
9.546793902918079868e+06
9.546573819714622572e+06
9.546035891079086810e+06
9.544872070563524961e+06
9.543308221918424591e+06
9.541593559277415276e+06
9.539862571564024314e+06
9.538626830621724948e+06
9.538149620969709009e+06
9.538417758448902518e+06
9.539424099364893511e+06
9.541018038256691769e+06
9.542914187253484502e+06
9.544693943895187229e+06
9.545967591749981046e+06
9.546717214495807886e+06
9.546879774040784687e+06
9.546537914786003530e+06
9.545984134388327599e+06
9.545376591095391661e+06
9.544979812548551708e+06
9.544975884102066979e+06
9.545461700022522360e+06
9.546222759249472991e+06
9.546910407407263294e+06
9.547342171584893018e+06
9.547318027226854116e+06
9.546566640697266906e+06
9.545083297537731007e+06
9.543098156098943204e+06
9.540987707347538322e+06
9.539072033851224929e+06
9.537893654319299385e+06
9.537603972310442477e+06
9.538187728708000854e+06
9.539589814157245681e+06
9.541573433379059657e+06
9.543642243227055296e+06
9.545284055466379970e+06
9.546462313080502674e+06
9.546938911984851584e+06
9.546653167040778324e+06
9.545861314740808681e+06
9.544857690828032792e+06
9.544018051438584924e+06
9.543720253008687869e+06
9.544178696850268170e+06
9.545124184339322150e+06
9.546208857442254201e+06
9.547338297092093155e+06
9.548046994646200910e+06
9.547972690040243790e+06
9.546957015650028363e+06
9.545150771440934390e+06
9.542870244104806334e+06
9.540515323318880051e+06
9.538705518600808457e+06
9.537740352998616174e+06
9.537685643231892958e+06
9.538729345538975671e+06
9.540600518988704309e+06
9.542809704479383305e+06
9.544821469249958172e+06
9.546440553206622601e+06
9.547189061017414555e+06
9.546984530547672883e+06
9.546097276202071458e+06
9.544829542188003659e+06
9.543500734350083396e+06
9.542619074416713789e+06
9.542589478025155142e+06
9.543407029186600819e+06
9.544702089864637703e+06
9.546282641571132466e+06
9.547771934009628370e+06
9.548586672422464937e+06
9.548346552657730877e+06
9.547048422142781317e+06
9.545038588180227205e+06
9.542539162848835811e+06
9.540285480486439541e+06
9.538718019932439551e+06
9.538042880596684292e+06
9.538463093760838732e+06
9.540022469731856138e+06
9.542179275056611747e+06
9.544374827164847404e+06
9.546258906627068296e+06
9.547377226754184812e+06
9.547500064195539802e+06
9.546692504156067967e+06
9.545301383972400799e+06
9.543593465156016871e+06
9.542181857727043331e+06
9.541610449919039384e+06
9.541913763416539878e+06
9.542932357668088749e+06
9.544742582130258903e+06
9.546824625426432118e+06
9.548421502494476736e+06
9.549060387500122190e+06
9.548669506856167689e+06
9.547263645055538043e+06
9.545115112501882017e+06
9.542793562426239252e+06
9.540834645785953850e+06
9.539612244200883433e+06
9.539386086909599602e+06
9.540336703031597659e+06
9.542135107420770451e+06
9.544147864314515144e+06
9.546243105537828058e+06
9.547750328171018511e+06
9.548238715864589438e+06
9.547662979506446049e+06
9.546332507032454014e+06
9.544411580256130546e+06
9.542516170063538477e+06
9.541240465286498889e+06
9.540820164067091420e+06
9.541328196827752516e+06
9.542804080323487520e+06
9.544937633812451735e+06
9.547058729138303548e+06
9.548545028053395450e+06
9.549099738560678437e+06
9.548616896659832448e+06
9.547160941533440724e+06
9.545174642338864505e+06
9.543218520541949198e+06
9.541622025981754065e+06
9.541036623710228130e+06
9.541902394693341106e+06
9.542612709061484784e+06
9.544501247891271487e+06
9.546470022479016334e+06
9.548154831432560459e+06
9.548898949585223570e+06
9.548691108566248789e+06
9.547499117048915476e+06
9.545633399762934074e+06
9.543392714962253347e+06
9.541544669102953747e+06
9.540401571671938524e+06
9.540136838911149651e+06
9.540924425996327773e+06
9.542790663148166612e+06
9.544940963477876037e+06
9.546938239191558212e+06
9.548281685713671148e+06
9.548589068502303213e+06
9.547807352254716679e+06
9.546531686129111797e+06
9.544996099615488201e+06
9.543468304564006627e+06
9.542519823973108083e+06
9.542511368522252887e+06
9.543304650239007547e+06
9.544720402098435909e+06
9.546482126902224496e+06
9.548158360499288887e+06
9.549202244640471414e+06
9.549331511189784855e+06
9.548476624896263704e+06
9.546797185463581234e+06
9.544563578105667606e+06
9.542378935635549948e+06
9.540637279266003519e+06
9.539649701877815649e+06
9.539647250839095563e+06
9.540797935431404039e+06
9.542607928905511275e+06
9.544598668041955680e+06
9.546300665239902213e+06
9.547386202373111621e+06
9.547536508893180639e+06
9.547084487283442169e+06
9.546081186680434272e+06
9.544954928524840623e+06
9.544037559117197990e+06
9.544764446070956066e+06
9.544110672617651522e+06
9.545384999276090413e+06
9.546666096362043172e+06
9.548327942876160145e+06
9.549415696502326056e+06
9.549977650108363479e+06
9.549498460347734392e+06
9.548145248084893450e+06
9.546062408309843391e+06
9.543947816366557032e+06
9.542007774260945618e+06
9.540473535098468885e+06
9.539746912583312020e+06
9.540112094311067834e+06
9.541188902296310291e+06
9.542746579312678427e+06
9.544437074856622145e+06
9.545862611003562808e+06
9.546626004430364817e+06
9.546729679436460137e+06
9.546381100349303335e+06
9.545733917527751997e+06
9.545054296960052103e+06
9.544914143729057163e+06
9.545216010856376961e+06
9.545877491639729589e+06
9.546965511308891699e+06
9.548303157850073650e+06
9.549386590637896210e+06
9.550082208312336355e+06
9.550005571575045586e+06
9.549073739029603079e+06
9.547551632551034912e+06
9.545700122446943074e+06
9.543692447861798108e+06
9.541962290341326967e+06
9.540691582847172394e+06
9.540292004408517852e+06
9.540698059701988474e+06
9.541618954615702853e+06
9.542755302311394364e+06
9.544014510129800066e+06
9.545067403814544901e+06
9.545812548647860065e+06
9.546058073917096481e+06
9.545917312399571761e+06
9.545760728781685233e+06
9.545780374120322987e+06
9.546025397448828444e+06
9.546474639329280704e+06
9.547233148454489186e+06
9.548162131532756612e+06
9.549068001802951097e+06
9.549686308952672407e+06
9.549838773291079327e+06
9.549402767600556836e+06
9.548330944648545235e+06
9.546895404027149081e+06
9.545379993665914983e+06
9.543694895052297041e+06
9.542258804950656369e+06
9.541331207269016653e+06
9.540904629365423694e+06
9.540939211768573150e+06
9.541444059719461948e+06
9.542240993286091834e+06
9.543176069811725989e+06
9.544134030289048329e+06
9.544877001080991700e+06
9.545297513769360259e+06
9.545647759309228510e+06
9.545981959982277825e+06
9.546345825815517455e+06
9.546681232881730422e+06
9.547156241892222315e+06
9.547686135387631133e+06
9.548371366380488500e+06
9.548923573973765597e+06
9.549156149832151830e+06
9.549014405327396467e+06
9.548561739507228136e+06
9.547733459086354822e+06
9.546709530202591792e+06
9.545409295371262357e+06
9.544143402603158727e+06
9.542890889391047880e+06
9.541950679264979437e+06
9.541230728177288547e+06
9.541050703936148435e+06
9.541100791221151128e+06
9.541667399296490476e+06
9.542403235077317804e+06
9.543464426503522322e+06
9.544160681700306013e+06
9.545262741862643510e+06
