3.118913485220143199e+07
3.118983926680976152e+07
3.119069550622791052e+07
3.119097268259752169e+07
3.119116830198309571e+07
3.119144047283508629e+07
3.119162087318533659e+07
3.119147388304990157e+07
3.119147569954678044e+07
3.119140370822611824e+07
3.119109616621286049e+07
3.119049147501131147e+07
3.118966122027912363e+07
3.118879478808971494e+07
3.118793622673267126e+07
3.118706603267056122e+07
3.118573538010076061e+07
3.118426266170198098e+07
3.118305307744840160e+07
3.118258062265240774e+07
3.118264837866766006e+07
3.118348235953940079e+07
3.118481116690029204e+07
3.118635393886256963e+07
3.118761824818176031e+07
3.118856086326820776e+07
3.118912893555272743e+07
3.118938301259174943e+07
3.118944111424344778e+07
3.118930278105624765e+07
3.118942847949345782e+07
3.118933840062127262e+07
3.118915504626680911e+07
3.118914568986376002e+07
3.118926680427131057e+07
3.118910031627478823e+07
3.118878132271754742e+07
3.118831461849293113e+07
3.118775712779909372e+07
3.118636550334638730e+07
3.118487473886172101e+07
3.118371882598562539e+07
3.118274664343680814e+07
3.118242566352143884e+07
3.118261750242580101e+07
3.118348567420328036e+07
3.118468305673815683e+07
3.118646663193954527e+07
3.118827967738400400e+07
3.118997030625368655e+07
3.119109307752732933e+07
3.119166056735888124e+07
3.119186374227123708e+07
3.119157865529948100e+07
3.119107915841620788e+07
3.119070353823519871e+07
3.119047716520971060e+07
3.119055207727656141e+07
3.119086199976736680e+07
3.119118569590600953e+07
3.119119309252224118e+07
3.119103171405302733e+07
3.119061468636628985e+07
3.118953479397028312e+07
3.118789225699197501e+07
3.118610530564080179e+07
3.118450852091473714e+07
3.118322895300748944e+07
3.118272204877882823e+07
3.118317335764794052e+07
3.118424922882744670e+07
3.118606964792510867e+07
3.118834568993729353e+07
3.119039360930168629e+07
3.119181013450930268e+07
3.119249449744458497e+07
3.119265381815642491e+07
3.119238607901197672e+07
3.119177075365570933e+07
3.119094881277509779e+07
3.119009963912640139e+07
3.118986089462230727e+07
3.119029386457688734e+07
3.119109412913919985e+07
3.119182027301165089e+07
3.119214440769743919e+07
3.119216926434516907e+07
3.119150174131067470e+07
3.119016647405822575e+07
3.118821373878770322e+07
3.118609776304220408e+07
3.118421364340692386e+07
3.118291700684089586e+07
3.118281567716791853e+07
3.118365073171927035e+07
3.118520188840058818e+07
3.118715802974961698e+07
3.118915282560652867e+07
3.119056361851942167e+07
3.119192232444392145e+07
3.119250196574199945e+07
3.119230524291781709e+07
3.119162379468404502e+07
3.119072363602726907e+07
3.118981097442140803e+07
3.118945571365896985e+07
3.118982492930565774e+07
3.119079549602178484e+07
3.119211385443148017e+07
3.119347014872936159e+07
3.119450915230630711e+07
3.119477688480380177e+07
3.119399127838157117e+07
3.119235352904792130e+07
3.118980270040624216e+07
3.118717216701970249e+07
3.118489410331570357e+07
3.118379024399760738e+07
3.118365609245077521e+07
3.118467598859215900e+07
3.118650318785473704e+07
3.118881421545815468e+07
3.119057552025340870e+07
3.119222565943142772e+07
3.119328134409728646e+07
3.119323162572817132e+07
3.119250108203157037e+07
3.119163465141867101e+07
3.119028091338844970e+07
3.118965821802823991e+07
3.118958781899226457e+07
3.119005208586648852e+07
3.119091414699023589e+07
3.119234483426964656e+07
3.119383630652070045e+07
3.119451867985481024e+07
3.119440054206004739e+07
3.119302231563249603e+07
3.119082339822136983e+07
3.118803378398020566e+07
3.118541399440957606e+07
3.118345936073891073e+07
3.118241931805555895e+07
3.118262310696706176e+07
3.118440375147556141e+07
3.118729226540560648e+07
3.118992198667851463e+07
3.119199419634017721e+07
3.119317589075246826e+07
3.119328808889643103e+07
3.119234706679230183e+07
3.119078883589134738e+07
3.118909806058055535e+07
3.118770094522467256e+07
3.118700568533471227e+07
3.118712571448080614e+07
3.118795209026078507e+07
3.118957580562415719e+07
3.119148298485973477e+07
3.119324457231182232e+07
3.119418218726383522e+07
3.119402361632212624e+07
3.119300531819343567e+07
3.119146793267056718e+07
3.118912788507988676e+07
3.118718554177666083e+07
3.118569947100077569e+07
3.118521511178300902e+07
3.118583536101622880e+07
3.118733260052903742e+07
3.118921534005814418e+07
3.119098698592750356e+07
3.119248974076772854e+07
3.119330217933847755e+07
3.119294718464329094e+07
3.119187463723640516e+07
3.119008690722505748e+07
3.118789163303193823e+07
3.118621686268698424e+07
3.118592998141264170e+07
3.118667704360027239e+07
3.118863274955028668e+07
3.119112615735421702e+07
3.119336211944932863e+07
3.119476134992070869e+07
3.119504338049814105e+07
3.119447648827400431e+07
3.119314467139900103e+07
3.119106956694792584e+07
3.118916973626230285e+07
3.118732693974686787e+07
3.118625905173317343e+07
3.118664165427762270e+07
3.118661600669172779e+07
3.118850409471574426e+07
3.119045979932002723e+07
3.119228439077932760e+07
3.119326224098660424e+07
3.119329783357296884e+07
3.119251996527850255e+07
3.119134158847679943e+07
3.118917096707033738e+07
3.118672666509214789e+07
3.118523057801495120e+07
3.118442254507981613e+07
3.118480507494248822e+07
3.118626220489489660e+07
3.118866899255786836e+07
3.119075874981965497e+07
3.119233509185548127e+07
3.119288620391220972e+07
3.119216342669092864e+07
3.119060204217366874e+07
3.118890089253683016e+07
3.118723715787550807e+07
3.118618848048102483e+07
3.118639496237725019e+07
3.118801643824597821e+07
3.118968048550919816e+07
3.119142747021275759e+07
3.119286027414146811e+07
3.119370920870520920e+07
3.119382870097231120e+07
3.119306163339836150e+07
3.119140567109737545e+07
3.118935549678792804e+07
3.118720737415430322e+07
3.118561751197282225e+07
3.118464811133798584e+07
3.118440207555554062e+07
3.118557654653047025e+07
3.118751074459252506e+07
3.118968763460839912e+07
3.119181184625472128e+07
3.119311244147387892e+07
3.119329296601816639e+07
3.119276370912035555e+07
3.119159274541020766e+07
3.119019203924345598e+07
3.118904703658563271e+07
3.118948242460536957e+07
3.118858980553143471e+07
3.118955438950878382e+07
3.119073485638747364e+07
3.119233359470509365e+07
3.119346035304184631e+07
3.119398215668468550e+07
3.119355625432731956e+07
3.119226333158395439e+07
3.119025099501626939e+07
3.118828556719223782e+07
3.118674373683938757e+07
3.118491834376070648e+07
3.118411399424570799e+07
3.118451278695475683e+07
3.118589966615348309e+07
3.118764369653614983e+07
3.118975979005669430e+07
3.119170408116342872e+07
3.119259165910523012e+07
3.119278258229738474e+07
3.119222105736508220e+07
3.119134455094261840e+07
3.119039036897094175e+07
3.119001847177797183e+07
3.119011266978388280e+07
3.119081926225241274e+07
3.119215195253533125e+07
3.119362640921290591e+07
3.119484806824537367e+07
3.119538212205972150e+07
3.119529383082024008e+07
3.119434859276925772e+07
3.119272254041280225e+07
3.119080741917218640e+07
3.118899928302664310e+07
3.118706969703584537e+07
3.118565025844087079e+07
3.118533444498198852e+07
3.118593228053100035e+07
3.118719816834094375e+07
3.118862204208951443e+07
3.118958442626754567e+07
3.119030997828348354e+07
3.119058881593840197e+07
3.119027284064334258e+07
3.118996164262172580e+07
3.118958733517772332e+07
3.118978259324848652e+07
3.119034364261863008e+07
3.119120379600045457e+07
3.119244813463480026e+07
3.119382942751917616e+07
3.119467982506857440e+07
3.119502161653110385e+07
3.119486076525104046e+07
3.119431225773257017e+07
3.119302524087491632e+07
3.119139887552293390e+07
3.118968932793594524e+07
3.118792088850482553e+07
3.118641466123565286e+07
3.118535257006639242e+07
3.118484790249020606e+07
3.118473753416677937e+07
3.118545445874267817e+07
3.118647475505058840e+07
3.118752693079408258e+07
3.118867472532203048e+07
3.118967809308763593e+07
3.119002670118871331e+07
3.119032623328879848e+07
3.119079031563656777e+07
3.119133536867941543e+07
3.119167056294424087e+07
3.119225308459104225e+07
3.119259811066874489e+07
3.119340571537484601e+07
3.119397238083045930e+07
3.119429926767934114e+07
3.119430406137433648e+07
3.119387467583090439e+07
3.119304921011485904e+07
3.119178588005149737e+07
3.119040038325859979e+07
3.118928957287612185e+07
3.118792697950200364e+07
3.118657376765095070e+07
3.118566968302991614e+07
3.118523323663840443e+07
3.118499219372108206e+07
3.118567964978182688e+07
3.118684518939960375e+07
3.118855119900656492e+07
3.118935154199660569e+07
3.119022439184194431e+07
