6.093218816599856317e+07
6.093158403851459920e+07
6.093041311884000897e+07
6.092925170777473599e+07
6.092814777547214925e+07
6.092779589530036598e+07
6.092812344225651026e+07
6.092880172014769167e+07
6.092890984796646237e+07
6.092898871169032902e+07
6.092922472219340503e+07
6.092860240510981530e+07
6.092744165253081918e+07
6.092617126059208065e+07
6.092494266451396048e+07
6.092367066498224437e+07
6.092243786285457015e+07
6.092159492265597731e+07
6.092110695197778195e+07
6.092135098533191532e+07
6.092248026882481575e+07
6.092390219167350978e+07
6.092530645925798267e+07
6.092648224038881063e+07
6.092757139437080920e+07
6.092835736482951045e+07
6.092863849562915415e+07
6.092848647162457556e+07
6.092825462309877574e+07
6.092789646848692000e+07
6.092766793142330647e+07
6.092755453951505572e+07
6.092762617340236157e+07
6.092763312898295373e+07
6.092730754097437859e+07
6.092661161345747113e+07
6.092573135066133738e+07
6.092488776956280321e+07
6.092395876070252806e+07
6.092277861467425525e+07
6.092154545739081502e+07
6.092053161842580885e+07
6.091980018966059387e+07
6.091964620468007028e+07
6.092020338170128316e+07
6.092096619537752122e+07
6.092208139153827727e+07
6.092341465651535243e+07
6.092467313517610729e+07
6.092561991380132735e+07
6.092644403949575871e+07
6.092690733235064149e+07
6.092689821674351394e+07
6.092660898925738037e+07
6.092621983877439052e+07
6.092591386969932914e+07
6.092575828984204680e+07
6.092574612854534388e+07
6.092591326114635170e+07
6.092597733885698766e+07
6.092574161524067074e+07
6.092539452202440798e+07
6.092488880012527853e+07
6.092392881763236225e+07
6.092277816114407778e+07
6.092184309991600364e+07
6.092097750023482740e+07
6.092032668638367951e+07
6.092029458053524047e+07
6.092074853575049341e+07
6.092168526328890771e+07
6.092300389647695422e+07
6.092446771691425890e+07
6.092560405823135376e+07
6.092651100414717942e+07
6.092739053535417467e+07
6.092783951331303269e+07
6.092772278473880142e+07
6.092715109141398221e+07
6.092669869434574991e+07
6.092698912259524316e+07
6.092772836500220746e+07
6.092863593452876061e+07
6.092925573407915980e+07
6.092935634578305483e+07
6.092913436570385844e+07
6.092873989457843453e+07
6.092791987409504503e+07
6.092660229867152125e+07
6.092503269681009650e+07
6.092340667494112253e+07
6.092267931723283231e+07
6.092328585165166855e+07
6.092364856372837722e+07
6.092429529078415781e+07
6.092611299838220328e+07
6.092860386022235453e+07
6.093126101618187129e+07
6.093401891996669024e+07
6.093559238272777945e+07
6.093624032540491223e+07
6.093591955815729499e+07
6.093514467411501706e+07
6.093424197356481850e+07
6.093383963530612737e+07
6.093415215580568463e+07
6.093540514988990128e+07
6.093640809350562096e+07
6.093647651348471642e+07
6.093594437758464366e+07
6.093521567877051979e+07
6.093399816828524321e+07
6.093247106510964781e+07
6.093039638921391964e+07
6.092835734988060594e+07
6.092715338948738575e+07
6.092625782359824330e+07
6.092528732913853228e+07
6.092513408449294418e+07
6.092677962061396986e+07
6.092965088598398119e+07
6.093265985259792209e+07
6.093476304027740657e+07
6.093561439707945287e+07
6.093555403362497687e+07
6.093443956792774051e+07
6.093377583894408494e+07
6.093342329679152369e+07
6.093299244379512221e+07
6.093263249389484525e+07
6.093266518078336120e+07
6.093353761162440479e+07
6.093484451805800945e+07
6.093553865561053902e+07
6.093600093729396909e+07
6.093652620995853096e+07
6.093632199957488477e+07
6.093543976636035740e+07
6.093388535766334832e+07
6.093136927998010069e+07
6.092891604119211435e+07
6.092683715218860656e+07
6.092577453954248875e+07
6.092578886137807369e+07
6.092737389182484150e+07
6.092940333463177830e+07
6.093053255387505889e+07
6.093094219002892822e+07
6.093055464217475057e+07
6.093012881056151539e+07
6.092947739215195924e+07
6.092939634069167078e+07
6.092879725661446154e+07
6.092750605085539073e+07
6.092645192796196043e+07
6.092627348530349880e+07
6.092725995376919955e+07
6.092952234517787397e+07
6.093202217185267806e+07
6.093346424860503525e+07
6.093347986654984206e+07
6.093229330685440451e+07
6.093035646874818206e+07
6.092784480027030408e+07
6.092583819192352146e+07
6.092517644931542128e+07
6.092547969773446769e+07
6.092622130869729072e+07
6.092695717889758945e+07
6.092820966142655164e+07
6.092974767758580297e+07
6.093143126224450767e+07
6.093270552790838480e+07
6.093277085941798985e+07
6.093188882074674219e+07
6.093019368739385903e+07
6.092808587206783146e+07
6.092609594413836300e+07
6.092472650072437525e+07
6.092422781343393773e+07
6.092488689920153469e+07
6.092667529530695081e+07
6.092928284059977531e+07
6.093200063244799525e+07
6.093415632983582467e+07
6.093534115742655843e+07
6.093507709712744504e+07
6.093367273511450738e+07
6.093126111250019073e+07
6.092899638125158846e+07
6.092673422671778500e+07
6.092541062865440547e+07
6.092630425919492543e+07
6.092597160136742890e+07
6.092788743709859997e+07
6.092915375017424673e+07
6.093002529096356779e+07
6.093027185429541767e+07
6.092973316562271863e+07
6.092886213242133707e+07
6.092860150225382298e+07
6.092756348510511965e+07
6.092597518738593906e+07
6.092432191137404740e+07
6.092282762673913687e+07
6.092251809501684457e+07
6.092397208845956624e+07
6.092635304410504550e+07
6.092924737027914077e+07
6.093176942862258106e+07
6.093302206546017528e+07
6.093245345675076544e+07
6.093153810359449685e+07
6.092977820440777391e+07
6.092817380161478370e+07
6.092795534614848346e+07
6.092834711066792160e+07
6.092863829052666575e+07
6.092962823988154531e+07
6.093128027956842631e+07
6.093323279197686911e+07
6.093476532550210506e+07
6.093530569506978244e+07
6.093449386169125140e+07
6.093294153974263370e+07
6.093077920591278374e+07
6.092880909349008650e+07
6.092721491299860179e+07
6.092661799726952612e+07
6.092732809279362112e+07
6.092896493987776339e+07
6.093081478583239019e+07
6.093218032123987377e+07
6.093353501413954049e+07
6.093454359318905324e+07
6.093458164158417284e+07
6.093397477137641609e+07
6.093323412085355818e+07
6.093251200152163208e+07
6.093164458930736780e+07
6.092766916374783963e+07
6.093093253047162294e+07
6.092967712044374645e+07
6.093035957050617039e+07
6.093016218233686686e+07
6.093005607223341614e+07
6.092923464308943599e+07
6.092873285465102643e+07
6.092753958918593079e+07
6.092635123078689724e+07
6.092484671977876872e+07
6.092394816626065224e+07
6.092328522538044304e+07
6.092309521639432758e+07
6.092331556347925216e+07
6.092414906858676672e+07
6.092516961991597712e+07
6.092617722834362835e+07
6.092655061116690934e+07
6.092636337602055073e+07
6.092572987499966472e+07
6.092577542631385475e+07
6.092636140785310417e+07
6.092705725084657967e+07
6.092700140683043003e+07
6.092701631952126324e+07
6.092801769314155728e+07
6.092930364721212536e+07
6.093096537089021504e+07
6.093260694887275249e+07
6.093249417260856926e+07
6.093105981821937114e+07
6.092885729288614541e+07
6.092651203976988792e+07
6.092426481771413237e+07
6.092214479802399874e+07
6.092069572330125421e+07
6.092009913128840923e+07
6.091997782092887163e+07
6.092033449198789895e+07
6.092126840299598873e+07
6.092297710293786228e+07
6.092456260300274938e+07
6.092610276107198745e+07
6.092678674640666693e+07
6.092668386706052721e+07
6.092637104376841336e+07
6.092598494579806179e+07
6.092563823340008408e+07
6.092544212262672931e+07
6.092542441574119776e+07
6.092559498376166821e+07
6.092598964513434470e+07
6.092650195450297743e+07
6.092697918724429607e+07
6.092712603259770572e+07
6.092691743197757751e+07
6.092609190483401716e+07
6.092530452733701468e+07
6.092482920086587965e+07
6.092432134122549742e+07
6.092400138729014248e+07
6.092367134119689465e+07
6.092316238045035303e+07
6.092296133084207028e+07
6.092305345965099335e+07
6.092340420448374003e+07
6.092402379201471806e+07
6.092481681690032780e+07
6.092507698601633310e+07
6.092500390947613865e+07
6.092516503360179812e+07
6.092564444167529047e+07
6.092653140337046236e+07
6.092787569254250079e+07
6.092911005915444344e+07
6.092988721260254085e+07
6.093053405197563022e+07
6.093117386125968397e+07
6.093101267843775451e+07
6.093047633851287514e+07
6.092936356731053442e+07
6.092793009173924476e+07
6.092602710408446938e+07
6.092410331488962471e+07
6.092201639273109287e+07
6.092064539139070362e+07
6.092004154568151385e+07
6.092041282290481031e+07
6.092060434783814847e+07
6.092178108736002445e+07
6.092268718987314403e+07
6.092388375457300246e+07
6.092426162252752483e+07
6.092496394601261616e+07
6.092409671946278960e+07
