2.163519167261638492e+07
2.163154916491091996e+07
2.163776255818680301e+07
2.164250370885501057e+07
2.165086880057032779e+07
2.165450852713564411e+07
2.165759044803302363e+07
2.165529908213320002e+07
2.165028770634647831e+07
2.164611525049347058e+07
2.164331943152527884e+07
2.164070442226409167e+07
2.163939101697371900e+07
2.163733340549036488e+07
2.163539051747171953e+07
2.163429425280331075e+07
2.163417615291732177e+07
2.163466220030444860e+07
2.163749629488635063e+07
2.164132950763060525e+07
2.164592899867309630e+07
2.165107524848301709e+07
2.165525834612976760e+07
2.165683257616716623e+07
2.165659689058224112e+07
2.165507047616678476e+07
2.164883747810076177e+07
2.163923052646092698e+07
2.163140048542312905e+07
2.162531048900482059e+07
2.162118851052352786e+07
2.161953021560669318e+07
2.161848807354770973e+07
2.161790210849777609e+07
2.161848534467912838e+07
2.162018872427552566e+07
2.162408869322956726e+07
2.163490577817156166e+07
2.164547183599473163e+07
2.165559910240907595e+07
2.166572244081471860e+07
2.167546940774298459e+07
2.167722778123943508e+07
2.166594720164596662e+07
2.165279898144952580e+07
2.164044521196278930e+07
2.163053078411366791e+07
2.162285568836826086e+07
2.161683726230650768e+07
2.161396594533118233e+07
2.161479604947912320e+07
2.161827033501282334e+07
2.162308597022847831e+07
2.162779613610539958e+07
2.163179714061442390e+07
2.163470283502073213e+07
2.163619832093682513e+07
2.163766680748083070e+07
2.163975912452278286e+07
2.164112271128582954e+07
2.164222563678715378e+07
2.164440588319714367e+07
2.164663471642148122e+07
2.164992243686636537e+07
2.165242017159219459e+07
2.165373606820935756e+07
2.164803592307348922e+07
2.163645088207013160e+07
2.162534807966936752e+07
2.161619837732204422e+07
2.161046281045088917e+07
2.160714106628129631e+07
2.160700583805758879e+07
2.161017813004785031e+07
2.161457037730364501e+07
2.162041281475252658e+07
2.162748892976767197e+07
2.163606352232979983e+07
2.164388314608725160e+07
2.164926810405800864e+07
2.164850885195359588e+07
2.163571206530772150e+07
2.162216284208415076e+07
2.161233903210360184e+07
2.160577378581401333e+07
2.160283349168080091e+07
2.160507033927058056e+07
2.161053186485015973e+07
2.161622370546148717e+07
2.162270780796904862e+07
2.163027786966418102e+07
2.163807604177937657e+07
2.164286451900432631e+07
2.164538650043430179e+07
2.163521835872859508e+07
2.162207020401730388e+07
2.161279354508775473e+07
2.160735644243189692e+07
2.160716983909057453e+07
2.160876745912884921e+07
2.161097776805289090e+07
2.161559085707940906e+07
2.162305652687320486e+07
2.162942171060596779e+07
2.162847089983540773e+07
2.162417954791924357e+07
2.161815493289875984e+07
2.161150697265750170e+07
2.160454093892912567e+07
2.160116887576012686e+07
2.160017851253411174e+07
2.160175246352890506e+07
2.160597236023856699e+07
2.161807400557485595e+07
2.163320918939976022e+07
2.164481559010620415e+07
2.164757663589214906e+07
2.163724816454096511e+07
2.162287640031991526e+07
2.161008823542221636e+07
2.160137521844154224e+07
2.159487603933524713e+07
2.159015870252778381e+07
2.158667067847236618e+07
2.158431381097934768e+07
2.158465489139278978e+07
2.159094701879935712e+07
2.159902973190868646e+07
2.160567942519107834e+07
2.160980531155622005e+07
2.160872782269064710e+07
2.160389761166302860e+07
2.159948976326841116e+07
2.159790867998271435e+07
2.159803526164016128e+07
2.159965219741471112e+07
2.160552260825771838e+07
2.161588407431951538e+07
2.162716207371621579e+07
2.164159978638574854e+07
2.165749401114121825e+07
2.165439745942956954e+07
2.163612184180539846e+07
2.161905625697791949e+07
2.160440960427659750e+07
2.159441492783310264e+07
2.158810095065787435e+07
2.158708034913840890e+07
2.158855700618932024e+07
2.159504079593752697e+07
2.160867087701291963e+07
2.162715985965980217e+07
2.164633426898493618e+07
2.165581791047274321e+07
2.164779936330320686e+07
2.163689227339654788e+07
2.162674241501398012e+07
2.162091084296830371e+07
2.161942219061966985e+07
2.162349326266167685e+07
2.162966707299559563e+07
2.163721620165564120e+07
2.164425254074751213e+07
2.165266652741143107e+07
2.166004500309886783e+07
2.166507746939481050e+07
2.165896134265228361e+07
2.164815700283857435e+07
2.163868427791462094e+07
2.163110490018880367e+07
2.162507040718640760e+07
2.162167867928763106e+07
2.162026461604540423e+07
2.162258568534768745e+07
2.162970864286544919e+07
2.163951252093261480e+07
2.164943264498965815e+07
2.165910331717221439e+07
2.166478488725947961e+07
2.166560971038990095e+07
2.165658617889490724e+07
2.164418798764647916e+07
2.163256957812104747e+07
2.162328375232927874e+07
2.161558891357891262e+07
2.161158731763488799e+07
2.160890178821940348e+07
2.161081971701550111e+07
2.161970074718121067e+07
2.163335045206217468e+07
2.164618665368052945e+07
2.165837809651473537e+07
2.166231829965772852e+07
2.165519331806733087e+07
2.163832863408267498e+07
2.162523745695171505e+07
2.161886438406628370e+07
2.161527651079994440e+07
2.161464777861538157e+07
2.161790736199586466e+07
2.162334453742330149e+07
2.163893164815076441e+07
2.165590014473901317e+07
2.166589320150372013e+07
2.165751425139594078e+07
2.164183690975005552e+07
2.162947883795810863e+07
2.162119464773948863e+07
2.161693746206597611e+07
2.161511439809317142e+07
2.161654291032132879e+07
2.162187572208543867e+07
2.163171689623868093e+07
2.164494055925880373e+07
2.165881196293124184e+07
2.166854075906857103e+07
2.167282064013123885e+07
2.166480023648019880e+07
2.164851588200984895e+07
2.163459944568317756e+07
2.162588543640828878e+07
2.162380859660134837e+07
2.162556644610712677e+07
2.163078194019080698e+07
2.164214684360216931e+07
2.165859000243204832e+07
2.167073798352847248e+07
2.167901179922420904e+07
2.167951545747375861e+07
2.167124002846439555e+07
2.165745057837495580e+07
2.164426925017119944e+07
2.163211535134779289e+07
2.162628788256454468e+07
2.162515174635114893e+07
2.162905614287791029e+07
2.163502296568177640e+07
2.164338387457934767e+07
2.164768886561739817e+07
2.165402740391151980e+07
2.163765161579452828e+07
2.166266723386629671e+07
2.165590484306425974e+07
2.164902133722677827e+07
2.163314635045411065e+07
2.162629649070051312e+07
2.162131154532974958e+07
2.162374654923846573e+07
2.162824331197668239e+07
2.163607621707892045e+07
2.164207451277625561e+07
2.164930676743400469e+07
2.165653697587767988e+07
2.166242718027082458e+07
2.165894259989006072e+07
2.165067935425183550e+07
2.164132390952641889e+07
2.163404996784437448e+07
2.162735075339969248e+07
2.162312966896009073e+07
2.162137102308429405e+07
2.162435148006857187e+07
2.162925596737127751e+07
2.164016967225494981e+07
2.165344203111576289e+07
2.166697776941933855e+07
2.166956283114223927e+07
2.165403065323689580e+07
2.163812158298569918e+07
2.162673174645743892e+07
2.161865293196887523e+07
2.161562403282291442e+07
2.161602259342039749e+07
2.162068091165165231e+07
2.162745045923754945e+07
2.163480829685723409e+07
2.164344925939333811e+07
2.165173039393914491e+07
2.166026829022910446e+07
2.165748750734317675e+07
2.164796944526350126e+07
2.164020400337658450e+07
2.163349600226076692e+07
2.162757942220977694e+07
2.162343543707996234e+07
2.162268880229808763e+07
2.162860086072186753e+07
2.163837184829168394e+07
2.164760367023709789e+07
2.165060235928964615e+07
2.164169896283232793e+07
2.163031184495485947e+07
2.162218171439122036e+07
2.161681646055715904e+07
2.161337349909719452e+07
2.161442750612853840e+07
2.161863667617838457e+07
2.162486482441924885e+07
2.163220027222540975e+07
2.163947686728608608e+07
2.164625055058057979e+07
2.165186605096987262e+07
2.165768106625816226e+07
2.166248406645903736e+07
2.166262469828392938e+07
2.165572820898560435e+07
2.164737263004969433e+07
2.163933461886813492e+07
2.163265503446237370e+07
2.162734913089719787e+07
2.162400037196121365e+07
2.162184814904756099e+07
2.162117071183475852e+07
2.162131077402836829e+07
2.162302216350039840e+07
2.162439099594504014e+07
2.162645834133715183e+07
2.163013937795512751e+07
2.163565977707257867e+07
2.163884517584328726e+07
2.164088777954903245e+07
2.164314535734518245e+07
2.165056655613743141e+07
2.165682656400346011e+07
2.166343649150862917e+07
2.166700265736725926e+07
2.167078639814952016e+07
2.166669708226514608e+07
2.165526354181529954e+07
2.164201997420416400e+07
2.163232256574077532e+07
2.162282821106667444e+07
2.161801889924880117e+07
2.161176015875764936e+07
2.161322552475501969e+07
2.161128842328155786e+07
