2.908724129262041673e+07
2.906217108888555691e+07
2.907143682491559535e+07
2.906610571468148008e+07
2.907036607861808687e+07
2.906880314965638518e+07
2.907225130170380697e+07
2.907123126201900840e+07
2.907417028622687981e+07
2.907429076894798130e+07
2.907738535383356363e+07
2.907771268768496439e+07
2.907944289146512002e+07
2.907981063620808348e+07
2.908189843487794325e+07
2.908231404323124886e+07
2.908391327664817497e+07
2.908405849425226822e+07
2.908596869104779512e+07
2.908609255525918305e+07
2.908706086733699217e+07
2.908678008783400059e+07
2.908699399351816624e+07
2.908515333126796782e+07
2.908498094750761613e+07
2.908527292856071517e+07
2.908555570517162234e+07
2.908425326317030936e+07
2.908343360891896114e+07
2.908236778580578789e+07
2.908272628788493574e+07
2.908327739486108720e+07
2.908459339851890504e+07
2.908574799959385768e+07
2.908684135643772781e+07
2.908696637417431548e+07
2.908678862158998847e+07
2.908694866433072835e+07
2.908723635457336158e+07
2.908696286103201658e+07
2.908765607439759374e+07
2.908900233263868093e+07
2.909114864323702455e+07
2.909520965435392782e+07
2.909903846222785488e+07
2.910107923974846303e+07
2.910337807972464338e+07
2.910363365729557723e+07
2.910320218329512328e+07
2.910226843229764700e+07
2.910165786801066250e+07
2.910087202135021612e+07
2.910045232493131980e+07
2.910018414960641414e+07
2.910024453110981733e+07
2.909996996270180121e+07
2.909994851302348822e+07
2.909980669825128466e+07
2.909939453718452901e+07
2.909798098247278109e+07
2.909726770600236952e+07
2.909788337547868863e+07
2.909830927538051084e+07
2.909772923918855935e+07
2.909676698112194985e+07
2.909583412120332941e+07
2.909511777366504818e+07
2.909530352134504169e+07
2.909579501831790432e+07
2.909655270621768013e+07
2.909703471558969468e+07
2.909796289120712876e+07
2.909907554637809098e+07
2.909985758451766148e+07
2.910019279475320131e+07
2.910036929774225503e+07
2.910101244628827274e+07
2.910156881605513021e+07
2.910152060713621601e+07
2.910123803897942230e+07
2.910105016323440149e+07
2.910163165984176099e+07
2.910184688217648864e+07
2.910209431326004118e+07
2.910184885658542067e+07
2.910195670923326164e+07
2.910183163587164879e+07
2.910206134896860644e+07
2.910184018646640703e+07
2.910199598737436160e+07
2.910201975667969137e+07
2.910241896252498031e+07
2.910293403488919884e+07
2.910474993635074049e+07
2.910664753857368976e+07
2.910920800374022871e+07
2.911151034741759673e+07
2.911359332267198712e+07
2.911431079453546554e+07
2.911424738800226897e+07
2.911350772402246296e+07
2.911277820013507456e+07
2.911231295295443758e+07
2.911331294285889342e+07
2.911422642362935469e+07
2.911456006750473380e+07
2.911498687868623435e+07
2.911612488845165074e+07
2.911702041507792845e+07
2.911809577378020063e+07
2.911892715673347190e+07
2.911993239052484185e+07
2.912015250453637168e+07
2.912028983412300050e+07
2.911942199327967688e+07
2.912002475111696497e+07
2.912234361125405133e+07
2.912543954260652512e+07
2.912920882975898311e+07
2.913258094943474978e+07
2.913268311749130860e+07
2.913299042125210539e+07
2.913438713294920698e+07
2.913596968127049133e+07
2.913437911144886911e+07
2.913299854028647766e+07
2.913220982147102058e+07
2.913059807166674361e+07
2.913001934000216424e+07
2.912967017265547067e+07
2.913185362225734442e+07
2.913781137237866968e+07
2.914330891008195281e+07
2.914598228222770244e+07
2.914406796341193095e+07
2.914136825489766523e+07
2.913672902458211780e+07
2.913772853937403858e+07
2.913947994512986764e+07
2.913766975942347571e+07
2.913197214486280084e+07
2.912719760429060832e+07
2.912436770283398405e+07
2.912431541419827938e+07
2.912594369238850847e+07
2.912780919929346070e+07
2.912916578400956839e+07
2.913118131264563277e+07
2.913122089477548376e+07
2.913010633903304115e+07
2.912892568146046251e+07
2.913132530372664705e+07
2.913483045699004456e+07
2.913821265023953095e+07
2.914181303722753748e+07
2.914678507932070270e+07
2.915048890929030254e+07
2.915104925327948108e+07
2.914695459623533115e+07
2.914168927921488881e+07
2.913542366623237729e+07
2.913052385829376429e+07
2.912541140209282935e+07
2.912135980356320366e+07
2.911781494880956039e+07
2.911720368718574941e+07
2.911928676657072455e+07
2.912252511281588301e+07
2.912526977748436853e+07
2.912889879804006219e+07
2.913032463910536841e+07
2.913056240936561674e+07
2.912888406271986291e+07
2.912801302695053816e+07
2.912607913309000060e+07
2.912445659207063913e+07
2.912189041823935881e+07
2.912106971047018096e+07
2.912030212897228077e+07
2.912154775409332663e+07
2.912194260460048169e+07
2.912373627518129349e+07
2.912521934975558892e+07
2.912709435402276739e+07
2.912699286496203020e+07
2.912958998810404167e+07
2.912954708724012971e+07
2.912905846653052419e+07
2.912707648491133377e+07
2.912953285455600917e+07
2.913325795655246079e+07
2.913965658700348437e+07
2.914390868650593609e+07
2.913715545090303570e+07
2.913763095110368356e+07
2.913640761398100108e+07
2.913589468500332907e+07
2.913386562784352899e+07
2.913185125047852844e+07
2.912999826364547759e+07
2.913106118625788391e+07
2.913001654716465622e+07
2.912779217654447258e+07
2.912444992150747031e+07
2.912168814300604910e+07
2.912296018732636422e+07
2.912708634608365223e+07
2.913298822742258012e+07
2.913672811403533816e+07
2.913939593207471445e+07
2.913825906428254023e+07
2.913902088039128855e+07
2.913732138834895566e+07
2.913600762817639485e+07
2.913470905828349665e+07
2.913800751401126757e+07
2.914161269770308584e+07
2.914856210852255672e+07
2.915026959761963785e+07
2.915149914402288571e+07
2.914978355853891373e+07
2.915015632178665698e+07
2.915350588021968305e+07
2.915712952913922817e+07
2.915425187726442888e+07
2.915398539866095781e+07
2.915045067950750887e+07
2.914885261355639994e+07
2.914931070497580618e+07
2.915142377635056898e+07
2.915055766483878344e+07
2.915196474095165357e+07
2.914804133998192102e+07
2.915002365231660008e+07
2.914829764776299149e+07
2.914878142025935277e+07
2.914135178206396848e+07
2.914331940237853676e+07
2.913865044769612700e+07
2.915442348014837131e+07
2.913721026854545623e+07
2.916335868418866768e+07
2.915641095266943052e+07
2.915673998132151738e+07
2.915107951917159930e+07
2.915204389556265995e+07
2.915019558106962591e+07
2.915091472565258294e+07
2.914704924577934295e+07
2.914604618535121903e+07
2.914228935361364484e+07
2.914269835439568013e+07
2.914153036705280468e+07
2.914402195394987240e+07
2.914663491700200364e+07
2.914678786084825173e+07
2.914319313469365984e+07
2.913923579590446129e+07
2.913550524218538404e+07
2.913507884206978232e+07
2.913705870572226495e+07
2.913987368139711767e+07
2.914193804023891315e+07
2.914650385358745605e+07
2.914681544484640285e+07
2.914615258589298651e+07
2.914583855783805996e+07
2.914433718928319961e+07
2.914035337474120408e+07
2.913753939732690901e+07
2.913472338260708004e+07
2.913208770743348077e+07
2.912930621897614747e+07
2.912689010699307173e+07
2.912433901848672703e+07
2.912295693229768798e+07
2.912225918106748536e+07
2.912414078204354271e+07
2.912547283169937134e+07
2.912766300837690383e+07
2.913020842188424990e+07
2.913629773153077438e+07
2.913811567066030577e+07
2.913900223107736185e+07
2.914226711361338571e+07
2.914155428557925671e+07
2.913806368594740704e+07
2.913460431607825682e+07
2.913209881652418151e+07
2.913009368923759460e+07
2.912895816064836830e+07
2.912980231380241737e+07
2.912972836734069511e+07
2.912869942059258372e+07
2.912776353693672270e+07
2.912729766004657745e+07
2.912696884095713869e+07
2.912643618631731719e+07
2.912929724873953685e+07
2.913039087132969126e+07
2.912893433335388452e+07
2.912593829691239074e+07
2.912374599066788331e+07
2.912342108924778551e+07
2.912470358897004277e+07
2.912486595875185728e+07
2.912563388691329211e+07
2.912683895490382984e+07
2.912810024793589488e+07
2.912693842659369111e+07
2.912686949536320195e+07
2.912591358945446834e+07
2.912423811245827749e+07
2.912274870233805850e+07
2.912244170093961805e+07
2.912202081954247504e+07
2.912324055739149824e+07
2.912405213938626274e+07
2.912394430695261806e+07
2.912263623186588660e+07
2.912286267813068256e+07
2.912175178121909127e+07
2.912185423544854671e+07
2.911982739327507094e+07
2.911934441560740396e+07
2.911796171951372549e+07
2.911901038701220229e+07
2.911866849180289730e+07
2.911946680334259197e+07
2.911852090271203965e+07
2.912074588099426404e+07
2.911972430945721269e+07
2.911884178950209543e+07
2.911338605982354283e+07
2.911748843645118549e+07
2.911332460755608603e+07
