1.539528306753343670e+06
1.543102346947443439e+06
1.542497962297026301e+06
1.543394120896076318e+06
1.543072991422116058e+06
1.543871297870863462e+06
1.543912138631637441e+06
1.544273869246378774e+06
1.544094926120520337e+06
1.544071729242751608e+06
1.543435843695452902e+06
1.542841668693537591e+06
1.541421313543061027e+06
1.540347782239358872e+06
1.539099633507658727e+06
1.537823379614785546e+06
1.536763862624563510e+06
1.536073618995425524e+06
1.535532680545092095e+06
1.535770366209208034e+06
1.536503793087065220e+06
1.537478234894202324e+06
1.538577905126219848e+06
1.539889014970530290e+06
1.541069883826236706e+06
1.541969336005313555e+06
1.542329857384951087e+06
1.542640865412788698e+06
1.542590373671146343e+06
1.542411505417623557e+06
1.542301236276644748e+06
1.542343401736979140e+06
1.542280483537924010e+06
1.542401593151201261e+06
1.542464512719433056e+06
1.542146774898784701e+06
1.541318959909653524e+06
1.540435515500187175e+06
1.539215314029741101e+06
1.537612946053437423e+06
1.535858995785426116e+06
1.534387773716271156e+06
1.533283399388106074e+06
1.532708384521115571e+06
1.533045974872549996e+06
1.533870165270184865e+06
1.535074788706236752e+06
1.536896990154425614e+06
1.538574512655264465e+06
1.539803009697872447e+06
1.540848563336167252e+06
1.541174294190078741e+06
1.540925453926940216e+06
1.540692130188916810e+06
1.540071963120206492e+06
1.539618019197972491e+06
1.539620935777460691e+06
1.539689834191926057e+06
1.540165119301963132e+06
1.540736799005548004e+06
1.540568040378269507e+06
1.540118400855495827e+06
1.539421582329072058e+06
1.537821122644282645e+06
1.535911749736812431e+06
1.533803416107297642e+06
1.531725634612719994e+06
1.530423110799732618e+06
1.530070660528262611e+06
1.530346984023598721e+06
1.531595142853491940e+06
1.533491672599218786e+06
1.535716467493256088e+06
1.537705843715433497e+06
1.538936372055934509e+06
1.539759544920181157e+06
1.539785233385602711e+06
1.539214737220493844e+06
1.538411190803815844e+06
1.537581550609794678e+06
1.537196258220374817e+06
1.537198868843353121e+06
1.537813104763979558e+06
1.538706879821118666e+06
1.539516710978217889e+06
1.539810218290118501e+06
1.539693747073596343e+06
1.538731563297434710e+06
1.536919576890564291e+06
1.534533347553008702e+06
1.532080279998989077e+06
1.529857879300163593e+06
1.528671517217876855e+06
1.528558616031261859e+06
1.529239012015236309e+06
1.531021864858444082e+06
1.533497269963175291e+06
1.535886673227223568e+06
1.537727632262087427e+06
1.538905652262823889e+06
1.539416747472516727e+06
1.538932039234680356e+06
1.537916503942940384e+06
1.536661853338214336e+06
1.535786779594628839e+06
1.535529824989322107e+06
1.536183855894329259e+06
1.537335850891255541e+06
1.538706832578917267e+06
1.540018445366598200e+06
1.540847944062646246e+06
1.540589819370193640e+06
1.539266873987882398e+06
1.537130257318306481e+06
1.534412059022985166e+06
1.531597406539796619e+06
1.529715928286443697e+06
1.528790526173384394e+06
1.528942029198014876e+06
1.530233647183939116e+06
1.532631659140992910e+06
1.535221134785671486e+06
1.537628233192705084e+06
1.539284816347294720e+06
1.540119071011526510e+06
1.539685021651684772e+06
1.538637552579649491e+06
1.536989693330331473e+06
1.535465758267773548e+06
1.534548908170495182e+06
1.534752890908357920e+06
1.535729740415267181e+06
1.537342439525637310e+06
1.539219003556286683e+06
1.540956054973277496e+06
1.541795356909277150e+06
1.541236495487612206e+06
1.539634613862965954e+06
1.537168425505280728e+06
1.534122670975804795e+06
1.531529555788568687e+06
1.529950121587922331e+06
1.529343909120210912e+06
1.529961959379707463e+06
1.532007097904654685e+06
1.534587698228644673e+06
1.537232724379371153e+06
1.539267307074558455e+06
1.540476964747441234e+06
1.540339102697201539e+06
1.539415079568154877e+06
1.537649035490578506e+06
1.535610728757831967e+06
1.533947913023971952e+06
1.533565778713472420e+06
1.534073189029148780e+06
1.535312763800843153e+06
1.537435689701934345e+06
1.540022372780279489e+06
1.541785128795631928e+06
1.542297658532907953e+06
1.541652901018853532e+06
1.539815180380649632e+06
1.537171375418602023e+06
1.534439973373152316e+06
1.532076429753725417e+06
1.531003262719223974e+06
1.530821210978088668e+06
1.532216743307770696e+06
1.534433000462514115e+06
1.536837293794692028e+06
1.539266991700363113e+06
1.541041618419432314e+06
1.541136014722628752e+06
1.540428996387998806e+06
1.538722442078168504e+06
1.536283827955093235e+06
1.533996581659494666e+06
1.532625230102503207e+06
1.532233847957193619e+06
1.533026455160124693e+06
1.534659229116014903e+06
1.537310924406977836e+06
1.539764762299782364e+06
1.541410629490699852e+06
1.541673266285734251e+06
1.540919921528839506e+06
1.538927740420048358e+06
1.536619093811213272e+06
1.534086598224912304e+06
1.532320060311207315e+06
1.531412177180560771e+06
1.531845536698884796e+06
1.533885891303054290e+06
1.535970282229300356e+06
1.538415056808111025e+06
1.540197033232257934e+06
1.540833367694190703e+06
1.540286861578529933e+06
1.538615365654454799e+06
1.536429390995776746e+06
1.533581122642632807e+06
1.531259924723473843e+06
1.530142561415315839e+06
1.529963600715783192e+06
1.530853331154034706e+06
1.533192559101433959e+06
1.535661137456170050e+06
1.537970124036166817e+06
1.539384617101590615e+06
1.539300510788449086e+06
1.538103155968443491e+06
1.536544032469480298e+06
1.534563456349724205e+06
1.532588405153690837e+06
1.531407151803254383e+06
1.531608626822085585e+06
1.532593164570355555e+06
1.534286109205777291e+06
1.536129909702081699e+06
1.538270498851186363e+06
1.539169907179555623e+06
1.539127777704486391e+06
1.537771656027756864e+06
1.535680988649029518e+06
1.532839948044913588e+06
1.530333979701974895e+06
1.528059721016865224e+06
1.527155465907287551e+06
1.527252135624421528e+06
1.528716792512135115e+06
1.530761900551648112e+06
1.533241388872598298e+06
1.535018977560637984e+06
1.536357541782400804e+06
1.535933695044421824e+06
1.535442691807948751e+06
1.533820058429979254e+06
1.532894958969017258e+06
1.530472736462347675e+06
1.529910609026856022e+06
1.531876853393799393e+06
1.532800593408839079e+06
1.534646456424930599e+06
1.536254692832876462e+06
1.537752984257094329e+06
1.538115433816546574e+06
1.537234647784197470e+06
1.535438107473477954e+06
1.532894337381654885e+06
1.530241120065262076e+06
1.527992569566595601e+06
1.526100327517438680e+06
1.525465901463755639e+06
1.526068198906546691e+06
1.527372437721796101e+06
1.529176212485530879e+06
1.531319628698352491e+06
1.532834900459652999e+06
1.533636061980942730e+06
1.533415774983689189e+06
1.532947521888985764e+06
1.532083370304527460e+06
1.531035912038526032e+06
1.530751233299532905e+06
1.531369865836657118e+06
1.532043254913590150e+06
1.533389603576168418e+06
1.534815011821274878e+06
1.536002673102732049e+06
1.536938002960012760e+06
1.536683745809429092e+06
1.535176899403507356e+06
1.533355099939502310e+06
1.531080237670670729e+06
1.528669925002048491e+06
1.526548331708077807e+06
1.525024701045174384e+06
1.524688365919711068e+06
1.525342555612223921e+06
1.526277250472546089e+06
1.527690517958937678e+06
1.529259885081514250e+06
1.530440682669045171e+06
1.531113445824900176e+06
1.531298637123286258e+06
1.530922719752940582e+06
1.530741926287721843e+06
1.530606436473622918e+06
1.530751506655822974e+06
1.531373695003556553e+06
1.532160349415139528e+06
1.533222943327102577e+06
1.534211740293765673e+06
1.534954737495004898e+06
1.535099992774928687e+06
1.534497042707414832e+06
1.532928711985869100e+06
1.531240285485498840e+06
1.529439935519261053e+06
1.527377094454199774e+06
1.525528656291287392e+06
1.524576555502286414e+06
1.524167611187174218e+06
1.524244741084403126e+06
1.524959433524876833e+06
1.525902913748641731e+06
1.527034184828154277e+06
1.528191526207487332e+06
1.528994701536209788e+06
1.529261202081071213e+06
1.529568924028973561e+06
1.529986473045995459e+06
1.530230834322574316e+06
1.530599908436001744e+06
1.531117132761436980e+06
1.531754851881848648e+06
1.532407067295820918e+06
1.533123279120593099e+06
1.533246940473645227e+06
1.533152745956314262e+06
1.532479891059528571e+06
1.531483515078386292e+06
1.530126258237715811e+06
1.528582701348005328e+06
1.526904146289272001e+06
1.525492029311786639e+06
1.524326250166382873e+06
1.523586308124912437e+06
1.523336761746173026e+06
1.523600198851829628e+06
1.524114112699906109e+06
1.525256218009618809e+06
1.526163422073626425e+06
1.527201485091116047e+06
1.527692465009495150e+06
