1.594806421353569999e+07
1.597289931225138716e+07
1.596445878735404275e+07
1.596882378566973470e+07
1.596558359094532765e+07
1.596979250877120718e+07
1.596275335851911642e+07
1.596491815448411554e+07
1.596666762832881138e+07
1.596489463647753000e+07
1.596460861222044751e+07
1.596926762490178645e+07
1.596336796676603518e+07
1.596174772400833480e+07
1.595936519178452715e+07
1.595852827359442413e+07
1.595777933527352475e+07
1.595618178783706203e+07
1.595896970809880085e+07
1.596372727815693803e+07
1.596148990262232721e+07
1.596186846945057996e+07
1.596075828135701455e+07
1.596111536707628332e+07
1.596140884795574285e+07
1.596221822612317838e+07
1.596673270145321451e+07
1.596583588323245198e+07
1.596181671399174631e+07
1.595848220773239993e+07
1.595734791378412396e+07
1.596153394979793951e+07
1.596869341280644387e+07
1.596924479827035032e+07
1.596663355209155194e+07
1.596405253799729981e+07
1.595547101245602407e+07
1.594546441495740227e+07
1.593596796724647470e+07
1.592958092399749160e+07
1.592470102923642844e+07
1.592022162674714439e+07
1.591683603642295115e+07
1.591646688477778435e+07
1.591727475121499225e+07
1.592056708708406799e+07
1.592483842729529552e+07
1.593164967396003008e+07
1.593545811780699529e+07
1.593537163876799867e+07
1.593343321476795152e+07
1.592990471550106630e+07
1.592494592428003438e+07
1.591914810250660032e+07
1.591750975692007691e+07
1.591686228044372238e+07
1.591477074947993457e+07
1.591677157132669538e+07
1.592268497086252645e+07
1.593068342037383653e+07
1.593341408634091169e+07
1.592939157436320744e+07
1.592518632233109511e+07
1.592379098354065605e+07
1.592759536484640092e+07
1.592681270071453042e+07
1.592256507203163020e+07
1.591993913318733871e+07
1.591953083582717553e+07
1.592069945111581683e+07
1.592475894616365619e+07
1.593221150858539529e+07
1.593742712689783610e+07
1.593913987216941826e+07
1.594049650090981275e+07
1.594051200706203841e+07
1.594263275800701417e+07
1.594384068745424412e+07
1.594458984788287058e+07
1.594665543289921992e+07
1.594726776304791123e+07
1.594454153518609516e+07
1.594293516000109166e+07
1.594047576960026845e+07
1.593886979264322855e+07
1.593770969545830041e+07
1.593761801129641198e+07
1.593672222291586362e+07
1.593682715892589837e+07
1.593650497939209267e+07
1.593702334587424807e+07
1.593816590645117313e+07
1.593997809489298239e+07
1.594369907321475819e+07
1.595100988093687966e+07
1.595901430874408409e+07
1.596393145289541222e+07
1.596800395035975426e+07
1.597097205604011938e+07
1.597308822687127814e+07
1.597326370352301933e+07
1.597132424415618367e+07
1.596768079933421873e+07
1.596727990945607610e+07
1.596698139252094738e+07
1.597083809976189211e+07
1.597583873557913676e+07
1.597719323697209917e+07
1.597277809418915212e+07
1.596574897724098340e+07
1.596335698694795184e+07
1.595677840747352317e+07
1.595204053695346601e+07
1.594789791642221436e+07
1.594121626694222353e+07
1.593321726032481156e+07
1.592645307605100423e+07
1.592194333765316755e+07
1.592251386172378436e+07
1.592695896202611551e+07
1.593378049897635169e+07
1.593343739746471122e+07
1.593013219182655960e+07
1.592991274887964316e+07
1.593003783283523284e+07
1.592623863197101466e+07
1.592122372451145202e+07
1.591580213841605559e+07
1.591235280571935140e+07
1.590943675862050802e+07
1.590772396948078088e+07
1.590538827816672064e+07
1.590410974768049456e+07
1.590323233899841458e+07
1.590221805377176404e+07
1.590093939794557169e+07
1.589934680113881826e+07
1.590010064488819055e+07
1.590236520729840733e+07
1.589866423421553150e+07
1.588942795901799574e+07
1.588129437727759033e+07
1.587593734524079598e+07
1.587048108364303410e+07
1.586597900152672268e+07
1.586281566317522712e+07
1.586110150590308756e+07
1.586169343283902667e+07
1.586409911994612031e+07
1.586158093787496723e+07
1.585781631228898093e+07
1.585362885562294349e+07
1.585063795088007115e+07
1.584808507828665711e+07
1.584752892325402051e+07
1.584570075269327126e+07
1.584539885931444727e+07
1.584676685722600669e+07
1.585070515396282077e+07
1.585430293621346354e+07
1.585812930223925039e+07
1.586068727143617533e+07
1.585711506523936614e+07
1.585333818268199079e+07
1.585372659384544007e+07
1.585508653654151037e+07
1.585406394197832793e+07
1.585616609830552340e+07
1.586138306041424349e+07
1.586234256107417308e+07
1.586201744904890470e+07
1.586100940150655620e+07
1.586170480160427839e+07
1.585889029493513145e+07
1.585888673498604074e+07
1.585576461431702413e+07
1.585225904796153307e+07
1.585271783239476755e+07
1.585301830545073561e+07
1.585231188007016480e+07
1.585694513323216327e+07
1.585870136861470342e+07
1.586054448794548400e+07
1.586568031903457828e+07
1.586726404889487848e+07
1.586571273944639228e+07
1.586894571758047864e+07
1.586817052087824792e+07
1.586906199537219852e+07
1.586438329724610783e+07
1.586152467951057851e+07
1.585788334373184107e+07
1.585978178139711171e+07
1.585647903833013587e+07
1.585573462616778724e+07
1.585669980172977597e+07
1.585841924725846760e+07
1.585970870346124284e+07
1.585753082245746441e+07
1.585510993162275292e+07
1.585408024572242796e+07
1.585439660968539119e+07
1.585585388406363875e+07
1.585672875079061650e+07
1.585742157158092409e+07
1.585644180072387680e+07
1.585610025150463916e+07
1.585706289447577670e+07
1.585973562883308344e+07
1.585975543620715663e+07
1.585942109664422646e+07
1.585918444292351976e+07
1.585902352491986006e+07
1.585763248814103939e+07
1.585786224465331994e+07
1.585792466217631474e+07
1.585770479147800244e+07
1.585521767964330316e+07
1.585468876512411982e+07
1.585422051280849054e+07
1.585555520715589449e+07
1.585415256828211993e+07
1.585412315597387403e+07
1.585177966723836400e+07
1.585304547154671140e+07
1.585307180253094621e+07
1.585582027888135426e+07
1.585580495035039634e+07
1.585815446697193012e+07
1.585870875761385821e+07
1.586057964783585072e+07
1.586100621970535628e+07
1.586439974267033674e+07
1.586443730434890091e+07
1.586843950040334091e+07
1.586787368101749197e+07
1.587257189880817942e+07
1.587006283289160207e+07
1.587626749243917130e+07
1.586808675951846875e+07
1.588442554134686850e+07
1.587318313974759355e+07
1.587523482207565568e+07
1.586668608027160726e+07
1.585635291311818734e+07
1.584440079133245349e+07
1.583330074584401026e+07
1.582269582583787479e+07
1.581586804513351619e+07
1.580968944154531322e+07
1.580639532617006265e+07
1.580436872860714793e+07
1.580417363102288544e+07
1.580357502560030855e+07
1.580330273867201246e+07
1.580346541325467639e+07
1.580458541491772048e+07
1.580528198748772033e+07
1.580601327276328579e+07
1.580670570889725722e+07
1.580780492236563377e+07
1.580915081512142904e+07
1.581070646809283271e+07
1.581119168757638335e+07
1.581191802810005657e+07
1.581383773853783496e+07
1.581592668755291961e+07
1.581832199697522819e+07
1.582110807664633356e+07
1.582214401164531894e+07
1.582369617971079983e+07
1.582457099662570283e+07
1.582573775347908027e+07
1.582698568660713173e+07
1.582745422778570652e+07
1.582709975100901537e+07
1.582788389892000332e+07
1.582986786163899675e+07
1.583199886366281286e+07
1.583406751330555789e+07
1.583503047872570530e+07
1.583597639665357769e+07
1.583754050423959270e+07
1.583907136965511553e+07
1.584101208112302236e+07
1.584433677435794473e+07
1.584762869242143445e+07
1.585047559515276551e+07
1.585302548897891305e+07
1.585646049673600867e+07
1.585968709962068312e+07
1.586148780819550343e+07
1.586350778247655928e+07
1.586537914136419818e+07
1.586777701368118823e+07
1.587126012539573200e+07
1.587428218266588636e+07
1.587819894456580095e+07
1.588194164105353318e+07
1.588265757230944000e+07
1.588209263405704871e+07
1.588198950547367334e+07
1.588181692545077205e+07
1.588188803906936385e+07
1.588288297902733088e+07
1.588511438952279463e+07
1.588787651221657731e+07
1.589021484007685818e+07
1.589106539853601158e+07
1.589270762901264615e+07
1.589385032300974242e+07
1.589534099140337668e+07
1.589599649012656137e+07
1.589698088427976891e+07
1.589890662081835978e+07
1.590177375476455502e+07
1.590021247899166681e+07
1.589903623114592396e+07
1.589747703205691837e+07
1.589556068496538326e+07
1.589387193059406988e+07
1.589330801812641881e+07
1.589121990436640009e+07
1.588988656062257662e+07
1.588911058615390025e+07
1.588992692001423426e+07
1.588993702762703784e+07
1.589083386100768670e+07
1.589181132363731600e+07
1.589309575128417090e+07
1.589286363720597699e+07
1.589375940374884568e+07
1.589268036202293634e+07
1.589360541654023528e+07
1.589201832444727607e+07
1.589472877590944432e+07
