4.186798534349700063e+07
4.186901117396727204e+07
4.186954485204800218e+07
4.187005480478313565e+07
4.187043185431929678e+07
4.187089731917212158e+07
4.187104536390931159e+07
4.187108427731691301e+07
4.187099723489967734e+07
4.187072235128856450e+07
4.187028011174509674e+07
4.186949444696248323e+07
4.186841983163511753e+07
4.186734518357960135e+07
4.186613232557144761e+07
4.186486905367568880e+07
4.186388170236917585e+07
4.186314352473404258e+07
4.186278054951151460e+07
4.186283361143696308e+07
4.186372273590945452e+07
4.186478960012155771e+07
4.186597309723159671e+07
4.186740769118964672e+07
4.186869346404895186e+07
4.186977122703455389e+07
4.187037336048139632e+07
4.187062085927175730e+07
4.187061417816545814e+07
4.187046527080989629e+07
4.187043137522700429e+07
4.187044557535442710e+07
4.187039629735359550e+07
4.187041260127809644e+07
4.187044929090879112e+07
4.187014031885255873e+07
4.186951865329744667e+07
4.186874065488028526e+07
4.186776113053673506e+07
4.186631985702902079e+07
4.186455521156933159e+07
4.186316397246080637e+07
4.186220626511188596e+07
4.186172649501103163e+07
4.186186328691837937e+07
4.186256489088332653e+07
4.186380091832401603e+07
4.186543306956641376e+07
4.186710164893227816e+07
4.186858674094462395e+07
4.186973030717702210e+07
4.187039478425334394e+07
4.187061772306220978e+07
4.187051987906036526e+07
4.187001239513207972e+07
4.186951398493395001e+07
4.186941160144766420e+07
4.186958254536649585e+07
4.186998503245657682e+07
4.187036541255193949e+07
4.187032140325465798e+07
4.187004659026425332e+07
4.186943397915991396e+07
4.186814322163876146e+07
4.186628580369291455e+07
4.186416662453027815e+07
4.186221975953245163e+07
4.186088105802148581e+07
4.186047177707286924e+07
4.186096604877383262e+07
4.186228427963071316e+07
4.186422116150668263e+07
4.186642848481693864e+07
4.186844148784775287e+07
4.186977104941401631e+07
4.187055684983140230e+07
4.187072057536641508e+07
4.187028640361690521e+07
4.186958789635777473e+07
4.186884855753655732e+07
4.186838049872028083e+07
4.186836792819052190e+07
4.186893679023127258e+07
4.186980989898733795e+07
4.187050477494967729e+07
4.187082740987547487e+07
4.187064206963127106e+07
4.186962866597814858e+07
4.186781740287876129e+07
4.186558570199868828e+07
4.186330484207159281e+07
4.186124737349120528e+07
4.185995061444048584e+07
4.185960231101685017e+07
4.186028997427316755e+07
4.186190377378405631e+07
4.186418912421178073e+07
4.186650486689312756e+07
4.186838345536835492e+07
4.186970385455839336e+07
4.187028510376848280e+07
4.187000808571551740e+07
4.186918624925567955e+07
4.186807605275359750e+07
4.186732917528032511e+07
4.186702108646918833e+07
4.186753491849505901e+07
4.186851692140428722e+07
4.186969734224272519e+07
4.187090447031734884e+07
4.187176819367635995e+07
4.187164291967876256e+07
4.187037789127657562e+07
4.186816610293652862e+07
4.186548399625837058e+07
4.186288302918752283e+07
4.186100773974408209e+07
4.186001537964480370e+07
4.186006006074133515e+07
4.186140782610529661e+07
4.186367319913008809e+07
4.186635552345057577e+07
4.186879899694683403e+07
4.187043189484566450e+07
4.187099919513156265e+07
4.187065413655649126e+07
4.186959102059465647e+07
4.186818439267373085e+07
4.186699458644312620e+07
4.186619807668480277e+07
4.186610239463640749e+07
4.186684916760460287e+07
4.186815461058591306e+07
4.186985935528308898e+07
4.187140592060045153e+07
4.187215996005937457e+07
4.187180084968551993e+07
4.187037543274557590e+07
4.186810880973103642e+07
4.186526691847552359e+07
4.186284965770261735e+07
4.186115796864487231e+07
4.186049971979977936e+07
4.186093411237564683e+07
4.186260687795073539e+07
4.186502780498113483e+07
4.186742460942067951e+07
4.186949833184715360e+07
4.187075231816252321e+07
4.187092041668710858e+07
4.186995861401204765e+07
4.186847846763571352e+07
4.186673356472668797e+07
4.186528092021591216e+07
4.186478567953605950e+07
4.186523766413361579e+07
4.186643784440577030e+07
4.186829519631072879e+07
4.187042890735232830e+07
4.187204817657829076e+07
4.187267346374680102e+07
4.187205210334112495e+07
4.187031558370511979e+07
4.186778078721266240e+07
4.186527343535164744e+07
4.186330168028142303e+07
4.186206582750568539e+07
4.186176889002223313e+07
4.186285233553741872e+07
4.186481096191120148e+07
4.186705563776776940e+07
4.186938893599465489e+07
4.187101405422617495e+07
4.187151224196599424e+07
4.187092737206566334e+07
4.186942710665409267e+07
4.186734455122690648e+07
4.186531102182682604e+07
4.186386750315524638e+07
4.186328094513462484e+07
4.186383152905243635e+07
4.186555394051617384e+07
4.186800489182206988e+07
4.187036471428695321e+07
4.187207246665018052e+07
4.187275018999408185e+07
4.187216039170428365e+07
4.187052193741201609e+07
4.186832267971536517e+07
4.186617744435208291e+07
4.186437078208720684e+07
4.186356998032521456e+07
4.186459576429416984e+07
4.186567470022047311e+07
4.186800949030103534e+07
4.187029525050713122e+07
4.187207928339732438e+07
4.187271302713351697e+07
4.187224038433088362e+07
4.187079779740384966e+07
4.186863252271319181e+07
4.186611333925755322e+07
4.186388880479332060e+07
4.186231636041572690e+07
4.186189879225745052e+07
4.186283244113188237e+07
4.186503338192176819e+07
4.186752186455911398e+07
4.186969240908361971e+07
4.187113313465590030e+07
4.187153471968375891e+07
4.187054717780367285e+07
4.186915209478660673e+07
4.186734865984737873e+07
4.186561499707687646e+07
4.186451322433244437e+07
4.186451471718001366e+07
4.186549165460194647e+07
4.186717230730449408e+07
4.186927381555433571e+07
4.187123804004666209e+07
4.187251380862863362e+07
4.187266461766091734e+07
4.187167217211455852e+07
4.186961040609159321e+07
4.186685941376167536e+07
4.186430381404886395e+07
4.186248388907832652e+07
4.186153260269572586e+07
4.186155927554432303e+07
4.186292299794042110e+07
4.186506343926700950e+07
4.186732753553427756e+07
4.186925442894595861e+07
4.187042182319081575e+07
4.187049716194825619e+07
4.187003378468655050e+07
4.186885467067533731e+07
4.186746390521084517e+07
4.186649291253745556e+07
4.186744720753269643e+07
4.186690333155979216e+07
4.186820303526421636e+07
4.186967237217938155e+07
4.187146999058990926e+07
4.187263591147629917e+07
4.187310704480969906e+07
4.187238418123616278e+07
4.187068807821758837e+07
4.186820083325261623e+07
4.186572236338131875e+07
4.186362378245886415e+07
4.186207343784360588e+07
4.186134818678406626e+07
4.186179643857126683e+07
4.186314219350801408e+07
4.186493909929602593e+07
4.186679250586358458e+07
4.186836737377902120e+07
4.186916187537775189e+07
4.186928014687328041e+07
4.186889263966641575e+07
4.186813852844357491e+07
4.186735106931643188e+07
4.186729157208977640e+07
4.186768597597970814e+07
4.186848357801825553e+07
4.186967619046922028e+07
4.187114595591694117e+07
4.187232362003622204e+07
4.187298858860217035e+07
4.187274610713493824e+07
4.187160153021132946e+07
4.186979375002205372e+07
4.186764178548459709e+07
4.186544672513223439e+07
4.186357723319234699e+07
4.186226940165436268e+07
4.186196004162138700e+07
4.186251549923350662e+07
4.186353820939201117e+07
4.186488312233240902e+07
4.186649031884551048e+07
4.186774938459528983e+07
4.186858313875388354e+07
4.186879011849569529e+07
4.186850103764361888e+07
4.186825072114268690e+07
4.186818568466850370e+07
4.186850540081935376e+07
4.186915576775068790e+07
4.187018747237569094e+07
4.187144697445921600e+07
4.187254833694975078e+07
4.187333422168020159e+07
4.187342306262581795e+07
4.187271137559515238e+07
4.187128950076849759e+07
4.186958230399707705e+07
4.186779632008127123e+07
4.186578932144224644e+07
4.186401249497301877e+07
4.186291979618380219e+07
4.186251190317486227e+07
4.186264651135166734e+07
4.186333000635627657e+07
4.186448359346791357e+07
4.186567228555237502e+07
4.186659653820279986e+07
4.186726121440812200e+07
4.186758039213412255e+07
4.186791247092608362e+07
4.186839920997966081e+07
4.186890959971614182e+07
4.186946808516477793e+07
4.187022059918846935e+07
4.187103183367282152e+07
4.187182201401901990e+07
4.187240717730551213e+07
4.187253559004557878e+07
4.187224979728967696e+07
4.187169610181064904e+07
4.187069644654696435e+07
4.186942106868155301e+07
4.186790519883662462e+07
4.186635772808495909e+07
4.186494537525449693e+07
4.186393042098281533e+07
4.186300478490339965e+07
4.186270343380031735e+07
4.186284312004631758e+07
4.186352307336299866e+07
4.186452139472749084e+07
4.186579467173182964e+07
4.186671189287967980e+07
4.186787250655112416e+07
