2.420463319995649531e+07
2.421520799162181094e+07
2.421204458580390736e+07
2.420757375325047225e+07
2.420669650800735876e+07
2.421613391433380917e+07
2.422320345706889033e+07
2.422617998202212155e+07
2.422436270284723118e+07
2.422864278154854849e+07
2.422830299136357754e+07
2.422673185451905429e+07
2.422765499645800889e+07
2.423016295250971988e+07
2.423087797281143814e+07
2.422952503637462482e+07
2.422667895085202903e+07
2.422080988743018359e+07
2.421569361035249382e+07
2.420974362720904872e+07
2.419846791345293820e+07
2.418907807219846547e+07
2.418138368311042711e+07
2.417383554183172062e+07
2.416499950734705105e+07
2.415823105013906583e+07
2.415500125865275040e+07
2.415988811513663456e+07
2.416208746989395842e+07
2.415799039308331907e+07
2.415647202933916077e+07
2.415935525589513779e+07
2.416859705513285473e+07
2.418266860223470256e+07
2.419486865741324425e+07
2.419669664038396627e+07
2.418947637904914841e+07
2.418470322896638140e+07
2.418508909204911441e+07
2.418924760092846304e+07
2.418571147042350098e+07
2.418374325500628352e+07
2.418817526566879451e+07
2.419349341951233521e+07
2.419261649166350439e+07
2.418154249706148356e+07
2.417498331912663952e+07
2.417958597088568658e+07
2.418845727126500010e+07
2.418230601162062958e+07
2.417483863625528663e+07
2.417159528111303970e+07
2.417519411026943848e+07
2.417109154666712508e+07
2.416985195683376491e+07
2.417115561787664890e+07
2.417421930576863140e+07
2.418092053273089603e+07
2.418320153204174712e+07
2.418364550934403017e+07
2.418883731993290409e+07
2.419726555562568456e+07
2.419913254289229214e+07
2.419309942493923753e+07
2.418887149196685106e+07
2.419404083766312152e+07
2.419936508303661644e+07
2.420754955524584651e+07
2.421140794185173139e+07
2.421114745555996522e+07
2.421441657888139784e+07
2.421184428446391597e+07
2.420566184886122867e+07
2.420436908422568068e+07
2.420980691284630075e+07
2.421622393029141054e+07
2.422496350719466433e+07
2.422997493295772374e+07
2.422983823153565452e+07
2.423041468863721564e+07
2.423340474048966914e+07
2.423893389574909210e+07
2.424505803317787498e+07
2.424884767583212629e+07
2.424418101647882164e+07
2.423310783196890354e+07
2.422635407821244001e+07
2.421742489471974224e+07
2.421055429205343127e+07
2.420676971946326271e+07
2.421001510958775133e+07
2.421510722678487748e+07
2.421401788015010580e+07
2.421221462559083849e+07
2.420762869810365513e+07
2.420208785888105631e+07
2.419903407058281451e+07
2.420042175643996149e+07
2.420124603971244767e+07
2.420028761603964865e+07
2.420073501308314502e+07
2.419803926060801372e+07
2.419960908230357617e+07
2.420737543381274492e+07
2.421227818193820119e+07
2.421917989204464853e+07
2.422540984384557605e+07
2.422938557794614136e+07
2.423378848348636180e+07
2.423203995698950067e+07
2.423184117645946518e+07
2.423240271235362813e+07
2.423353774649850279e+07
2.422920852218094468e+07
2.422388851547447219e+07
2.421971380017862469e+07
2.421467931376963109e+07
2.420184721138696745e+07
2.419396224758184329e+07
2.419299482089392096e+07
2.418821876715894043e+07
2.419194711276404560e+07
2.420093569021660835e+07
2.420874923433774710e+07
2.421548042173360661e+07
2.421891117843411490e+07
2.422334445291996002e+07
2.422258142350809649e+07
2.422255416968796775e+07
2.422364658606554940e+07
2.421618511512236670e+07
2.420641584917432815e+07
2.420106627905064449e+07
2.419502219071092457e+07
2.419136386872226000e+07
2.419879923908849061e+07
2.420647851908586174e+07
2.420424582853178307e+07
2.421081591205323860e+07
2.421700081942729652e+07
2.422043561117752641e+07
2.421742196734160185e+07
2.420740864123406261e+07
2.419752705800404400e+07
2.418975921642347053e+07
2.418158726014868170e+07
2.417756510002748668e+07
2.417839488016821817e+07
2.418084771281782538e+07
2.418191762717679888e+07
2.418632324387999251e+07
2.418759993860337138e+07
2.418418789957958087e+07
2.417980260328656062e+07
2.417356905871040374e+07
2.417032465304179490e+07
2.416829272414629534e+07
2.416670023018236086e+07
2.416593436433215067e+07
2.417200066922722384e+07
2.418084071671302244e+07
2.418913096599776670e+07
2.419978994145941362e+07
2.420955105254651979e+07
2.420767655829703063e+07
2.419568270791541040e+07
2.418059121223125607e+07
2.416831497867101058e+07
2.416065485776722431e+07
2.415794976280797645e+07
2.415793647876200825e+07
2.415494732412414625e+07
2.415495451616312563e+07
2.415672729462276772e+07
2.416308055299345031e+07
2.416879026252387837e+07
2.416902133544742316e+07
2.416815310109462962e+07
2.416001207218925655e+07
2.415320310083558410e+07
2.414855518155432492e+07
2.414814979643610865e+07
2.415163225888786092e+07
2.415307672940717638e+07
2.415551339340338856e+07
2.415633135894215852e+07
2.416098653510931879e+07
2.417258100389736891e+07
2.416917645901035890e+07
2.416443990218451247e+07
2.416494340332953632e+07
2.416403520433935896e+07
2.417004048417080939e+07
2.417191381190567464e+07
2.417658449507876858e+07
2.417511660063458234e+07
2.417663625179615989e+07
2.417892489768743515e+07
2.418886148840596527e+07
2.419059092419404536e+07
2.418297029717399180e+07
2.417754456209633499e+07
2.417310995595174283e+07
2.416807232190226763e+07
2.416693816545194387e+07
2.416886907814263180e+07
2.417644134585640579e+07
2.418979465314467996e+07
2.419974147257420048e+07
2.420864044791770726e+07
2.421263735805513710e+07
2.421641281703225523e+07
2.421903500461904705e+07
2.421355926246143132e+07
2.420989964481312409e+07
2.420367114680435881e+07
2.419863545496858284e+07
2.419797418277902156e+07
2.420534869970597699e+07
2.421244669587681442e+07
2.421827950630766526e+07
2.420727291732668877e+07
2.419501818882652745e+07
2.419092053597054258e+07
2.419750158614644781e+07
2.419839314932158217e+07
2.420082948436310515e+07
2.419527453645568341e+07
2.418406377805078775e+07
2.417826489829234779e+07
2.417960812928434834e+07
2.418036702951207384e+07
2.418462735796225071e+07
2.419515893914451450e+07
2.419699965170730278e+07
2.419078151374649629e+07
2.419471487528591231e+07
2.419499559889624640e+07
2.419162576576344669e+07
2.418442134528658167e+07
2.417922263823720068e+07
2.417472120360441133e+07
2.417585143683268875e+07
2.417652406972597912e+07
2.418275248769468814e+07
2.418390820813865587e+07
2.418491339111370966e+07
2.418101548777380586e+07
2.418036385446027666e+07
2.417810220592463017e+07
2.418140961428808793e+07
2.418993673028393462e+07
2.419628607148139924e+07
2.419614166844903678e+07
2.419317237836730108e+07
2.418843896581144258e+07
2.418087548672604933e+07
2.417938871323655918e+07
2.417911465703401715e+07
2.417769850368594378e+07
2.418008155295649916e+07
2.418684765767134354e+07
2.419768505557373166e+07
2.420323421745997295e+07
2.420049391921441630e+07
2.419313735049902275e+07
2.418646651979409903e+07
2.417623559440120310e+07
2.416928550529142097e+07
2.416190615138638765e+07
2.415705224090513587e+07
2.415710638248227164e+07
2.415975345949015021e+07
2.416489139099967480e+07
2.417147901843979582e+07
2.417367391578356549e+07
2.417329233062447980e+07
2.416805577253638953e+07
2.416348911257871613e+07
2.416472720252779126e+07
2.417197475039348006e+07
2.417295129905610532e+07
2.417263736906281486e+07
2.416985006344738230e+07
2.417374561487382650e+07
2.417512294999871403e+07
2.417173446243280172e+07
2.416381868081227690e+07
2.416576380591944233e+07
2.417181401815684512e+07
2.417789907296775654e+07
2.418646100530311838e+07
2.418938182868704572e+07
2.418272416573555395e+07
2.418005858400219306e+07
2.417731385071703047e+07
2.416744426855034381e+07
2.415969341771425679e+07
2.415648081766322628e+07
2.415716736699813604e+07
2.415730773951458931e+07
2.416249049353897572e+07
2.417297140492308140e+07
2.417424680563816801e+07
2.417359795650112256e+07
2.417760750992727652e+07
2.418082019358352944e+07
2.418110011250045896e+07
2.417803362522417307e+07
2.417186661962947622e+07
2.416584786441224813e+07
2.416247838326711580e+07
2.416262687093326077e+07
2.416630988419962674e+07
2.417177985284713283e+07
2.417520533614208177e+07
2.417895679225602001e+07
2.419084010327209905e+07
2.420316510489556566e+07
2.421103114489417523e+07
2.421073849969064444e+07
2.419952335181423277e+07
2.419212501414257661e+07
2.418495755421864614e+07
2.418658277707505226e+07
2.419681068951100484e+07
2.420388068084406108e+07
2.419929967987120524e+07
2.419173440351554751e+07
2.418434551853294298e+07
2.417656436933216080e+07
2.417129513984021917e+07
2.417219035140406713e+07
2.417787724201564863e+07
2.418082864857020602e+07
2.418095629866752401e+07
