2.910221973733903468e+07
2.907713867251597717e+07
2.908641201959889755e+07
2.908107622825571895e+07
2.908533745607735217e+07
2.908377274019059166e+07
2.908722400494543090e+07
2.908620294478162006e+07
2.908913995121370256e+07
2.908926303599207476e+07
2.909235798903639987e+07
2.909268400392250344e+07
2.909441589506349713e+07
2.909478458879670128e+07
2.909687219166718796e+07
2.909728660962100327e+07
2.909888782740360871e+07
2.909903352341719717e+07
2.910094515537797660e+07
2.910106979494563490e+07
2.910203649884944782e+07
2.910175505313424394e+07
2.910197031378980726e+07
2.910013062197704986e+07
2.909995689269600809e+07
2.910024784088779241e+07
2.910053270689518377e+07
2.909923048617571220e+07
2.909840935431761667e+07
2.909734315260018408e+07
2.909770206802168861e+07
2.909825328615319729e+07
2.909956852848895267e+07
2.910072521517211199e+07
2.910181770657252148e+07
2.910194258810196444e+07
2.910176520023856312e+07
2.910192362767634913e+07
2.910221443466210365e+07
2.910193775526262447e+07
2.910263190531390160e+07
2.910397913504246250e+07
2.910612677583700046e+07
2.911018717055862769e+07
2.911401873261190951e+07
2.911606123390981182e+07
2.911836086973112077e+07
2.911861719474852458e+07
2.911818373525244743e+07
2.911725142723599449e+07
2.911664126282512769e+07
2.911585416585527733e+07
2.911543454647532851e+07
2.911516597031110525e+07
2.911522517605828121e+07
2.911495265488739684e+07
2.911492850239619985e+07
2.911478802157748863e+07
2.911437495645096153e+07
2.911296221930389479e+07
2.911224836575665697e+07
2.911286265758464858e+07
2.911328896572412923e+07
2.911271105983349308e+07
2.911174950576444715e+07
2.911081691143748537e+07
2.911009853780040517e+07
2.911028435785900801e+07
2.911077605282927677e+07
2.911153411408454552e+07
2.911201661872752756e+07
2.911294309360462055e+07
2.911405644680457562e+07
2.911484054755922034e+07
2.911517356886802986e+07
2.911535120704773441e+07
2.911599414631440490e+07
2.911655132518828660e+07
2.911650267816651240e+07
2.911621948785199970e+07
2.911602952614808828e+07
2.911661273334858567e+07
2.911682509551053494e+07
2.911707282439477742e+07
2.911682936276441440e+07
2.911693553105267137e+07
2.911681457753811032e+07
2.911704221238708124e+07
2.911681748192203045e+07
2.911697516036327556e+07
2.911700034267580882e+07
2.911739918133686483e+07
2.911791595282888040e+07
2.911973109558098391e+07
2.912162832338831574e+07
2.912419144456642121e+07
2.912649314120816812e+07
2.912857704518814012e+07
2.912929371783404425e+07
2.912923316029684618e+07
2.912849283113251254e+07
2.912776156284501776e+07
2.912729555763904005e+07
2.912829503205174580e+07
2.912921067621948570e+07
2.912954380893939734e+07
2.912996974761731923e+07
2.913110841341384873e+07
2.913200467066378891e+07
2.913308053363763541e+07
2.913391181626090780e+07
2.913491700428793207e+07
2.913513944505132735e+07
2.913527607533215731e+07
2.913441001225236803e+07
2.913501123105072975e+07
2.913733075762798265e+07
2.914042725559581816e+07
2.914419700029443204e+07
2.914756824665727094e+07
2.914767308172190934e+07
2.914797813631379232e+07
2.914937758211746439e+07
2.915095873943015933e+07
2.914936859803912044e+07
2.914798753019303456e+07
2.914719851327637583e+07
2.914558853587939590e+07
2.914500897337219119e+07
2.914466159236071259e+07
2.914684171700407565e+07
2.915279948024144769e+07
2.915830140826856345e+07
2.916097683712292835e+07
2.915906026971076429e+07
2.915635990253948793e+07
2.915172105652204528e+07
2.915271997450035065e+07
2.915447284981675819e+07
2.915266166141375527e+07
2.914696314016606286e+07
2.914218867549308017e+07
2.913935702081924677e+07
2.913930372247188166e+07
2.914092926151730865e+07
2.914279829782319441e+07
2.914415340944613144e+07
2.914616961687730253e+07
2.914620851573194563e+07
2.914509551432153210e+07
2.914391640569460019e+07
2.914631350893873349e+07
2.914982253828509152e+07
2.915320371121237427e+07
2.915680479813125730e+07
2.916177963991310820e+07
2.916548606346312165e+07
2.916604763761558011e+07
2.916194956327580661e+07
2.915668299006224051e+07
2.915041619518824667e+07
2.914551415363790840e+07
2.914040085690230131e+07
2.913634681436517090e+07
2.913280189909870550e+07
2.913219137625034526e+07
2.913427591002669185e+07
2.913751502685672417e+07
2.914026159572246298e+07
2.914389052242037654e+07
2.914531840957692638e+07
2.914555383991624415e+07
2.914387674603732675e+07
2.914300319757757336e+07
2.914106923316882923e+07
2.913944499369626865e+07
2.913687999670036137e+07
2.913605780729075149e+07
2.913528938624456152e+07
2.913653724534952641e+07
2.913693127742138878e+07
2.913872558462938294e+07
2.914020709186811373e+07
2.914208191432693601e+07
2.914198490454155207e+07
2.914458114485368878e+07
2.914453778188208118e+07
2.914405036740851030e+07
2.914206806615522131e+07
2.914452496984566003e+07
2.914824980759506300e+07
2.915465324792807549e+07
2.915890785720324144e+07
2.915215238433396444e+07
2.915262691870984063e+07
2.915140300002885610e+07
2.915089119516704977e+07
2.914885818331472948e+07
2.914684537163482979e+07
2.914499115347632021e+07
2.914605612079617381e+07
2.914501056345052645e+07
2.914278535348793119e+07
2.913944241392720118e+07
2.913668322037114576e+07
2.913795190906721354e+07
2.914207804253844172e+07
2.914798092335544154e+07
2.915172263199067861e+07
2.915439092952752858e+07
2.915325463874657080e+07
2.915401799678834528e+07
2.915231856987102702e+07
2.915100364027068391e+07
2.914970477072814107e+07
2.915300384436072037e+07
2.915661026944405586e+07
2.916356073373445123e+07
2.916526950659995899e+07
2.916649615708627924e+07
2.916478616649936885e+07
2.916515574002280086e+07
2.916850626346471906e+07
2.917213014488036558e+07
2.916925231038856879e+07
2.916898525287177786e+07
2.916545207249454036e+07
2.916385173920209333e+07
2.916431220588131249e+07
2.916642434738376364e+07
2.916555847669610009e+07
2.916696509734442830e+07
2.916304089075616002e+07
2.916502489232156798e+07
2.916329890338315815e+07
2.916378322979746014e+07
2.915635155451749638e+07
2.915831625393332168e+07
2.915364517850051448e+07
2.916942462142421678e+07
2.915220825584148243e+07
2.917836304832229763e+07
2.917141508892052621e+07
2.917174161884671450e+07
2.916608059025371447e+07
2.916704464391864091e+07
2.916519432748220488e+07
2.916591546378257126e+07
2.916204903511797637e+07
2.916104461558188871e+07
2.915728554586553574e+07
2.915769561959753558e+07
2.915652881198491901e+07
2.915902108472102880e+07
2.916163352216786146e+07
2.916178781697329879e+07
2.915819140780719370e+07
2.915423067595062777e+07
2.915050034970695898e+07
2.915007635241128877e+07
2.915205376225011423e+07
2.915486855337929353e+07
2.915693640007517487e+07
2.916150133922257647e+07
2.916181651106384397e+07
2.916115388102252409e+07
2.916083638824486360e+07
2.915933534153814241e+07
2.915535178309198841e+07
2.915253358188468590e+07
2.914971823051246256e+07
2.914708043628825992e+07
2.914429925221979618e+07
2.914188134608269483e+07
2.913933263511891291e+07
2.913794997224195674e+07
2.913725111588209122e+07
2.913913223951930553e+07
2.914046578943982720e+07
2.914265969313881174e+07
2.914520229596872255e+07
2.915129643363703415e+07
2.915311123197811097e+07
2.915399897604329512e+07
2.915726843443677202e+07
2.915655481464632228e+07
2.915306308257500082e+07
2.914960165644759312e+07
2.914709574019894376e+07
2.914509030371656269e+07
2.914395356285050884e+07
2.914479742111659795e+07
2.914472380084707960e+07
2.914369485453864560e+07
2.914275731450697407e+07
2.914229309499824047e+07
2.914196310962491482e+07
2.914142954573074356e+07
2.914429431093337387e+07
2.914538698312601820e+07
2.914393140411791578e+07
2.914093347767342255e+07
2.913874236510080099e+07
2.913841641043880954e+07
2.913969774416643009e+07
2.913986225423902273e+07
2.914062841351023316e+07
2.914183511925625801e+07
2.914309611745981500e+07
2.914193512571311370e+07
2.914186578313209489e+07
2.914090994535342231e+07
2.913923381533327326e+07
2.913774187620959431e+07
2.913743490956703201e+07
2.913701742641440406e+07
2.913823735748454183e+07
2.913904649043492600e+07
2.913893963823125139e+07
2.913763227868231386e+07
2.913785904017366841e+07
2.913674787147205696e+07
2.913684864035997167e+07
2.913482221724767238e+07
2.913433850076043606e+07
2.913295943850707635e+07
2.913400015498330072e+07
2.913366409873157740e+07
2.913446251609608531e+07
2.913351464464544132e+07
2.913574116081377119e+07
2.913471863557567075e+07
2.913383486825177073e+07
2.912838052427126095e+07
2.913248457426354662e+07
2.912832193796190247e+07
