4.425254452225840092e+07
4.425201627745392174e+07
4.425401012275245786e+07
4.425514416266431659e+07
4.425766999172593653e+07
4.425947113304873556e+07
4.426003667259532958e+07
4.425875236803784966e+07
4.425731280106593668e+07
4.425570451021846384e+07
4.425505719583867490e+07
4.425461356564348936e+07
4.425484317743606865e+07
4.425478880341565609e+07
4.425459632656225562e+07
4.425443523543573171e+07
4.425402550649700314e+07
4.425389161135028303e+07
4.425463656367393583e+07
4.425471431546039134e+07
4.425479897085118294e+07
4.425473294152287394e+07
4.425418774920316786e+07
4.425381009807104617e+07
4.425375134863243252e+07
4.425386338953746110e+07
4.425394269536593556e+07
4.425362650018405169e+07
4.425323518050029874e+07
4.425307452493080497e+07
4.425402460615488142e+07
4.425582046229207516e+07
4.425684198598620296e+07
4.425739247173061967e+07
4.425782482553832978e+07
4.425757026079142094e+07
4.425690675400389731e+07
4.425614467751308531e+07
4.425544546694076061e+07
4.425435511458391696e+07
4.425293499200095236e+07
4.425108749525396526e+07
4.424930565449361503e+07
4.424791016272452474e+07
4.424707193321929872e+07
4.424694646623036265e+07
4.424742978647156060e+07
4.424834185650780052e+07
4.424934294137445837e+07
4.425049625116572529e+07
4.425182774780565500e+07
4.425324040663996339e+07
4.425504704096681625e+07
4.425645944961457700e+07
4.425772688903101534e+07
4.425870508814980090e+07
4.425856119430141151e+07
4.425798502227753401e+07
4.425766104829160124e+07
4.425714569033441693e+07
4.425627619385356456e+07
4.425559652832707018e+07
4.425481336022953689e+07
4.425352630326175690e+07
4.425199952058383077e+07
4.425046469533840567e+07
4.424931033425951004e+07
4.424832505402327329e+07
4.424742746577499807e+07
4.424693144368047267e+07
4.424708100598769635e+07
4.424777589027676731e+07
4.424890097044192255e+07
4.425021679339432716e+07
4.425120734631726891e+07
4.425157913397306204e+07
4.425160900054490566e+07
4.425130882792655379e+07
4.425078291828825325e+07
4.425026463689363003e+07
4.424996761681068689e+07
4.424984173905722052e+07
4.425013838284201920e+07
4.425087136077798903e+07
4.425157442439383268e+07
4.425230347553916276e+07
4.425308450123324245e+07
4.425366175917312503e+07
4.425405898526401073e+07
4.425377105287945271e+07
4.425262003352761269e+07
4.425128000522437692e+07
4.425002868193818629e+07
4.424890217077236623e+07
4.424826283789769560e+07
4.424828320620851219e+07
4.424897628940937668e+07
4.425004275230299681e+07
4.425105464014691114e+07
4.425166273348279297e+07
4.425169642164728791e+07
4.425130284118523449e+07
4.425044225876498222e+07
4.424937014959446341e+07
4.424855324211679399e+07
4.424860052008082718e+07
4.425040295921926945e+07
4.425351618775540590e+07
4.425581911253526062e+07
4.425699950831161439e+07
4.425706945724641532e+07
4.425637018109165132e+07
4.425487672655090690e+07
4.425283751157128811e+07
4.425043021671667695e+07
4.424778068622968346e+07
4.424547606815069169e+07
4.424404843672516197e+07
4.424363044588092715e+07
4.424425193643824756e+07
4.424555788508796692e+07
4.424726793568096310e+07
4.424892308179959655e+07
4.425081204698018730e+07
4.425263380991463363e+07
4.425362282497031242e+07
4.425353604206439108e+07
4.425299347602576762e+07
4.425200455381601304e+07
4.425074600691862404e+07
4.425007070836879313e+07
4.425019402655463666e+07
4.425096991215208918e+07
4.425239542584299296e+07
4.425411589809042215e+07
4.425589715082184225e+07
4.425719706344055384e+07
4.425751886830516160e+07
4.425749833416465670e+07
4.425731354241472483e+07
4.425622625928579271e+07
4.425472890923609585e+07
4.425343466637639701e+07
4.425250833832241595e+07
4.425229088809423894e+07
4.425247410639201105e+07
4.425291268448229879e+07
4.425340022598608583e+07
4.425381623182059079e+07
4.425398281430495530e+07
4.425363397322391719e+07
4.425268764704827964e+07
4.425145058064184338e+07
4.425047263268508017e+07
4.425019638863084465e+07
4.425096252092179656e+07
4.425251312439192832e+07
4.425428909377407283e+07
4.425683338608056307e+07
4.425968261134076864e+07
4.426160599587996304e+07
4.426211357914887369e+07
4.426098155228036642e+07
4.425872486656324565e+07
4.425670676170822978e+07
4.425466357870867103e+07
4.425234934015428275e+07
4.425083096738716215e+07
4.425051434757375717e+07
4.425150379695122689e+07
4.425313812107964605e+07
4.425498973196281493e+07
4.425636472691712528e+07
4.425705664036401361e+07
4.425686939421644062e+07
4.425666529511953145e+07
4.425631644044274092e+07
4.425531241499139369e+07
4.425398005275068432e+07
4.425289569949723035e+07
4.425215706937905401e+07
4.425244025632965565e+07
4.425361681395141780e+07
4.425563591944126040e+07
4.425777375899089873e+07
4.425939243626654893e+07
4.426012537852915376e+07
4.425971442794933170e+07
4.425774140008134395e+07
4.425516569347704947e+07
4.425227953165065497e+07
4.425047168264888227e+07
4.425078469957167655e+07
4.424953513645796478e+07
4.425091615188571811e+07
4.425234106481144577e+07
4.425405588432673365e+07
4.425495434317534417e+07
4.425527422665740550e+07
4.425456432497455180e+07
4.425295618099590391e+07
4.425083071892365813e+07
4.424895991952546686e+07
4.424743949087728560e+07
4.424639751144055277e+07
4.424620939229209721e+07
4.424715487009909004e+07
4.424873613729843497e+07
4.425046970526655763e+07
4.425176248826535046e+07
4.425222734385751188e+07
4.425188601168985665e+07
4.425099015316848457e+07
4.424979973017652333e+07
4.424854840451432765e+07
4.424781743373027444e+07
4.424788993871760368e+07
4.424868306780740619e+07
4.424991474785980582e+07
4.425144680850715190e+07
4.425284522946740687e+07
4.425391049683815986e+07
4.425434270967512578e+07
4.425413703662585467e+07
4.425329468911023438e+07
4.425204767447894067e+07
4.425069929735685140e+07
4.424997245989729464e+07
4.424954904143062234e+07
4.424969437538205087e+07
4.425021357133988291e+07
4.425138701637448370e+07
4.425272576609009504e+07
4.425439352847852558e+07
4.425545772826509923e+07
4.425651709594369680e+07
4.425725708402170241e+07
4.425754047660125047e+07
4.425686307785037160e+07
4.425699499272926152e+07
4.425325613087072223e+07
4.425583765693716705e+07
4.425526160638798028e+07
4.425653908682666719e+07
4.425739330583626032e+07
4.425938193238566816e+07
4.426134027131044120e+07
4.426236667856937647e+07
4.426193192738590389e+07
4.426063013470368832e+07
4.425853891613185406e+07
4.425612114310277253e+07
4.425366159589459002e+07
4.425208254532002658e+07
4.425125440428417176e+07
4.425139795667837560e+07
4.425211770251588523e+07
4.425328079373604059e+07
4.425439825178344548e+07
4.425526374594390392e+07
4.425533061800645292e+07
4.425497524205940217e+07
4.425413485050684959e+07
4.425352438917277008e+07
4.425335744911564142e+07
4.425439360886065662e+07
4.425608152828119695e+07
4.425747329398860782e+07
4.425867781036342680e+07
4.425974602644089609e+07
4.426129105535320938e+07
4.426313700101794302e+07
4.426357794481528550e+07
4.426319758799342811e+07
4.426233560391693562e+07
4.426110807622399181e+07
4.425895788224549592e+07
4.425625403990984708e+07
4.425411535779405385e+07
4.425286723469541967e+07
4.425244605232395977e+07
4.425264591286581010e+07
4.425336692477581650e+07
4.425415100479034334e+07
4.425479037772862613e+07
4.425494849943448603e+07
4.425501063339459151e+07
4.425574690892460197e+07
4.425709846625686437e+07
4.425802397450820357e+07
4.425845789227092266e+07
4.425888315792869031e+07
4.425985960113964975e+07
4.426149455677414685e+07
4.426225073043660820e+07
4.426175258701390773e+07
4.426090822812028974e+07
4.425934860731755197e+07
4.425728398287882656e+07
4.425512756464517862e+07
4.425281424019012600e+07
4.425051680528483540e+07
4.424889852931312472e+07
4.424788858161647618e+07
4.424746586222665757e+07
4.424758765308414400e+07
4.424822708786593378e+07
4.424933904026103020e+07
4.425029238618634641e+07
4.425075627608359605e+07
4.425106699034468830e+07
4.425115016832248867e+07
4.425125594524018466e+07
4.425142458872656524e+07
4.425175512033697218e+07
4.425225126584886014e+07
4.425292234145332128e+07
4.425458228987260163e+07
4.425726406348750740e+07
4.425925415903779119e+07
4.426039222362811118e+07
4.425983600799060613e+07
4.425833238258955628e+07
4.425650408285796642e+07
4.425500453369016200e+07
4.425369634304754436e+07
4.425306513240808994e+07
4.425262050554049015e+07
4.425239906863228232e+07
4.425153696580167860e+07
4.425106874795695394e+07
4.425065814164816588e+07
4.425087515929220617e+07
4.425055869568361342e+07
4.425094627502266318e+07
4.425026530396797508e+07
