4.388979141026370227e+07
4.389029011532653123e+07
4.389080008763411641e+07
4.389108041691678762e+07
4.389135860155981779e+07
4.389165093206291646e+07
4.389200781645626575e+07
4.389213278330554068e+07
4.389212010037155449e+07
4.389186652835226059e+07
4.389143214260590076e+07
4.389056657646480948e+07
4.388945479327855259e+07
4.388833227523697913e+07
4.388714376971037686e+07
4.388593905782387406e+07
4.388491120333735645e+07
4.388417486421271414e+07
4.388375498858417571e+07
4.388384869175074250e+07
4.388452700918739289e+07
4.388545763066296279e+07
4.388661774298402667e+07
4.388793442384845018e+07
4.388919802162875980e+07
4.389019741887292266e+07
4.389079474114815891e+07
4.389115669830802083e+07
4.389134594558807462e+07
4.389132012898822129e+07
4.389133588789380342e+07
4.389140787632659823e+07
4.389153407003880292e+07
4.389169637143895775e+07
4.389189131077367067e+07
4.389171876578216255e+07
4.389118758101592958e+07
4.389048603726431727e+07
4.388950906744048744e+07
4.388822720394425094e+07
4.388682479900985956e+07
4.388549877855919302e+07
4.388444953784163296e+07
4.388385954277657717e+07
4.388399090757710487e+07
4.388461324919884652e+07
4.388578566702720523e+07
4.388736879707588255e+07
4.388899862182211131e+07
4.389041674202712625e+07
4.389145624444833398e+07
4.389197506448588520e+07
4.389209963422115892e+07
4.389189461993320286e+07
4.389150371422597021e+07
4.389115848985433578e+07
4.389100050392105430e+07
4.389108619029557705e+07
4.389147219469871372e+07
4.389182456813607365e+07
4.389185018613109738e+07
4.389158492315645516e+07
4.389097807347216457e+07
4.388983472075629234e+07
4.388828827875787020e+07
4.388644192408316582e+07
4.388464401119849831e+07
4.388336529914776981e+07
4.388295916565329581e+07
4.388341925232411921e+07
4.388467604202281684e+07
4.388663637216507643e+07
4.388886408247212321e+07
4.389080057453481853e+07
4.389215529450187832e+07
4.389282575213450193e+07
4.389290661137087643e+07
4.389243818999912590e+07
4.389170808241041750e+07
4.389092307282526046e+07
4.389040734580871463e+07
4.389028731427176297e+07
4.389071889745318145e+07
4.389143689707793295e+07
4.389216801653354615e+07
4.389265033957869560e+07
4.389278202606040239e+07
4.389204686215391010e+07
4.389041146329066157e+07
4.388821733742857724e+07
4.388582683104580641e+07
4.388367575349975377e+07
4.388240743267127872e+07
4.388219853698291630e+07
4.388305788519531488e+07
4.388481428753552586e+07
4.388721268391169608e+07
4.388952432250244170e+07
4.389135918138388544e+07
4.389261571630240977e+07
4.389307993817717582e+07
4.389265280101346225e+07
4.389164286195431650e+07
4.389046799125445634e+07
4.388947746123519540e+07
4.388906282401389629e+07
4.388947767713005096e+07
4.389043482066165656e+07
4.389165448426239938e+07
4.389294984947431833e+07
4.389390757176519185e+07
4.389414169105499983e+07
4.389312825879145414e+07
4.389111462982675433e+07
4.388865421505723149e+07
4.388622992604328692e+07
4.388444384801571816e+07
4.388363984552115202e+07
4.388380865011441708e+07
4.388515625692924857e+07
4.388731710929143429e+07
4.388984404667193443e+07
4.389212099271719903e+07
4.389397211716523767e+07
4.389489167891526967e+07
4.389451939964745939e+07
4.389338473046401143e+07
4.389192949300108850e+07
4.389047702467005700e+07
4.388934032208737731e+07
4.388898455129923671e+07
4.388950844321931154e+07
4.389061797219459713e+07
4.389210643410471082e+07
4.389357998216328025e+07
4.389428656954436749e+07
4.389389685052403063e+07
4.389240131234753132e+07
4.389014763011785597e+07
4.388751906110365689e+07
4.388527240714881569e+07
4.388388394147687405e+07
4.388341938620148599e+07
4.388413197875460237e+07
4.388604906513831764e+07
4.388847776168946177e+07
4.389077149453663826e+07
4.389264778444660455e+07
4.389361503546744585e+07
4.389353136575464159e+07
4.389251390044057369e+07
4.389092778643725067e+07
4.388915275520356745e+07
4.388764239540952444e+07
4.388713648999673873e+07
4.388760108677739650e+07
4.388880042359685153e+07
4.389098554525779933e+07
4.389336691201816499e+07
4.389506566166439652e+07
4.389562806941569597e+07
4.389502535153057426e+07
4.389321640502461046e+07
4.389052846581537277e+07
4.388776803849425912e+07
4.388557269420872629e+07
4.388417872785228491e+07
4.388386533356210589e+07
4.388493347171013802e+07
4.388697904986859113e+07
4.388926469667625427e+07
4.389160544338323921e+07
4.389344616943832487e+07
4.389410370068567246e+07
4.389352127661611140e+07
4.389209721840404719e+07
4.389000158837798983e+07
4.388780368834379315e+07
4.388648634085039794e+07
4.388614527025529742e+07
4.388677457222188264e+07
4.388835016310788691e+07
4.389055804166381061e+07
4.389263753918060660e+07
4.389398183877911419e+07
4.389430869793021679e+07
4.389348078176686913e+07
4.389167887454732507e+07
4.388936663704705238e+07
4.388712458637990057e+07
4.388535493503384292e+07
4.388474648202469945e+07
4.388599834180588275e+07
4.388676371624916792e+07
4.388934863102143258e+07
4.389188426138899475e+07
4.389389243799741566e+07
4.389460572568980604e+07
4.389416769123313576e+07
4.389263357645568997e+07
4.389044972884757817e+07
4.388795602018937469e+07
4.388613573434045166e+07
4.388511723872961849e+07
4.388504173953615874e+07
4.388622326976910233e+07
4.388857082875268906e+07
4.389110447296848893e+07
4.389333668405987322e+07
4.389463648222188652e+07
4.389476294711016864e+07
4.389365826407670230e+07
4.389200236961314082e+07
4.389011503826649487e+07
4.388837843908143789e+07
4.388737193230401725e+07
4.388735624393559247e+07
4.388821934750480205e+07
4.388982267780216038e+07
4.389182585619052500e+07
4.389364840470091999e+07
4.389463527663968503e+07
4.389457479861449450e+07
4.389351184663225710e+07
4.389158257000516355e+07
4.388908056457293779e+07
4.388665263132371008e+07
4.388475943849462271e+07
4.388385317502096295e+07
4.388398893873421103e+07
4.388520800220733881e+07
4.388728056352008879e+07
4.388950593177992105e+07
4.389157654565554112e+07
4.389306016879656911e+07
4.389329392381133139e+07
4.389264964203290641e+07
4.389140492313320935e+07
4.389005738905379176e+07
4.388927734773868322e+07
4.389026537684915960e+07
4.388944105553869903e+07
4.389086400191359967e+07
4.389219208550743759e+07
4.389378062040052563e+07
4.389465020268411189e+07
4.389488232093963772e+07
4.389407915618352592e+07
4.389243374353121221e+07
4.389006897390656918e+07
4.388777836746316403e+07
4.388583770768149197e+07
4.388451528034313768e+07
4.388410763941742480e+07
4.388487213778881729e+07
4.388637031322276592e+07
4.388821848050223291e+07
4.389006664959100634e+07
4.389157925819420069e+07
4.389235950025651604e+07
4.389236187815682590e+07
4.389192388650741428e+07
4.389121371881972253e+07
4.389027997092718631e+07
4.388996507368994504e+07
4.389017646298456937e+07
4.389094002139359713e+07
4.389226409903839976e+07
4.389368828422357142e+07
4.389468635304033011e+07
4.389522013500265777e+07
4.389484557603087276e+07
4.389360618607097864e+07
4.389177439340861887e+07
4.388971386611755192e+07
4.388777845974520594e+07
4.388618349755303562e+07
4.388503743874890357e+07
4.388490821299505234e+07
4.388561747152994573e+07
4.388675682374484837e+07
4.388798390443065017e+07
4.388932764303565770e+07
4.389033690362399817e+07
4.389091856032305211e+07
4.389094925178898126e+07
4.389062954846245795e+07
4.389027025249219686e+07
4.389013809503052384e+07
4.389028618229240179e+07
4.389071969158186018e+07
4.389159309935505688e+07
4.389269467773453891e+07
4.389380960930124670e+07
4.389460489338671416e+07
4.389484520508547872e+07
4.389435869295734912e+07
4.389311189402608573e+07
4.389139407241071016e+07
4.388952195958512276e+07
4.388741652376019955e+07
4.388562318350474536e+07
4.388450449936244637e+07
4.388409904076813161e+07
4.388419246679894626e+07
4.388490476613130420e+07
4.388600561673740298e+07
4.388726981980945170e+07
4.388865338275071234e+07
4.388968640288029611e+07
4.389009868088097870e+07
4.389039745371724665e+07
4.389066523269046843e+07
4.389096743885662407e+07
4.389119432441862673e+07
4.389159063807220757e+07
4.389201352031280100e+07
4.389256545673366636e+07
4.389302413638053834e+07
4.389319811272368580e+07
4.389296657105445862e+07
4.389239166164989769e+07
4.389141000754453242e+07
4.389020104951769859e+07
4.388886101321725547e+07
4.388779247309748083e+07
4.388673545097809285e+07
4.388584250041210651e+07
4.388512228788758814e+07
4.388505671225794405e+07
4.388543965528005362e+07
4.388634557636480778e+07
4.388727813338535279e+07
4.388866699592583627e+07
4.388962075109782070e+07
4.389097162462370098e+07
