1.748125124969451921e+06
1.751353545602622908e+06
1.750951176837084349e+06
1.751762609453899553e+06
1.751643929303214652e+06
1.752199725241556065e+06
1.752290988297423813e+06
1.752641571508588037e+06
1.752563042564843548e+06
1.752626054707637290e+06
1.752335109623997472e+06
1.751849576424116036e+06
1.750820387294331565e+06
1.749960525786316721e+06
1.748591965346469078e+06
1.747455403550749179e+06
1.746107456948657520e+06
1.745146486436495092e+06
1.744322905469100457e+06
1.744203881563378731e+06
1.744488915095471311e+06
1.745390767995496513e+06
1.746484840792123461e+06
1.747943967806667089e+06
1.749281013501066482e+06
1.750507555796402739e+06
1.751189635688724462e+06
1.751652151330761146e+06
1.751772548180765472e+06
1.751615437798116822e+06
1.751445445023969980e+06
1.751388034377014497e+06
1.751310947638368234e+06
1.751382535927099409e+06
1.751574484836023534e+06
1.751538520213695709e+06
1.751105682257693494e+06
1.750538246818559943e+06
1.749532991598313209e+06
1.748099687443519942e+06
1.746369310656636255e+06
1.744642041114784079e+06
1.743139005748463096e+06
1.742201236491451040e+06
1.741913797519163927e+06
1.742378037022389937e+06
1.743524867755571147e+06
1.745214931911947904e+06
1.746979700554031180e+06
1.748744945602346677e+06
1.749942292827853933e+06
1.750609168998367619e+06
1.750735713096717140e+06
1.750386728078160435e+06
1.749807406664671609e+06
1.749225898799327435e+06
1.748837695853521116e+06
1.748856624658150366e+06
1.749295345358295599e+06
1.749745976970746648e+06
1.750070504235235509e+06
1.750082435278962366e+06
1.749642951920515159e+06
1.748520680662629427e+06
1.746770279840823263e+06
1.744603871018067468e+06
1.742310657186218072e+06
1.740488912023467943e+06
1.739406683775932761e+06
1.739191593520128634e+06
1.739995520110877231e+06
1.741624470738329459e+06
1.743832993223982863e+06
1.746014296087091090e+06
1.747862586024634307e+06
1.748895438068732386e+06
1.749334640871732030e+06
1.749017685415687505e+06
1.748177168264738051e+06
1.747246289894914022e+06
1.746502693635165924e+06
1.746205219349503051e+06
1.746534802059531678e+06
1.747444359064539894e+06
1.748365755096309585e+06
1.749158817764095264e+06
1.749524802679275861e+06
1.748931233558981214e+06
1.747544915164494654e+06
1.745265571893070359e+06
1.742643436811584514e+06
1.740111676624295535e+06
1.738149032873240300e+06
1.737209356763338903e+06
1.737472472672042204e+06
1.738740465691150865e+06
1.740929378325993428e+06
1.743507023534414358e+06
1.745758439187052893e+06
1.747499432426105952e+06
1.748392820839768741e+06
1.748295710250392323e+06
1.747324659564802889e+06
1.746095411602766486e+06
1.744784284453980392e+06
1.743977637668785639e+06
1.744174430097248405e+06
1.745063721478460357e+06
1.746362947436642367e+06
1.747944224158869125e+06
1.749188268017427530e+06
1.749585507171541452e+06
1.748901288908147253e+06
1.747062261771704303e+06
1.744481528703137534e+06
1.741540862487664213e+06
1.738967784010534408e+06
1.737282484743359964e+06
1.736699414231583243e+06
1.737454816214027116e+06
1.739372565865828656e+06
1.742008499167532427e+06
1.744637599102024222e+06
1.746932272626533406e+06
1.748334841167939827e+06
1.748495043418314774e+06
1.747683736359131988e+06
1.746185128072779626e+06
1.744416099771279842e+06
1.742970823966392316e+06
1.742464038677590434e+06
1.743023071430946700e+06
1.744433418299651938e+06
1.746292805201301118e+06
1.748420046726666391e+06
1.749823050971709890e+06
1.750168547946603270e+06
1.749070796421321575e+06
1.747040181695760228e+06
1.744124674074348295e+06
1.741210476749991532e+06
1.738782969598262105e+06
1.737473985267092707e+06
1.737425362718350254e+06
1.738846235139778350e+06
1.741208271398777841e+06
1.743968399148724740e+06
1.746532101643135305e+06
1.748422836413152749e+06
1.749126188992391806e+06
1.748606140061275102e+06
1.747071973306059139e+06
1.745087624366867822e+06
1.743028793251499068e+06
1.741846526767982636e+06
1.741690574513979256e+06
1.742576572698934469e+06
1.744465632478137035e+06
1.747069278308245819e+06
1.749256883906813106e+06
1.750665919563337462e+06
1.750685660215079086e+06
1.749515399298251607e+06
1.747158046031585196e+06
1.744403487974340329e+06
1.741681876686034026e+06
1.739738810585944913e+06
1.738904498427918646e+06
1.739547130504923174e+06
1.741352559914253652e+06
1.743748808717957232e+06
1.746372314728569705e+06
1.748619742268571863e+06
1.749819321424098685e+06
1.749624372138613136e+06
1.748320596601090627e+06
1.746189716505423188e+06
1.743636173707288457e+06
1.741671448116930667e+06
1.740574959856279893e+06
1.740679726985231275e+06
1.741991812801992055e+06
1.744404312002962455e+06
1.746934668103971519e+06
1.749130030213326449e+06
1.750214546359892236e+06
1.750148668893588707e+06
1.748684409666580847e+06
1.746526918083044002e+06
1.743877152042577276e+06
1.741789281413886696e+06
1.740145501695123501e+06
1.740143965104420437e+06
1.741332871607241454e+06
1.743141987469399115e+06
1.745573009489469696e+06
1.747812509239465930e+06
1.749217965486355824e+06
1.749398005771544762e+06
1.748499881832562620e+06
1.746443093831621110e+06
1.743788134621412493e+06
1.741286844767830335e+06
1.739271702775833663e+06
1.738423739235051675e+06
1.738852881094314856e+06
1.740630059878314380e+06
1.743063946193664335e+06
1.745541909684759099e+06
1.747364833882087143e+06
1.748228424922906328e+06
1.747736213687848300e+06
1.746414450037762756e+06
1.744562935280505102e+06
1.742571534846143564e+06
1.741001893072472885e+06
1.740468633601427544e+06
1.740861805640263250e+06
1.742383658059500391e+06
1.744306347437156364e+06
1.746385332640436711e+06
1.747931308557027951e+06
1.748651114190024789e+06
1.748021292168949265e+06
1.746573036258681444e+06
1.743946263732561609e+06
1.741285210544639966e+06
1.738734689911910798e+06
1.737124904448308051e+06
1.736401733383834362e+06
1.737389475086543942e+06
1.739079091774782864e+06
1.741402760481555946e+06
1.743366322974947514e+06
1.745149451662519248e+06
1.745512604883473599e+06
1.745547839143234072e+06
1.744037756250033155e+06
1.743178077208645875e+06
1.740968513114208356e+06
1.740800485414934112e+06
1.740968945280151907e+06
1.741812644352065166e+06
1.743270494441053132e+06
1.745063207479094388e+06
1.746660203872394981e+06
1.747474375406677369e+06
1.747521675001164898e+06
1.746319425033003092e+06
1.744063545501200715e+06
1.741514496548597002e+06
1.739107580316923792e+06
1.736878012837619986e+06
1.735583188218903495e+06
1.735450718054857105e+06
1.736364162508321693e+06
1.737954383015582105e+06
1.739792080841882853e+06
1.741627378047897946e+06
1.742817573160063475e+06
1.743241136392976623e+06
1.743043553436951013e+06
1.742357776823644992e+06
1.741564303718994837e+06
1.741111876344204415e+06
1.741234059288007906e+06
1.741782279136536177e+06
1.742917009720690316e+06
1.744336799499763409e+06
1.745751844520666869e+06
1.746739867595537798e+06
1.747061019282706082e+06
1.746402394899397623e+06
1.744904573301700875e+06
1.742923212184694828e+06
1.740652839222327573e+06
1.738423729159263428e+06
1.736720916982853552e+06
1.735768786860158667e+06
1.735809865688707912e+06
1.736604009126135614e+06
1.737688112428862369e+06
1.739094361875852570e+06
1.740430429435286438e+06
1.741471451201981632e+06
1.741943928432383342e+06
1.742021492577353725e+06
1.741850447005793452e+06
1.741831106908421265e+06
1.742023989411164774e+06
1.742299152455802541e+06
1.743067146871201694e+06
1.744100862783769146e+06
1.745123614205383230e+06
1.745959994262516964e+06
1.746385581927619176e+06
1.746098587203556905e+06
1.745166346041042591e+06
1.743668867787717376e+06
1.742004135881770635e+06
1.740045426935075084e+06
1.738245154635339277e+06
1.736895893428203417e+06
1.736134246727503836e+06
1.735851064491063589e+06
1.736165431049421197e+06
1.736821188782640500e+06
1.737781339332197560e+06
1.738930801567886025e+06
1.739827254605742870e+06
1.740508234796267701e+06
1.740980856782104122e+06
1.741470462455554632e+06
1.741906804977526423e+06
1.742325508860847680e+06
1.742779966448595049e+06
1.743359357250705361e+06
1.744021548859579489e+06
1.744586900618825573e+06
1.744917214394830167e+06
1.744927983536132146e+06
1.744538275469933869e+06
1.743839900606973795e+06
1.742803626001323806e+06
1.741482326488426188e+06
1.740001691431565676e+06
1.738599798362432048e+06
1.737284654877870111e+06
1.736281229551053140e+06
1.735716402255566791e+06
1.735610494183099596e+06
1.735970719200631371e+06
1.736716612158203032e+06
1.737755481173196109e+06
1.738874148063508561e+06
1.739972054544921499e+06
