2.627123095936483145e+07
2.627244259804774821e+07
2.627203322876510024e+07
2.627199195266813040e+07
2.627165808415325359e+07
2.627149817493825778e+07
2.627125985334410146e+07
2.627145545035556331e+07
2.627190323172862828e+07
2.627276522037607059e+07
2.627319963235183060e+07
2.627353308969104663e+07
2.627364610466106981e+07
2.627331407407042757e+07
2.627234060896227509e+07
2.627123450330000371e+07
2.626986775978695974e+07
2.626845826981801167e+07
2.626692635109899938e+07
2.626561321957676858e+07
2.626500284897500649e+07
2.626509648654617369e+07
2.626572202475801483e+07
2.626665002381144091e+07
2.626738858590843901e+07
2.626808206410897151e+07
2.626838480394769087e+07
2.626838136115192622e+07
2.626830647667163983e+07
2.626827433282607421e+07
2.626769919644758105e+07
2.626725850877674296e+07
2.626733934980969131e+07
2.626720133661063761e+07
2.626787768643572554e+07
2.626893140532149374e+07
2.626954396387082338e+07
2.626988124524588883e+07
2.626992962795259058e+07
2.626899094403811917e+07
2.626788651439616084e+07
2.626627733421051502e+07
2.626435223607032746e+07
2.626278367292251438e+07
2.626200450919955969e+07
2.626183429552675784e+07
2.626242526786695421e+07
2.626350013289608806e+07
2.626475039152255282e+07
2.626598461409099028e+07
2.626724613965014741e+07
2.626821827581958845e+07
2.626841288485548645e+07
2.626807389024842530e+07
2.626751588185748085e+07
2.626682770552608371e+07
2.626634980976631120e+07
2.626661430582760647e+07
2.626696826963431016e+07
2.626707460336058959e+07
2.626755520650650561e+07
2.626811863442615420e+07
2.626895513433735818e+07
2.626909076443678141e+07
2.626858997215716168e+07
2.626751375708868727e+07
2.626585182323916629e+07
2.626431363712435961e+07
2.626301839902295172e+07
2.626207132188456133e+07
2.626183642061135545e+07
2.626224106688733771e+07
2.626321146723661572e+07
2.626418759160311520e+07
2.626528156354859471e+07
2.626589957549348101e+07
2.626674165818632022e+07
2.626712861434371769e+07
2.626713851403887570e+07
2.626645156767370552e+07
2.626595477658928558e+07
2.626606187873484939e+07
2.626643547282360867e+07
2.626685103430135176e+07
2.626721241231060401e+07
2.626775001513620466e+07
2.626849044523372874e+07
2.626894751475924626e+07
2.626887095611744002e+07
2.626769120777616650e+07
2.626590497641418129e+07
2.626429672257542238e+07
2.626326303654376790e+07
2.626224090116595477e+07
2.626179776488602534e+07
2.626195385973830894e+07
2.626290213233102486e+07
2.626431848576976731e+07
2.626573958740239963e+07
2.626681653928722441e+07
2.626733011133417115e+07
2.626699648630667105e+07
2.626610602468667552e+07
2.626547938698040694e+07
2.626518181327177584e+07
2.626541698776207492e+07
2.626637318426676840e+07
2.626792283977137506e+07
2.626983093678982928e+07
2.627134667561292648e+07
2.627224365319556370e+07
2.627254970127569512e+07
2.627208425294540077e+07
2.627075933329832181e+07
2.626884731966570020e+07
2.626667472277915850e+07
2.626504231279068068e+07
2.626395606483888626e+07
2.626313606096019968e+07
2.626301481641328707e+07
2.626373650697178766e+07
2.626473759891768917e+07
2.626583282120586932e+07
2.626683189452835545e+07
2.626744534815018252e+07
2.626719857102285326e+07
2.626651073478427529e+07
2.626567368633303046e+07
2.626493125283466280e+07
2.626421808784415945e+07
2.626395954586748779e+07
2.626490861978200451e+07
2.626647682622697204e+07
2.626815848928236961e+07
2.626966493963694572e+07
2.627047085170792043e+07
2.627100770953282341e+07
2.627082855068267137e+07
2.626964870289323106e+07
2.626797301197781041e+07
2.626601467933603376e+07
2.626424166047636792e+07
2.626322522761065513e+07
2.626258444483694807e+07
2.626268947036011517e+07
2.626355254151124135e+07
2.626479803501692787e+07
2.626582732616034150e+07
2.626642371917786449e+07
2.626625258125824854e+07
2.626556407187924162e+07
2.626464563525102288e+07
2.626370292221926153e+07
2.626288188030904904e+07
2.626249150966035575e+07
2.626242473015844077e+07
2.626298382698258013e+07
2.626430379949076846e+07
2.626615508924883977e+07
2.626803461980675533e+07
2.626980602748411894e+07
2.627093287939079851e+07
2.627109957058724016e+07
2.626984239198418707e+07
2.626824876285677776e+07
2.626638268136271089e+07
2.626480743641828001e+07
2.626374437974814326e+07
2.626304431902770326e+07
2.626305527827502415e+07
2.626351320152824372e+07
2.626428043941360340e+07
2.626510524202762544e+07
2.626556570000185072e+07
2.626517688097286969e+07
2.626405244476691261e+07
2.626258346543220431e+07
2.626057058898591995e+07
2.625870795835076645e+07
2.625751366889112443e+07
2.625722015685450286e+07
2.625761028956448659e+07
2.625884335825888813e+07
2.626055319238089025e+07
2.626241436218561605e+07
2.626354944210762903e+07
2.626413631888287887e+07
2.626367479491654411e+07
2.626226593957531452e+07
2.626014545118423924e+07
2.625830554579604045e+07
2.625811070440654457e+07
2.626008632191340625e+07
2.625956525496743992e+07
2.626105945108509064e+07
2.626250607045926899e+07
2.626400909261126816e+07
2.626490169704453647e+07
2.626535961407411098e+07
2.626535799196347222e+07
2.626414581157362089e+07
2.626191254715714976e+07
2.626023577617647871e+07
2.625942227648272738e+07
2.625940589727684855e+07
2.625969124178439751e+07
2.626083035438666865e+07
2.626220919480566308e+07
2.626380469433278218e+07
2.626515224510540813e+07
2.626681227640656382e+07
2.626740986107050255e+07
2.626652523214421421e+07
2.626489589713700116e+07
2.626361619900783524e+07
2.626318748072916642e+07
2.626305168457099050e+07
2.626322147504644841e+07
2.626388472192152217e+07
2.626448116830589622e+07
2.626522980642484128e+07
2.626598383684771135e+07
2.626658962580109015e+07
2.626690972432801127e+07
2.626690716441556439e+07
2.626554151396738365e+07
2.626368709329455718e+07
2.626160135016457364e+07
2.626029327585557476e+07
2.625972222721759975e+07
2.626040766944126412e+07
2.626149304044726864e+07
2.626333199060256034e+07
2.626521065279989690e+07
2.626677160135550052e+07
2.626787062046099827e+07
2.626913949850876629e+07
2.626906341409920156e+07
2.626871988566473499e+07
2.626721578748343140e+07
2.626887360603554919e+07
2.626508724262744188e+07
2.626549309459803253e+07
2.626560360720526800e+07
2.626695656320087239e+07
2.626784955527494103e+07
2.626880695408365503e+07
2.626874794787021354e+07
2.626847322427865863e+07
2.626697897578685358e+07
2.626521562114355341e+07
2.626347456688159332e+07
2.626223777279534936e+07
2.626150842138030007e+07
2.626128047924103960e+07
2.626117368412722275e+07
2.626147225132991746e+07
2.626199395846212655e+07
2.626288517574323341e+07
2.626324916000745445e+07
2.626326452572492510e+07
2.626320322492699698e+07
2.626292058933848888e+07
2.626268379834460467e+07
2.626317192821966857e+07
2.626403090253736824e+07
2.626483995575243980e+07
2.626633879507777095e+07
2.626836633874530718e+07
2.626983743293163925e+07
2.627078391369982809e+07
2.627134248217443004e+07
2.627152174480096623e+07
2.627109488677394390e+07
2.627053688596761227e+07
2.626944768508839980e+07
2.626803559707196802e+07
2.626709005676377565e+07
2.626697917262541130e+07
2.626769002652722225e+07
2.626913272274780646e+07
2.627045228713366762e+07
2.627199893388643488e+07
2.627332652416079864e+07
2.627386617416245118e+07
2.627353892066871375e+07
2.627303596548629552e+07
2.627251698496166617e+07
2.627224611976538226e+07
2.627207212062061578e+07
2.627216261115795374e+07
2.627295513445411995e+07
2.627413270626207069e+07
2.627534813119932637e+07
2.627658321669420227e+07
2.627725019126686826e+07
2.627691187571847066e+07
2.627635044908851013e+07
2.627556296877000108e+07
2.627448441558456421e+07
2.627308473501656577e+07
2.627198494122715667e+07
2.627109314301562309e+07
2.627041362637897208e+07
2.627016339157237858e+07
2.627064606866700575e+07
2.627164139903803542e+07
2.627300101765191928e+07
2.627425757564103976e+07
2.627516109946458787e+07
2.627538083244514465e+07
2.627497799634608254e+07
2.627420333617488295e+07
2.627338979107686877e+07
2.627271317675118521e+07
2.627301095683296770e+07
2.627386092731641978e+07
2.627469420447716117e+07
2.627535885062100738e+07
2.627629543506650999e+07
2.627688669718342274e+07
2.627711804290664941e+07
2.627632403965411708e+07
2.627494497054206952e+07
2.627322877520915493e+07
2.627165843881554157e+07
2.627016914632452279e+07
2.626912788793494925e+07
2.626779559767611697e+07
2.626722274193863198e+07
2.626697708459633216e+07
2.626775680199991539e+07
2.626882714461812004e+07
2.627055750381482765e+07
2.627092811637098342e+07
2.627200382008340582e+07
