6.090702857967449725e+07
6.090691089709633589e+07
6.090741401098783314e+07
6.090788476756140590e+07
6.090852590034463257e+07
6.090904652749292552e+07
6.090954459267781675e+07
6.090949278430806100e+07
6.090926977779802680e+07
6.090875866445276141e+07
6.090804876454577595e+07
6.090694011301553249e+07
6.090576546255587041e+07
6.090463100104988366e+07
6.090357116840991378e+07
6.090248808135431260e+07
6.090163972898651659e+07
6.090108578422964364e+07
6.090087194899739325e+07
6.090113602391327173e+07
6.090201545289322734e+07
6.090303652903155237e+07
6.090421344860547036e+07
6.090553396005211771e+07
6.090679404585760832e+07
6.090775508522556722e+07
6.090839181347291917e+07
6.090870325870196521e+07
6.090865701704700291e+07
6.090848060953782499e+07
6.090849501274828613e+07
6.090857730173240602e+07
6.090868896945887059e+07
6.090879262350782752e+07
6.090880750174757838e+07
6.090835712257980555e+07
6.090757435475748777e+07
6.090658199632849544e+07
6.090537261936694384e+07
6.090392471569567919e+07
6.090244821900238097e+07
6.090123854754668474e+07
6.090030061966376752e+07
6.089984875326535851e+07
6.090015882516214997e+07
6.090100410424440354e+07
6.090235258940982074e+07
6.090403672550687194e+07
6.090558400921551883e+07
6.090664661618528515e+07
6.090732230570282042e+07
6.090750433545588702e+07
6.090740008219704032e+07
6.090713658593179286e+07
6.090679395255739987e+07
6.090655483497342467e+07
6.090659971531425416e+07
6.090691499921737611e+07
6.090753271222488582e+07
6.090819388115935028e+07
6.090843206191703677e+07
6.090815486902198941e+07
6.090737161465993524e+07
6.090598386066389829e+07
6.090412888845034689e+07
6.090209699386636913e+07
6.090016515120504051e+07
6.089870220868799835e+07
6.089809347237968445e+07
6.089844655436896533e+07
6.089966720433563739e+07
6.090156315162303299e+07
6.090366635986976326e+07
6.090546258219247311e+07
6.090675767096427083e+07
6.090755135321145505e+07
6.090773928221651912e+07
6.090741305924479663e+07
6.090691012083583325e+07
6.090646106830243766e+07
6.090626371342539787e+07
6.090652542173073441e+07
6.090733224751648307e+07
6.090838398485067487e+07
6.090918571184027940e+07
6.090953622955481708e+07
6.090927283017326146e+07
6.090822573519140482e+07
6.090638734002361447e+07
6.090413584578947723e+07
6.090183994581068307e+07
6.089979973617317528e+07
6.089855091727681458e+07
6.089828594095660001e+07
6.089912130316332728e+07
6.090096206807227433e+07
6.090350570417406410e+07
6.090603625514630973e+07
6.090799734001085162e+07
6.090927553100911528e+07
6.090968260197725147e+07
6.090932882002041489e+07
6.090854937217523903e+07
6.090757730884497613e+07
6.090688348506657779e+07
6.090674007579191029e+07
6.090738035523413122e+07
6.090855957761476934e+07
6.090979860496717691e+07
6.091087127411115915e+07
6.091136924534516037e+07
6.091094860870749503e+07
6.090947973237957805e+07
6.090709520604087412e+07
6.090423446631589532e+07
6.090147751786651462e+07
6.089957474303260446e+07
6.089875246860604733e+07
6.089920216036704183e+07
6.090093439716444165e+07
6.090336471586324275e+07
6.090593379514336586e+07
6.090815297343230993e+07
6.090989510980640352e+07
6.091064482824948430e+07
6.091033824517895281e+07
6.090921914564767480e+07
6.090783418163769692e+07
6.090649447225853801e+07
6.090572558281968534e+07
6.090592860942675173e+07
6.090692236019827425e+07
6.090838692967543006e+07
6.091009338551566750e+07
6.091151891300459206e+07
6.091218591619838029e+07
6.091172201190125942e+07
6.091014056239251792e+07
6.090776211246246099e+07
6.090493053005216271e+07
6.090254940668890625e+07
6.090097157987487316e+07
6.090041581196567416e+07
6.090109994810962677e+07
6.090298359298247099e+07
6.090549489819683135e+07
6.090793199547156692e+07
6.091003276856060326e+07
6.091114793172989786e+07
6.091118073234644532e+07
6.091021482421048731e+07
6.090865142047548294e+07
6.090685377518415451e+07
6.090548401470734924e+07
6.090504571365378052e+07
6.090550436101157963e+07
6.090680652511268854e+07
6.090885350524254888e+07
6.091108206428960711e+07
6.091270992214729637e+07
6.091318778436523676e+07
6.091240307459947467e+07
6.091057627086868137e+07
6.090804549387500435e+07
6.090548672465118766e+07
6.090342419283017516e+07
6.090208359983379394e+07
6.090194130792807788e+07
6.090313905466743559e+07
6.090521382624880224e+07
6.090754164202016592e+07
6.090990796313740313e+07
6.091158680065999180e+07
6.091207263770160079e+07
6.091136042558860034e+07
6.090978833656456321e+07
6.090762097838862985e+07
6.090560165908392519e+07
6.090432783072517067e+07
6.090395928046137094e+07
6.090466059440621734e+07
6.090643227000518143e+07
6.090887429017046839e+07
6.091116241373633593e+07
6.091259640969196707e+07
6.091291050696539134e+07
6.091202695877175033e+07
6.091020544998320937e+07
6.090786429496936500e+07
6.090577882631433010e+07
6.090415794596583396e+07
6.090381788313424587e+07
6.090513785605414957e+07
6.090607782500948757e+07
6.090848180522188544e+07
6.091076767282185704e+07
6.091262191040812433e+07
6.091335246217735112e+07
6.091290622570748627e+07
6.091136575464317948e+07
6.090914507298121601e+07
6.090664466690567136e+07
6.090469570443896949e+07
6.090363098559316248e+07
6.090348261498113722e+07
6.090458511894640326e+07
6.090687150653014332e+07
6.090942726103136688e+07
6.091160455574076623e+07
6.091292006476135552e+07
6.091303563057708740e+07
6.091195025458638370e+07
6.091035357569865882e+07
6.090844164708420634e+07
6.090671752933775634e+07
6.090571591943232715e+07
6.090580007493249327e+07
6.090691102964285761e+07
6.090861907579655945e+07
6.091075573508493602e+07
6.091254857155137509e+07
6.091350346264307946e+07
6.091322032162073255e+07
6.091194313160999864e+07
6.090973466429868340e+07
6.090701405137777328e+07
6.090455000094249845e+07
6.090278695128169656e+07
6.090195572913909703e+07
6.090235772656785697e+07
6.090384974987641722e+07
6.090606698704589158e+07
6.090833929798993468e+07
6.091021654376400262e+07
6.091130108404311538e+07
6.091131577465990931e+07
6.091055253467879444e+07
6.090947827696025372e+07
6.090809400675843656e+07
6.090753725611253083e+07
6.090850749671655893e+07
6.090831156921682507e+07
6.090998684593269974e+07
6.091160616880779713e+07
6.091328430600959808e+07
6.091416324928922951e+07
6.091426360221806914e+07
6.091327380115348846e+07
6.091134914541478455e+07
6.090873292067329586e+07
6.090624795503713936e+07
6.090416827788082510e+07
6.090279204137174785e+07
6.090231236323677748e+07
6.090295811988124996e+07
6.090429541200344265e+07
6.090612438550032675e+07
6.090791968210054934e+07
6.090929226196366549e+07
6.090991569327989966e+07
6.091004958056551218e+07
6.090979800525174290e+07
6.090931942680885643e+07
6.090880271190918982e+07
6.090896162806514651e+07
6.090946473313987255e+07
6.091036058256398141e+07
6.091157434053259343e+07
6.091302249372571707e+07
6.091413225186429918e+07
6.091458377475023270e+07
6.091410464391022921e+07
6.091270598350786418e+07
6.091064667074086517e+07
6.090832246716749668e+07
6.090608716581779718e+07
6.090427439362979680e+07
6.090314121900235862e+07
6.090312423124210536e+07
6.090390859600404650e+07
6.090520548931568116e+07
6.090668666971214861e+07
6.090809740455474705e+07
6.090909949644477665e+07
6.090960172673142701e+07
6.090948103558276594e+07
6.090914547158469260e+07
6.090884141002909839e+07
6.090882192661929876e+07
6.090910952535191923e+07
6.090968481942480803e+07
6.091062186691401154e+07
6.091180033076763153e+07
6.091289501156973839e+07
6.091365069442857057e+07
6.091384810648301989e+07
6.091332572047542036e+07
6.091203912511602789e+07
6.091032716825561225e+07
6.090840724690406770e+07
6.090636886380923539e+07
6.090468785021638870e+07
6.090359741910614818e+07
6.090316017999865115e+07
6.090324794559673220e+07
6.090383338197958469e+07
6.090476029122126848e+07
6.090576040204108506e+07
6.090680130501431972e+07
6.090759930117898434e+07
6.090804680717059225e+07
6.090856014340441674e+07
6.090916272789924592e+07
6.090990496789167076e+07
6.091068853322426230e+07
6.091159052633517981e+07
6.091233328727774322e+07
6.091302787619654089e+07
6.091348530029409379e+07
6.091353837828256935e+07
6.091308643247730285e+07
6.091222345861560851e+07
6.091097606862996519e+07
6.090952087049359083e+07
6.090782861425004900e+07
6.090627130354057252e+07
6.090496956287080050e+07
6.090415697676379979e+07
6.090376872031854093e+07
6.090400069679747522e+07
6.090445017977678776e+07
6.090531467593950033e+07
6.090621505602739006e+07
6.090723528102802485e+07
6.090784691217187792e+07
6.090887265136562288e+07
