9.919630975667608902e+06
9.920570037473207340e+06
9.920894306488256902e+06
9.921276982204204425e+06
9.921451620385533199e+06
9.921889070592490956e+06
9.922222368123551831e+06
9.922397126204991713e+06
9.922389459066582844e+06
9.922211533214442432e+06
9.921800528583383188e+06
9.921022487469965592e+06
9.919816239402551204e+06
9.918688618219975382e+06
9.917495539319923148e+06
9.916259038220016286e+06
9.915242604708964005e+06
9.914495936964567751e+06
9.914063132663907483e+06
9.914165295142278075e+06
9.914909099527232349e+06
9.915889563502090052e+06
9.917064649262208492e+06
9.918446706029016525e+06
9.919741022120524198e+06
9.920728672698220238e+06
9.921304312504159287e+06
9.921691133363517001e+06
9.921793463855912909e+06
9.921712659713635221e+06
9.921714071446366608e+06
9.921776786448393017e+06
9.921820370209919289e+06
9.921930752223609015e+06
9.922044525312287733e+06
9.921761174625331536e+06
9.921093244853891432e+06
9.920266492801576853e+06
9.919148791963625699e+06
9.917652939526930451e+06
9.916005164025014266e+06
9.914592396125840023e+06
9.913517331251660362e+06
9.912957209866872057e+06
9.913235094014605507e+06
9.914054363672610372e+06
9.915332029340408742e+06
9.917066208332182840e+06
9.918819916806260124e+06
9.920255157240310684e+06
9.921341849188141525e+06
9.921801526690928265e+06
9.921819434965373948e+06
9.921603356153802946e+06
9.921195581847095862e+06
9.920851684282252565e+06
9.920829875935280696e+06
9.920993005860973150e+06
9.921478831351594999e+06
9.921919243474818766e+06
9.921882656623357907e+06
9.921583116795271635e+06
9.920922035635612905e+06
9.919520952669415623e+06
9.917687268926542252e+06
9.915645675734002143e+06
9.913710640829900280e+06
9.912385432500425726e+06
9.911943988902397454e+06
9.912256985727071762e+06
9.913500786582844332e+06
9.915381989928105846e+06
9.917543550696082413e+06
9.919541552259085700e+06
9.920960698237471282e+06
9.921818131317388266e+06
9.922025744996646419e+06
9.921620796869114041e+06
9.920967443343564868e+06
9.920254001239228994e+06
9.919857660876430571e+06
9.919928186481630430e+06
9.920512367615165189e+06
9.921371842508496717e+06
9.922151690660230815e+06
9.922541331544864923e+06
9.922417705907678232e+06
9.921470271016824991e+06
9.919691106262039393e+06
9.917370335297100246e+06
9.914918949647843838e+06
9.912708080675248057e+06
9.911470181834727526e+06
9.911255845390958712e+06
9.911975195751918480e+06
9.913623052410278469e+06
9.916031697652829811e+06
9.918425923960691318e+06
9.920297265499280766e+06
9.921552307785071433e+06
9.922033729027951136e+06
9.921686332069335505e+06
9.920733553649999201e+06
9.919593710498303175e+06
9.918801475300414488e+06
9.918556198083216324e+06
9.919137639960968867e+06
9.920195571513293311e+06
9.921459995791183785e+06
9.922726070877762511e+06
9.923457089693496004e+06
9.923257476200804114e+06
9.922028584487142041e+06
9.919920293884934857e+06
9.917228355021309108e+06
9.914461012189624831e+06
9.912487198697885498e+06
9.911491044268162921e+06
9.911530073565984145e+06
9.912727671299792826e+06
9.914967070174872875e+06
9.917554624395063147e+06
9.919862039647389203e+06
9.921678840359466150e+06
9.922494116854144260e+06
9.922191765900563449e+06
9.921154013728491962e+06
9.919722349407890812e+06
9.918261601306879893e+06
9.917302007045347244e+06
9.917324853601910174e+06
9.918226374669775367e+06
9.919748842587186024e+06
9.921589310404954478e+06
9.923268839044371620e+06
9.924097208632528782e+06
9.923670053483383730e+06
9.922184059302456677e+06
9.919800624589810148e+06
9.916830383427752182e+06
9.914203878881163895e+06
9.912468425816269591e+06
9.911758092185027897e+06
9.912327348166652024e+06
9.914205837616562843e+06
9.916749228314671665e+06
9.919353153143528849e+06
9.921523529258418828e+06
9.922740383712416515e+06
9.922762152621654794e+06
9.921809926568046212e+06
9.920112968139149249e+06
9.918146370303602889e+06
9.916498646846754476e+06
9.915930396458003670e+06
9.916348551978029311e+06
9.917609345111347735e+06
9.919770622715741396e+06
9.922182848497224972e+06
9.923908703095946461e+06
9.924508574696028605e+06
9.923909689104681835e+06
9.922174655624803156e+06
9.919590387028016150e+06
9.916894603199448436e+06
9.914643570982182398e+06
9.913319633740559220e+06
9.913117313589459285e+06
9.914345438677422702e+06
9.916518315483583137e+06
9.918852720525968820e+06
9.921294842438254505e+06
9.923044079657804221e+06
9.923441180113015696e+06
9.922700885606884956e+06
9.921104769252980128e+06
9.918795302809674293e+06
9.916579117794211954e+06
9.915168485894918442e+06
9.914754909738840535e+06
9.915494900944706053e+06
9.917201569688551128e+06
9.919705394962377846e+06
9.922112614841101691e+06
9.923725564739903435e+06
9.924183164969235659e+06
9.923484029488125816e+06
9.921727147340506315e+06
9.919436839586665854e+06
9.917183483277095482e+06
9.915357771160680801e+06
9.914714726952346042e+06
9.915781855824632570e+06
9.916744547074535862e+06
9.919003822630984709e+06
9.921294579757923260e+06
9.923139868119575083e+06
9.923910467889824882e+06
9.923571932956399396e+06
9.922139226590137929e+06
9.920005331317368895e+06
9.917372022895654663e+06
9.915191065006559715e+06
9.913980595907395706e+06
9.913784300769576803e+06
9.914739811430484056e+06
9.917003636955142021e+06
9.919480426202658564e+06
9.921792130754819140e+06
9.923325298901343718e+06
9.923549284256536514e+06
9.922564419660210609e+06
9.921077000783054158e+06
9.919285954308303073e+06
9.917492795857032761e+06
9.916448320941040292e+06
9.916567545784652233e+06
9.917579697238896042e+06
9.919209935028253123e+06
9.921199070272231475e+06
9.923138799343762919e+06
9.924266344771634787e+06
9.924297651387613267e+06
9.923240091339949518e+06
9.921248630028199404e+06
9.918632799050802365e+06
9.916111716343497857e+06
9.914079313317244872e+06
9.913050220636896789e+06
9.913198364173496142e+06
9.914581450577303767e+06
9.916708778432350606e+06
9.919057972642898560e+06
9.920970774765560403e+06
9.922204334000846371e+06
9.922250161558872089e+06
9.921646069744270295e+06
9.920442839324004948e+06
9.919156671756839380e+06
9.917967034359538928e+06
9.918815610273111612e+06
9.918359902644800022e+06
9.919836712439654395e+06
9.921407077386587858e+06
9.923298778822762892e+06
9.924573789944833145e+06
9.925131293387398124e+06
9.924441866666659713e+06
9.922847936589574441e+06
9.920347351586816832e+06
9.917830896753052250e+06
9.915604897945193574e+06
9.913912122745662928e+06
9.913177596401084214e+06
9.913696616223303601e+06
9.915000853287953883e+06
9.916793396423067898e+06
9.918768189874371514e+06
9.920403466460179538e+06
9.921259499152829871e+06
9.921342238348480314e+06
9.920932842969402671e+06
9.920158970390480012e+06
9.919288238593954593e+06
9.919157307170985267e+06
9.919594653576118872e+06
9.920363922393543646e+06
9.921615647226009518e+06
9.923165933004094288e+06
9.924417839169111103e+06
9.925227914224699140e+06
9.925010516242649406e+06
9.923787557172620669e+06
9.921955921703817323e+06
9.919784395931933075e+06
9.917436489880634472e+06
9.915407918923875317e+06
9.913971449938431382e+06
9.913563525456385687e+06
9.914086758678874001e+06
9.915151293821971864e+06
9.916532446424612775e+06
9.918033945577535778e+06
9.919226095938181505e+06
9.920027610728090629e+06
9.920252446070898324e+06
9.920060740266660228e+06
9.919878106375947595e+06
9.919897284154161811e+06
9.920196880602341145e+06
9.920787445380831137e+06
9.921625647951409221e+06
9.922731420284982771e+06
9.923772390927759930e+06
9.924515601681739092e+06
9.924657291938865557e+06
9.924076337102776393e+06
9.922683388524232432e+06
9.921018016776835546e+06
9.919258484979426488e+06
9.917260826882144436e+06
9.915546724517896771e+06
9.914510032106976956e+06
9.914050952458290383e+06
9.914102417513603345e+06
9.914761856286777183e+06
9.915684358777761459e+06
9.916803359819548205e+06
9.917958847643816844e+06
9.918791396251559258e+06
9.919201793599678203e+06
9.919580361273389310e+06
9.919962804924475029e+06
9.920345645468590781e+06
9.920755851513471454e+06
9.921384818952510133e+06
9.922015507946258411e+06
9.922745936346273869e+06
9.923401160338003188e+06
9.923647653818069026e+06
9.923519962846735492e+06
9.922980860358251259e+06
9.922022938337596133e+06
9.920766621409909800e+06
9.919194482029834762e+06
9.917655037133861333e+06
9.916210489602668211e+06
9.915141636147232726e+06
9.914342074589949101e+06
9.914145975399354473e+06
9.914307290184771642e+06
9.914996585566634312e+06
9.915892040353868157e+06
9.917076659232094884e+06
9.917889095821615309e+06
9.919060097504442558e+06
