3.206399800003296882e+07
3.206623470849514753e+07
3.206588627080807835e+07
3.206664251677186042e+07
3.206704517392587289e+07
3.206821345850926265e+07
3.206871768850612640e+07
3.206883753046760708e+07
3.206836682972097769e+07
3.206793903833920136e+07
3.206722802028331906e+07
3.206653050360912830e+07
3.206547770048544556e+07
3.206448678271738812e+07
3.206334730105590448e+07
3.206242957243757322e+07
3.206171693503402174e+07
3.206134545453456789e+07
3.206101735644695535e+07
3.206153803472228721e+07
3.206280582066574320e+07
3.206398970667130500e+07
3.206493015142425150e+07
3.206585083326295018e+07
3.206660877682830393e+07
3.206717268098608032e+07
3.206748472744465619e+07
3.206768771356390789e+07
3.206753034886879846e+07
3.206728749150844663e+07
3.206716048388063535e+07
3.206721083435105160e+07
3.206729084356926754e+07
3.206734540860491991e+07
3.206731882873609662e+07
3.206705486142646894e+07
3.206646601818392053e+07
3.206565345292224735e+07
3.206438708851117641e+07
3.206283264754406363e+07
3.206133858410644531e+07
3.206031565764334425e+07
3.205970709120053425e+07
3.205957650370167941e+07
3.205993339607039467e+07
3.206068793034002557e+07
3.206169462539548054e+07
3.206294522843002900e+07
3.206426745776876062e+07
3.206544759722414240e+07
3.206637787373269349e+07
3.206691180566646904e+07
3.206720911645378545e+07
3.206740098248252645e+07
3.206732709884360805e+07
3.206715884104625136e+07
3.206697435802573338e+07
3.206681320205472782e+07
3.206686256948966160e+07
3.206689783333088085e+07
3.206650994416538626e+07
3.206597307365750521e+07
3.206508424549179897e+07
3.206376559453100339e+07
3.206221878460852802e+07
3.206073520320223272e+07
3.205936953414831683e+07
3.205843291259328648e+07
3.205860193124765530e+07
3.205966922758292779e+07
3.206123178972027823e+07
3.206259799185476825e+07
3.206389098233538866e+07
3.206514225540411100e+07
3.206606813110817596e+07
3.206655532908321545e+07
3.206655551756572723e+07
3.206608705915227905e+07
3.206560574800325185e+07
3.206527989709050953e+07
3.206528966267022491e+07
3.206554651826091111e+07
3.206619495497053117e+07
3.206680493899613619e+07
3.206713733387671039e+07
3.206702354891733453e+07
3.206652992788396403e+07
3.206541597145492956e+07
3.206365407794428617e+07
3.206154608700813353e+07
3.206002855016226321e+07
3.205854637283539772e+07
3.205790984783624113e+07
3.205814435655546561e+07
3.205894136727794260e+07
3.206057329856996983e+07
3.206290793594121188e+07
3.206544601320363581e+07
3.206741636555429175e+07
3.206813466874673218e+07
3.206831051049844921e+07
3.206789728842144459e+07
3.206720119882946089e+07
3.206637216926135123e+07
3.206564990714541078e+07
3.206536942714406922e+07
3.206575602835648879e+07
3.206675585838308185e+07
3.206770670441225171e+07
3.206853629302537441e+07
3.206891336746072024e+07
3.206846483250331879e+07
3.206715051617634296e+07
3.206515802027664706e+07
3.206286445373773202e+07
3.206034890866784751e+07
3.205837979840293527e+07
3.205726533463480696e+07
3.205722791338779032e+07
3.205827938847982883e+07
3.206014388784531131e+07
3.206229847342136130e+07
3.206427367397774383e+07
3.206574294345266372e+07
3.206657144110401720e+07
3.206644717965614051e+07
3.206546805677860975e+07
3.206406004564971104e+07
3.206262867395655438e+07
3.206169870870138332e+07
3.206176840565703437e+07
3.206257517485015839e+07
3.206388352861275896e+07
3.206555962393519282e+07
3.206707760385734960e+07
3.206782074083374441e+07
3.206753755945704877e+07
3.206616263443947583e+07
3.206379980757540837e+07
3.206089292848920077e+07
3.205865657595843822e+07
3.205715151031856984e+07
3.205678566875911132e+07
3.205747271371595189e+07
3.205959489188991860e+07
3.206226961550797150e+07
3.206459102095147595e+07
3.206663788284623995e+07
3.206776595907903835e+07
3.206776517015602067e+07
3.206693964740825817e+07
3.206547163201618940e+07
3.206360954105499759e+07
3.206204317077341676e+07
3.206156051244964078e+07
3.206188414081566036e+07
3.206309230221230164e+07
3.206518928887622803e+07
3.206770895878816023e+07
3.206926618452998623e+07
3.206949333860540017e+07
3.206857807515881583e+07
3.206658399042112008e+07
3.206394474555823952e+07
3.206149049712087959e+07
3.205954889073758572e+07
3.205839287261363119e+07
3.205818045366949588e+07
3.205918594759039953e+07
3.206103168628960848e+07
3.206329050262733176e+07
3.206570524158191681e+07
3.206737159810292721e+07
3.206780181532126293e+07
3.206714802198400348e+07
3.206558143431124464e+07
3.206353009564867988e+07
3.206151087121484056e+07
3.206021513552128896e+07
3.205951998435506225e+07
3.205996929859966785e+07
3.206144093059887737e+07
3.206384873582649603e+07
3.206612659743368626e+07
3.206806663623567298e+07
3.206881208130652830e+07
3.206822439519997686e+07
3.206657430242383853e+07
3.206469306729839742e+07
3.206268020856136829e+07
3.206112026112063229e+07
3.206001331421573460e+07
3.206001929070829600e+07
3.206178085831013694e+07
3.206363451369318366e+07
3.206582970409610495e+07
3.206790993426207826e+07
3.206898242530093715e+07
3.206851347690274566e+07
3.206675669916854426e+07
3.206425535462358966e+07
3.206170336713688448e+07
3.205966028914108127e+07
3.205855499256948009e+07
3.205816753979101777e+07
3.205896806610570475e+07
3.206079371421198174e+07
3.206293288229944184e+07
3.206501913777971268e+07
3.206673330430123582e+07
3.206729976049144939e+07
3.206680955787208676e+07
3.206585719574126974e+07
3.206424531101124734e+07
3.206287373976400122e+07
3.206169955258902162e+07
3.206141481737295538e+07
3.206193109813486785e+07
3.206315669305521622e+07
3.206467868744912744e+07
3.206599003974762559e+07
3.206642945259692147e+07
3.206622598821326718e+07
3.206513292937888950e+07
3.206349410957295448e+07
3.206153371228374168e+07
3.206017298747258261e+07
3.205878979628515989e+07
3.205784193268324807e+07
3.205760078182078898e+07
3.205849312490489334e+07
3.205985991938783228e+07
3.206155037382718176e+07
3.206251472534964979e+07
3.206310251230663061e+07
3.206242325341977179e+07
3.206157030986418575e+07
3.205999857304282859e+07
3.205921741786547750e+07
3.205813274320565164e+07
3.206110090907372907e+07
3.205932525827502832e+07
3.206091165825796872e+07
3.206198849972883984e+07
3.206354270837828889e+07
3.206428041868566349e+07
3.206459619975766167e+07
3.206380467342132702e+07
3.206243462411853671e+07
3.206027612913643196e+07
3.205831956945762783e+07
3.205647057542142272e+07
3.205520417276204377e+07
3.205459745998514071e+07
3.205512782154732570e+07
3.205626166388987377e+07
3.205793692345181480e+07
3.205964920337888971e+07
3.206104208870462328e+07
3.206160860030728579e+07
3.206165643731887266e+07
3.206119772742686793e+07
3.206051063114152476e+07
3.205981833974978328e+07
3.205985451324429736e+07
3.206026474432137236e+07
3.206118561727504805e+07
3.206241462198358029e+07
3.206389792614306137e+07
3.206509144981600717e+07
3.206582912364086136e+07
3.206565579510089755e+07
3.206461831602408737e+07
3.206291017255790904e+07
3.206085028108383343e+07
3.205866317301308736e+07
3.205685633139694855e+07
3.205555319329863414e+07
3.205518045748258382e+07
3.205552057132266834e+07
3.205648556437126547e+07
3.205778205315608531e+07
3.205913350331526995e+07
3.206014226525717601e+07
3.206081963406081125e+07
3.206095442873156443e+07
3.206079889970924333e+07
3.206062336100992933e+07
3.206071199130557850e+07
3.206109969123039395e+07
3.206170469903377444e+07
3.206260285085554048e+07
3.206368591612654179e+07
3.206466669178820401e+07
3.206520192102801055e+07
3.206507544593393803e+07
3.206429440813023224e+07
3.206289537565698475e+07
3.206130317242669687e+07
3.205966566909077391e+07
3.205793956947220489e+07
3.205650965364937112e+07
3.205550212781497836e+07
3.205505551210855693e+07
3.205506730891805887e+07
3.205555747713233903e+07
3.205637345378077030e+07
3.205727651301238686e+07
3.205818265952417254e+07
3.205888349303873628e+07
3.205922190062487870e+07
3.205962959251254424e+07
3.206000241816741973e+07
3.206051713462927565e+07
3.206110971648403630e+07
3.206201919075854868e+07
3.206290884089557081e+07
3.206393853036601469e+07
3.206476436343186349e+07
3.206520803594793752e+07
3.206516898847926036e+07
3.206480108825725317e+07
3.206407912635474280e+07
3.206335794832743332e+07
3.206222889984613657e+07
3.206106500762157515e+07
3.205982867182785645e+07
3.205894725345760584e+07
3.205818199602751061e+07
3.205814725802222267e+07
3.205825452201930806e+07
3.205893912413244694e+07
3.205956602555934340e+07
3.206067737118270248e+07
3.206122754849996045e+07
3.206276632689214870e+07
