8.084793651547961868e+06
8.085852857005955651e+06
8.086184869940340519e+06
8.086556786797915585e+06
8.086733659056749195e+06
8.087069004603743553e+06
8.087373171955310740e+06
8.087572644219567999e+06
8.087607014879753813e+06
8.087528348657054827e+06
8.087223105993579142e+06
8.086494482257550582e+06
8.085469663097276352e+06
8.084506875520611182e+06
8.083309215296806768e+06
8.082129798024825752e+06
8.080967769768043421e+06
8.080044146083443426e+06
8.079435683299887925e+06
8.079392096338354051e+06
8.079895635062523186e+06
8.080836844276131131e+06
8.082020688693049364e+06
8.083442840466390364e+06
8.084764614596710540e+06
8.085908204557185993e+06
8.086584530802342109e+06
8.087039605609730817e+06
8.087241114730692469e+06
8.087110529598889872e+06
8.087031964028057642e+06
8.087018912769838236e+06
8.087041353440198116e+06
8.087144972732798196e+06
8.087342990660350770e+06
8.087244655713687651e+06
8.086784313618422486e+06
8.086172665913030505e+06
8.085163204490510747e+06
8.083742576263454743e+06
8.082126023174837232e+06
8.080562865756486543e+06
8.079290046624813229e+06
8.078574965210553259e+06
8.078524162259385921e+06
8.079147421479895711e+06
8.080378060784398578e+06
8.082099034316086210e+06
8.083865939228524454e+06
8.085581824141290039e+06
8.086743477342014201e+06
8.087334409212643281e+06
8.087532278552290052e+06
8.087263277874279767e+06
8.086787161945358850e+06
8.086342650857393630e+06
8.086095128218567930e+06
8.086230466905763373e+06
8.086727422730513848e+06
8.087175435866878368e+06
8.087405833747750148e+06
8.087336923654838465e+06
8.086855783122814260e+06
8.085700517442833632e+06
8.083947164985929616e+06
8.081903052375214174e+06
8.079822836240942590e+06
8.078236788594374433e+06
8.077413313607111573e+06
8.077474465492064133e+06
8.078446340373390354e+06
8.080175565624353476e+06
8.082385102759926580e+06
8.084541645852787420e+06
8.086233681169459596e+06
8.087220680632302538e+06
8.087614052278915420e+06
8.087333176402097568e+06
8.086628540805340745e+06
8.085830765733006410e+06
8.085231791930085979e+06
8.085066521347965114e+06
8.085519546218270436e+06
8.086410561163406819e+06
8.087250490027185529e+06
8.087929660026476718e+06
8.088121414488175884e+06
8.087442393828633241e+06
8.085958921903611161e+06
8.083735532701817341e+06
8.081258251882907003e+06
8.078947764903723262e+06
8.077264728940414265e+06
8.076612809801134281e+06
8.077083784084039740e+06
8.078512351267645136e+06
8.080748541410593316e+06
8.083256639327929355e+06
8.085376431794014759e+06
8.086970229699873365e+06
8.087766778454222716e+06
8.087583489273574203e+06
8.086673004876684397e+06
8.085510280110607855e+06
8.084349057309961878e+06
8.083752985145497136e+06
8.084079445500114001e+06
8.085045870815068483e+06
8.086312300845478661e+06
8.087776174292332493e+06
8.088854308295932598e+06
8.089040571791389026e+06
8.088184054279667325e+06
8.086245668922511861e+06
8.083674128233406693e+06
8.080832894705145620e+06
8.078474161950878799e+06
8.077017716066748835e+06
8.076642939879651181e+06
8.077535863051024266e+06
8.079539133659322746e+06
8.082113710581553169e+06
8.084586159493561834e+06
8.086688447095943615e+06
8.087829857048678212e+06
8.087848940364958718e+06
8.086930072614542209e+06
8.085473466077630408e+06
8.083822949404726736e+06
8.082548460929851048e+06
8.082203130602142774e+06
8.082880756945822388e+06
8.084265943247998133e+06
8.086086890192290768e+06
8.087974140184517950e+06
8.089188903407964855e+06
8.089270143866401166e+06
8.088018143795466051e+06
8.085829028642414138e+06
8.082941908671298996e+06
8.080118646781312302e+06
8.077950357808112167e+06
8.076817856817942113e+06
8.076983864271307364e+06
8.078510180664190091e+06
8.080924497911062092e+06
8.083538226849953644e+06
8.085951616810473613e+06
8.087580030268847942e+06
8.088068445460782386e+06
8.087348296240895987e+06
8.085784397522137500e+06
8.083796851463921368e+06
8.081915387902196497e+06
8.080886743228526786e+06
8.080891329623906873e+06
8.081867540132761933e+06
8.083800624657455832e+06
8.086233498028692789e+06
8.088267983560353518e+06
8.089417378803129308e+06
8.089267292739900760e+06
8.087880670708350837e+06
8.085523260390190408e+06
8.082771694229571149e+06
8.080213975278062746e+06
8.078440471476748586e+06
8.077848489623315632e+06
8.078682045726041310e+06
8.080564131686318666e+06
8.082921696362150833e+06
8.085440033376694657e+06
8.087493548024687916e+06
8.088495553768086247e+06
8.088107010278643109e+06
8.086762678183006123e+06
8.084645805452289991e+06
8.082218910599478520e+06
8.080409333385195583e+06
8.079546478247650899e+06
8.079825378909724765e+06
8.081326015030337498e+06
8.083770783654384315e+06
8.086316341884361580e+06
8.088300865530581214e+06
8.089274501153489575e+06
8.089025067226300947e+06
8.087568263113306835e+06
8.085337895966569893e+06
8.082895269071585499e+06
8.080824105257083662e+06
8.079683345529942773e+06
8.080341879944894463e+06
8.081013924038108438e+06
8.083114568750796840e+06
8.085522038123521954e+06
8.087691485306721181e+06
8.088913885203334503e+06
8.088994197361305356e+06
8.087963366116841324e+06
8.085925621808945201e+06
8.083305444663667120e+06
8.080899374936680309e+06
8.079182686671046540e+06
8.078561364023625851e+06
8.079251110428336076e+06
8.081188193120428361e+06
8.083647700073731132e+06
8.086078365726476535e+06
8.087858930043628439e+06
8.088609616901098751e+06
8.088016953542649746e+06
8.086661298651186749e+06
8.084847401121996343e+06
8.082936010287230834e+06
8.081563924011555500e+06
8.081193171148750000e+06
8.081784882447293028e+06
8.083338051122169942e+06
8.085337199681177735e+06
8.087378993709910661e+06
8.088882497009270824e+06
8.089419127205641940e+06
8.088748954373158514e+06
8.087084919338649139e+06
8.084556881301282905e+06
8.081897450746242888e+06
8.079644382839129306e+06
8.078183154560998082e+06
8.077836752040356398e+06
8.078949229646438733e+06
8.080923671943750232e+06
8.083211296627174132e+06
8.085304209172614850e+06
8.086820221557726152e+06
8.087280518265286461e+06
8.087038906408921815e+06
8.085888833898027427e+06
8.084657868322478607e+06
8.083297899765942246e+06
8.083716719988388941e+06
8.082945103702577762e+06
8.084228605003668927e+06
8.085621856949603185e+06
8.087602513979783282e+06
8.089053328801346011e+06
8.089897225811940618e+06
8.089700129598012194e+06
8.088459381980186328e+06
8.086211391778361984e+06
8.083784487935208715e+06
8.081432827915573493e+06
8.079408744865456596e+06
8.078280708637076430e+06
8.078382426780065522e+06
8.079426465725162998e+06
8.081142298970721662e+06
8.082994547047010623e+06
8.084793823480777442e+06
8.085934619717129506e+06
8.086260542024599388e+06
8.085999223288828507e+06
8.085319628546445630e+06
8.084531097103925422e+06
8.084165257359911688e+06
8.084273695685468614e+06
8.084908994444325566e+06
8.086051312541327439e+06
8.087511186714096926e+06
8.088837967558616772e+06
8.089798745798463002e+06
8.089940244890473783e+06
8.089132575047688559e+06
8.087539336492182687e+06
8.085498059299357235e+06
8.083229727731137536e+06
8.081082276523924433e+06
8.079500709907014854e+06
8.078789454958999529e+06
8.078997189594389871e+06
8.079918284582876600e+06
8.081138134131391533e+06
8.082580361453505233e+06
8.083878781893185340e+06
8.084836186627064832e+06
8.085246296379867010e+06
8.085264780308169313e+06
8.085080929330504499e+06
8.085084661255040206e+06
8.085350371072082780e+06
8.085736615699331276e+06
8.086505876956693828e+06
8.087555685325959697e+06
8.088635403957342729e+06
8.089448116181011312e+06
8.089800303633256815e+06
8.089409061395871453e+06
8.088385053542884998e+06
8.086829025822332129e+06
8.085136893878379837e+06
8.083241096690537408e+06
8.081504933245792985e+06
8.080304485671742819e+06
8.079655178744496778e+06
8.079461183180809021e+06
8.079911658835059963e+06
8.080700636839847080e+06
8.081713593824269250e+06
8.082821643620168790e+06
8.083743761721128598e+06
8.084334649034351110e+06
8.084779466073902324e+06
8.085202863385499455e+06
8.085660120181361213e+06
8.086050033543920144e+06
8.086523076819702983e+06
8.087102644395510666e+06
8.087808339126197621e+06
8.088383560259191319e+06
8.088703790187843144e+06
8.088639272345582955e+06
8.088246485985619947e+06
8.087476074993036687e+06
8.086416409203522839e+06
8.085044211313440464e+06
8.083605028986828402e+06
8.082145478760634549e+06
8.080950064240776002e+06
8.080010027796826325e+06
8.079614588286752813e+06
8.079533693350562826e+06
8.080046510623291135e+06
8.080705342285165563e+06
8.081870039868143387e+06
8.082766455017239787e+06
8.084104276640565135e+06
