7.133739925873322785e+07
7.133832066733923554e+07
7.133866101965548098e+07
7.133899604356409609e+07
7.133923692588299513e+07
7.133960899235729873e+07
7.133990938642992079e+07
7.134021752293336391e+07
7.134046886482675374e+07
7.134055792572291195e+07
7.134042073183058202e+07
7.133998772817316651e+07
7.133941069829976559e+07
7.133878087550655007e+07
7.133789613664957881e+07
7.133702901820586622e+07
7.133603381484195590e+07
7.133494798880161345e+07
7.133390870301145315e+07
7.133319926821152866e+07
7.133283760454829037e+07
7.133296664337407053e+07
7.133350171169491112e+07
7.133440740143772960e+07
7.133555538196960092e+07
7.133679162540787458e+07
7.133774095694887638e+07
7.133845647767204046e+07
7.133892700404639542e+07
7.133912006538078189e+07
7.133922022064062953e+07
7.133941099368780851e+07
7.133967880436858535e+07
7.133999334974989295e+07
7.134034680969026685e+07
7.134060297698387504e+07
7.134070144707001746e+07
7.134062309404827654e+07
7.134032054815638065e+07
7.133975746960811317e+07
7.133888965888422728e+07
7.133780045382811129e+07
7.133667792144687474e+07
7.133569785958132148e+07
7.133496665807592869e+07
7.133501405940192938e+07
7.133617844684153795e+07
7.133808579461809993e+07
7.134032435676506162e+07
7.134305681428967416e+07
7.134565271103478968e+07
7.134776336173523962e+07
7.134886070978862047e+07
7.134864107387702167e+07
7.134808138802742958e+07
7.134766310256142914e+07
7.134755642977176607e+07
7.134767799557989836e+07
7.134789858355200291e+07
7.134818263277320564e+07
7.134871687034723163e+07
7.134950991628681123e+07
7.135017827998614311e+07
7.135033262309195101e+07
7.134965195623803139e+07
7.134790655263343453e+07
7.134567508609813452e+07
7.134369042094986141e+07
7.134226687812688947e+07
7.134180539709246159e+07
7.134235449356293678e+07
7.134316494754147530e+07
7.134412729527011514e+07
7.134512685097248852e+07
7.134589830231755972e+07
7.134643941129893064e+07
7.134685916270343959e+07
7.134695512061449885e+07
7.134678495455020666e+07
7.134664750293491781e+07
7.134650255442754924e+07
7.134653131502118707e+07
7.134696411793442070e+07
7.134799412392574549e+07
7.134942097590047121e+07
7.135100761703905463e+07
7.135249808823037148e+07
7.135324356864996254e+07
7.135308007406035066e+07
7.135194173033590615e+07
7.134996369511960447e+07
7.134734311473904550e+07
7.134454829070074856e+07
7.134238337519758940e+07
7.134114828304374218e+07
7.134060741185340285e+07
7.134094533986853063e+07
7.134190617754319310e+07
7.134313962025140226e+07
7.134438910248975456e+07
7.134521975176090002e+07
7.134543205976575613e+07
7.134516767915053666e+07
7.134467616352032125e+07
7.134397834671606123e+07
7.134348895885767043e+07
7.134367003573615849e+07
7.134453497942155600e+07
7.134585343432548642e+07
7.134720989125478268e+07
7.134830045578877628e+07
7.134877063282509148e+07
7.134837708068786561e+07
7.134697096442227066e+07
7.134474401904650033e+07
7.134201092315775156e+07
7.133926994868545234e+07
7.133703517974781990e+07
7.133562117855040729e+07
7.133530210920560360e+07
7.133599540563023090e+07
7.133753019696296751e+07
7.133946724748107791e+07
7.134134840666466951e+07
7.134278724610924721e+07
7.134328973535707593e+07
7.134278873796680570e+07
7.134153022033065557e+07
7.134005461754710972e+07
7.133889707832732797e+07
7.133874628501582146e+07
7.133970040622293949e+07
7.134166968166701496e+07
7.134425463587400317e+07
7.134681614858144522e+07
7.134887452355781198e+07
7.134984249790886045e+07
7.134933512085385621e+07
7.134752152066752315e+07
7.134505764056812227e+07
7.134230803984177113e+07
7.133955492475382984e+07
7.133762388399116695e+07
7.133661516617020965e+07
7.133660035320243239e+07
7.133750419522614777e+07
7.133898167010280490e+07
7.134062965276029706e+07
7.134209622297371924e+07
7.134293822708925605e+07
7.134290407559448481e+07
7.134230147213762999e+07
7.134158386388169229e+07
7.134100665238863230e+07
7.134078404453113675e+07
7.134083957138365507e+07
7.134127156442934275e+07
7.134216762392419577e+07
7.134351129105047882e+07
7.134486388814510405e+07
7.134593222538258135e+07
7.134630989081034064e+07
7.134604115506492555e+07
7.134517661575260758e+07
7.134403210404725373e+07
7.134256955565540493e+07
7.134091261579780281e+07
7.133964265812185407e+07
7.133909856121586263e+07
7.133939028881923854e+07
7.134050181756514311e+07
7.134216131402626634e+07
7.134376417271469533e+07
7.134478254496793449e+07
7.134474381905744970e+07
7.134377305724586546e+07
7.134212181762754917e+07
7.134006998680715263e+07
7.133823348229768872e+07
7.133711618581539392e+07
7.133703055578432977e+07
7.133809303225326538e+07
7.134016734165468812e+07
7.134268275876934826e+07
7.134509647072227299e+07
7.134680374852813780e+07
7.134728733012470603e+07
7.134639449515058100e+07
7.134444048191104829e+07
7.134198718726257980e+07
7.133954024928227067e+07
7.133751934964123368e+07
7.133629075415313244e+07
7.133635775866208971e+07
7.133728548325227201e+07
7.133890751490992308e+07
7.134061131012627482e+07
7.134201807240206003e+07
7.134254377418917418e+07
7.134233538417731225e+07
7.134138570274592936e+07
7.134005284084384143e+07
7.133893900417277217e+07
7.133775658624935150e+07
7.133692418721011281e+07
7.133695238880716264e+07
7.133806594856290519e+07
7.133980699747502804e+07
7.134187759147886932e+07
7.134360556670829654e+07
7.134473840742452443e+07
7.134497214135149121e+07
7.134436107854993641e+07
7.134318474172417819e+07
7.134172498748371005e+07
7.134038409818294644e+07
7.133939883314254880e+07
7.133915222586445510e+07
7.133964177000385523e+07
7.134049458218668401e+07
7.134166927808116376e+07
7.134268913322673738e+07
7.134323192891681194e+07
7.134298221144784987e+07
7.134213791939285398e+07
7.134065578683853149e+07
7.133902421318610013e+07
7.133731437964913249e+07
7.133581250763793290e+07
7.133486662017312646e+07
7.133485781788296998e+07
7.133543660382869840e+07
7.133643311394441128e+07
7.133770031100723147e+07
7.133888889027516544e+07
7.133953410862784088e+07
7.133970203997646272e+07
7.133908292985025048e+07
7.133825803611420095e+07
7.133705491505815089e+07
7.133930101995007694e+07
7.133579756065781415e+07
7.133710109352146089e+07
7.133773215498422086e+07
7.133948384058150649e+07
7.134062876163324714e+07
7.134196031604747474e+07
7.134231761696116626e+07
7.134220407149149477e+07
7.134104406363320351e+07
7.133990397894187272e+07
7.133835965297868848e+07
7.133696574227216840e+07
7.133549430025263131e+07
7.133469188026835024e+07
7.133436749788831174e+07
7.133469700933316350e+07
7.133530194800870121e+07
7.133620642660495639e+07
7.133679669204106927e+07
7.133731119417811930e+07
7.133739197667202353e+07
7.133713995296525955e+07
7.133664818548914790e+07
7.133630723573634028e+07
7.133620036676143110e+07
7.133660154631690681e+07
7.133740498793400824e+07
7.133865271773758531e+07
7.134005239736413956e+07
7.134124027104970813e+07
7.134187978782512248e+07
7.134203329152908921e+07
7.134164873977304995e+07
7.134092093359893560e+07
7.133985205666215718e+07
7.133871756668433547e+07
7.133780954409222305e+07
7.133729342716178298e+07
7.133706578657300770e+07
7.133714013220384717e+07
7.133744293914677203e+07
7.133796415388010442e+07
7.133856773858498037e+07
7.133908980727572739e+07
7.133934731144985557e+07
7.133947028947664797e+07
7.133951766314479709e+07
7.133979911744321883e+07
7.134023862945578992e+07
7.134065704587160051e+07
7.134153543872500956e+07
7.134281398457467556e+07
7.134421599519990385e+07
7.134557390058994293e+07
7.134649188233105838e+07
7.134675756845754385e+07
7.134643052213622630e+07
7.134572372278875113e+07
7.134477734158246219e+07
7.134373737975256145e+07
7.134284664354364574e+07
7.134193202605928481e+07
7.134111026527735591e+07
7.134027526826989651e+07
7.133974538308635354e+07
7.133931949806401134e+07
7.133935643431785703e+07
7.133952007169017196e+07
7.133976573242546618e+07
7.134008047626569867e+07
7.134052803072541952e+07
7.134100354440245032e+07
7.134164694193910062e+07
7.134221089292635024e+07
7.134283245837865770e+07
7.134347428522317111e+07
7.134441021717479825e+07
7.134512172677817941e+07
7.134571155669388175e+07
7.134598361395418644e+07
7.134624635279428959e+07
7.134618965699404478e+07
7.134607295317217708e+07
7.134552426550611854e+07
7.134491764228585362e+07
7.134393403201030195e+07
7.134325892200949788e+07
7.134261850192975998e+07
7.134231412217921019e+07
7.134153866877304018e+07
7.134137330574443936e+07
7.134106380587603152e+07
7.134158175135411322e+07
7.134137959177997708e+07
7.134251983283713460e+07
