1.052532862235585973e+07
1.052631676985933445e+07
1.052658819074724615e+07
1.052695797810487263e+07
1.052702024003323913e+07
1.052754523885031976e+07
1.052781941452328488e+07
1.052799431464249268e+07
1.052798289312235452e+07
1.052781489944748394e+07
1.052733612370348349e+07
1.052664222658359259e+07
1.052533217237886414e+07
1.052418697891928256e+07
1.052305053447848745e+07
1.052171885784357227e+07
1.052076391526861116e+07
1.052001311128620617e+07
1.051958176785903238e+07
1.051981452134158835e+07
1.052065434635837562e+07
1.052167529804796912e+07
1.052293549435372464e+07
1.052430632948057540e+07
1.052563998405640386e+07
1.052661009280355461e+07
1.052714592023245990e+07
1.052750389046666771e+07
1.052758527305750363e+07
1.052744359033778310e+07
1.052743542328861170e+07
1.052749897864140384e+07
1.052754510145731643e+07
1.052771413091438636e+07
1.052789004038566910e+07
1.052763341351114213e+07
1.052693186044083163e+07
1.052607914806094207e+07
1.052495225030888058e+07
1.052340242415723018e+07
1.052173372073713131e+07
1.052028923894219287e+07
1.051925111533433013e+07
1.051869625970590860e+07
1.051909337459962443e+07
1.051996349302853271e+07
1.052126784257684089e+07
1.052319605708256364e+07
1.052499034875531308e+07
1.052629989875395223e+07
1.052747798861037940e+07
1.052786226951207221e+07
1.052767249623380229e+07
1.052748971341199242e+07
1.052692314939245209e+07
1.052654287384529971e+07
1.052660327254229970e+07
1.052672568156330474e+07
1.052729666898075119e+07
1.052793197439168766e+07
1.052783794182830490e+07
1.052746263213056885e+07
1.052683786109483056e+07
1.052530455075758509e+07
1.052344084267975204e+07
1.052133950130739622e+07
1.051930778144215979e+07
1.051802491227633134e+07
1.051769632563967817e+07
1.051800240841226652e+07
1.051933311812105216e+07
1.052131586065830290e+07
1.052361738776086830e+07
1.052566098629743606e+07
1.052694230435428396e+07
1.052783419338786043e+07
1.052792992155655660e+07
1.052740070811158791e+07
1.052661444821393862e+07
1.052581297916478291e+07
1.052541933040016331e+07
1.052544518076449819e+07
1.052609667503798753e+07
1.052705365816234797e+07
1.052791611949746311e+07
1.052823658931844868e+07
1.052808759244979545e+07
1.052713465782796033e+07
1.052531484979518317e+07
1.052289389345771447e+07
1.052039769125992619e+07
1.051817838001904637e+07
1.051696089137235284e+07
1.051683760172124766e+07
1.051751115954504907e+07
1.051933392003867961e+07
1.052183929757681862e+07
1.052426945667949878e+07
1.052613838098429516e+07
1.052734179094691947e+07
1.052785949884404615e+07
1.052739901047460735e+07
1.052633736359430477e+07
1.052508243503139541e+07
1.052412401348133199e+07
1.052386609808104485e+07
1.052447261439946480e+07
1.052561788970917836e+07
1.052699994511380792e+07
1.052831889943266474e+07
1.052915663658408821e+07
1.052889445806721598e+07
1.052755473594051600e+07
1.052540999254377931e+07
1.052261619157836400e+07
1.051977484560354427e+07
1.051782752764697187e+07
1.051688865181681514e+07
1.051698072961368226e+07
1.051825273847649805e+07
1.052065013934352621e+07
1.052328943276014738e+07
1.052570349287846312e+07
1.052741305650770664e+07
1.052826307853258215e+07
1.052785249220143631e+07
1.052680485192945972e+07
1.052511569723908044e+07
1.052355754125640355e+07
1.052263195438597165e+07
1.052277476323633827e+07
1.052375988507955149e+07
1.052536968944142200e+07
1.052728469828500785e+07
1.052903820448734798e+07
1.052992917376838066e+07
1.052934497075237148e+07
1.052773147980852611e+07
1.052519630845627189e+07
1.052213626104639657e+07
1.051944812208117917e+07
1.051783209364997596e+07
1.051716766253321245e+07
1.051779374362627603e+07
1.051978937665924616e+07
1.052239051936503127e+07
1.052502961844334006e+07
1.052709973849575408e+07
1.052827831401009485e+07
1.052817497030683979e+07
1.052722972855831310e+07
1.052544879261922278e+07
1.052332919792154804e+07
1.052166302760783024e+07
1.052119855645368807e+07
1.052167710224178806e+07
1.052287052964873053e+07
1.052503667805268802e+07
1.052763019791657291e+07
1.052944623962910473e+07
1.052993254594857991e+07
1.052932312078040279e+07
1.052742925487971865e+07
1.052481788600735553e+07
1.052202452455779165e+07
1.051967582174867578e+07
1.051854436944329925e+07
1.051839351781871170e+07
1.051973260670714639e+07
1.052200419373370707e+07
1.052441041459895670e+07
1.052693447073846869e+07
1.052868142145399936e+07
1.052882000723607093e+07
1.052812625915807486e+07
1.052645546974390745e+07
1.052397116200419515e+07
1.052173789952063002e+07
1.052031943922238611e+07
1.052000295099738427e+07
1.052078430725458078e+07
1.052251737199624814e+07
1.052515682711172849e+07
1.052774935677457415e+07
1.052937104665691964e+07
1.052970686234468780e+07
1.052892854289144836e+07
1.052709927294437960e+07
1.052468235288577527e+07
1.052231839192331210e+07
1.052041572591791488e+07
1.051993050623185188e+07
1.052109401393405534e+07
1.052215334742592648e+07
1.052448522975733131e+07
1.052693666131276451e+07
1.052885209094630368e+07
1.052950138080010004e+07
1.052900637057598867e+07
1.052738680016687885e+07
1.052528249025352485e+07
1.052246487645144202e+07
1.052017465875362232e+07
1.051911837166148424e+07
1.051899029301735573e+07
1.051997424775030091e+07
1.052237744561051950e+07
1.052496979434216768e+07
1.052737505818061158e+07
1.052888607743963972e+07
1.052882155965505168e+07
1.052775847905357182e+07
1.052624452119841054e+07
1.052438842868143879e+07
1.052243232244443707e+07
1.052140065900109150e+07
1.052166243949709274e+07
1.052280751197648793e+07
1.052454693821117841e+07
1.052653613549852371e+07
1.052870292616164684e+07
1.052973056869601272e+07
1.052970626902707107e+07
1.052846846089479886e+07
1.052642124744997546e+07
1.052375931179435551e+07
1.052120910159615427e+07
1.051910346528785676e+07
1.051816961290838383e+07
1.051847908192797005e+07
1.051987225038327836e+07
1.052213007552695833e+07
1.052455191660061292e+07
1.052661179071395658e+07
1.052779502334780805e+07
1.052767337188853510e+07
1.052695586314856820e+07
1.052582493467886746e+07
1.052441363815969601e+07
1.052299288332555443e+07
1.052417896595105156e+07
1.052356715989252552e+07
1.052518181294034794e+07
1.052669482984915935e+07
1.052865262706006691e+07
1.053005013755047694e+07
1.053064631318878569e+07
1.052964526786037162e+07
1.052801969433540665e+07
1.052545605598965473e+07
1.052296251120639406e+07
1.052066896810383163e+07
1.051892301915836520e+07
1.051830747505914979e+07
1.051901583315295167e+07
1.052026879873348586e+07
1.052219879347155988e+07
1.052434554224759713e+07
1.052597002794071659e+07
1.052673721065403707e+07
1.052661789195382781e+07
1.052618923239655793e+07
1.052542045130004175e+07
1.052439408088815585e+07
1.052422556487527117e+07
1.052489964091457613e+07
1.052567832383084670e+07
1.052702362243860401e+07
1.052848082673472352e+07
1.052969944827459380e+07
1.053069020867042057e+07
1.053041677711375616e+07
1.052893416709528863e+07
1.052714707794238254e+07
1.052495312543071248e+07
1.052259462461210787e+07
1.052050052918914147e+07
1.051901672128027491e+07
1.051876174494815059e+07
1.051944541265455820e+07
1.052039222657850571e+07
1.052183450086260401e+07
1.052345974931131676e+07
1.052466807845956273e+07
1.052536355383016355e+07
1.052557258004071191e+07
1.052524419997257367e+07
1.052514409165606275e+07
1.052507452196592651e+07
1.052531068903063424e+07
1.052600545752594806e+07
1.052682845499880239e+07
1.052793168216792680e+07
1.052897993527526781e+07
1.052976199058790505e+07
1.052992341576135345e+07
1.052929403442742862e+07
1.052777135064521059e+07
1.052612583731712960e+07
1.052439061194657162e+07
1.052238472882758640e+07
1.052062171474579535e+07
1.051970496277411468e+07
1.051934478285158798e+07
1.051943041988811269e+07
1.052015899069518410e+07
1.052108142375580780e+07
1.052226038701840863e+07
1.052341572694335319e+07
1.052425486530639790e+07
1.052455577878802828e+07
1.052497187895936146e+07
1.052543586860068701e+07
1.052577121894340217e+07
1.052617997071558051e+07
1.052680476503687911e+07
1.052745056082166731e+07
1.052817209295924008e+07
1.052885369572595693e+07
1.052905373700893857e+07
1.052892602779446729e+07
1.052834083252966218e+07
1.052731765790584870e+07
1.052606436037810706e+07
1.052450169295295887e+07
1.052293486777772382e+07
1.052150239519666694e+07
1.052047278281965666e+07
1.051963780280180462e+07
1.051953166939281113e+07
1.051968794203973748e+07
1.052042677692282200e+07
1.052142141524375789e+07
1.052262650723336823e+07
1.052336518959898688e+07
1.052459730277961120e+07
